736166324028768256
471859605
3226537523
1048295388
729214200925532160
779336944916504576
2182969790
144581129
4083383747
715121732110172160
4376544262
18616891
2597512767
402174719
2942061736
69001608
110414714
800867623177228288
178364302
361808481
533959367
462876561
737691796701097985
65335565
810289994
3152228475
989351852
767831797853982721
562805089
3904145790
1179157244
330252561
1946489059
422340734
853635661
194972957
703708224168599552
1370769932
4067206084
1540142966
472966889
3143883839
2333765223
580232599
925089097
403505287
927409196
421952674
272317881
976598371
735778354280861696
1330126752
3906213625
75538541
40131385
580789807
440691898
782809034
2761804163
764525968623071236
773200264635490304
788748356185120768
2982641339
1015392134
3356485570
439907411
529639829
1885715875
499128183
3200053252
406153137
868298592
66651754
2231871937
180317088
1262157433
2609229876
266008962
1307016348
283636579
773602742
2150969605
582973156
3433378229
724548091400097793
3427709602
292417838
137642246
802346387056848896
788472799803367428
463591267
462701585
962311958
799999773818363905
794538327085084672
168163906
1583518345
801730510930214912
4060804359
2256151688
1256727248
184881757
121368445
1206184754
3377428947
133461180
1206011900
282025038
552318105
3228521201
801499650222129153
277259401
3398394214
1146115483
462882815
471328170
2328166991
958322611
328472277
735192087298117632
336555320
3524549843
3140224961
63732939
1249982101
1344746178
474657743
100610543
936533587
701812518495330306
722130030
3426670696
246976552
3109897131
306064701
709479074029240320
606622217
2816690467
536142648
2801667790
1114098782
2403776046
795374988849270786
1562752760
85136516
268850788
978137395
757950065466015744
729277064147275776
1065254220
392962936
394598844
700657780944871424
397199507
979960242
2927551738
731072461081595904
419743304
4186758514
1034417863
529367193
2922636723
402200260
777025956078813184
1079858408
767772101503836161
3312303309
424385301
186221116
371749840
1051114320
489437535
600638391
778559501213560832
588238264
532163319
3555797841
736896977749839872
791724313552547849
191488665
246772500
55333479
3978799463
802239899017613312
716735185409155076
411001193
997982544
314540853
966932797
717761771226968066
754593317313216512
1623140270
777067584327917568
419396501
989346433
3300691827
397593095
972804156
632400257
282240212
786172092827914240
193373862
51232175
139765259
169641907
1492549380
430200691
2648038336
1374076440
851602604
877434170
4868432043
1244749964
986645120
1318601540
892912476
767813014309535744
865163786
81230879
1518874812
704418409723904001
2333071543
2767422555
967615364
2331718804
3405634973
1613434417
343239720
307312384
1415231497
582622919
1709866242
76622281
770279483609849856
3053723635
514899678
799611304101167104
3244676116
50361109
2250752450
589286587
1492509740
754269659998855168
544660124
173239993
147543162
2157645801
2653454464
403051679
1481960144
1259430840
500835651
3000604564
590296051
1184584854
78262716
2318573988
3393519423
2965000805
721947462823501825
3081135833
2427072883
2247573164
291624735
426908100
3294901019
50606585
703327398859816960
1331086867
713444119662698497
488234925
507697095
2231561825
4536659542
3115905790
293484907
917243564
2243105962
2979050746
745916794100125696
591323175
1171488392
783059860007026688
772074670208221184
542712608
710044495748927488
268855149
617404862
2962772146
724630872964665344
300226654
4414211859
790584598816256000
1495539583
432918462
388346603
36991673
1908263497
272382855
1139871650
797840909626998788
186977143
2333745212
4449871396
926290832
303903928
2615395379
1328976937
2192271144
1327701390
3290975685
789980429155721217
9017032
521766551
789223163305615360
370223450
899385834
712713408806842368
328060514
4182142288
3315326793
2319051527
472287812
118339229
2391603191
776421220451512320
464045620
1354142214
1230470216
310845038
783023868378279940
371781632
364189418
154896410
801841062763491328
1219977643
22842432
1455497731
2167468704
767783947220713472
1205594306
83912604
314623392
481929883
1059984817
614101601
892954382
2436510070
377318801
216308253
54209383
789104165167529984
3326316339
22005584
2517301839
254969508
2282008813
541752926
2319748337
296509808
442817553
3309946937
218641201
777828215922581504
4702970784
793787252040142848
499227001
417101186
709389043
258322414
1065387764
2757116931
2658993140
44098068
1196533130
753917773483479040
2490104707
732640909544853504
1168974246
2878366108
81809541
430033435
364452450
731920891735605248
95713923
2212485620
2386642032
2361360169
2259459451
385571810
555223117
783266769293180928
414185837
801821718537007104
577023890
794092015634051073
2210084110
16087705
2322290576
1717274785
976455469
3128854252
2865546393
1911974670
780828728230195200
27992407
4824798082
801974236315340805
327862293
289042874
4133217027
732661771836755968
1318670960
241602781
4833429358
801457403808088064
771607371936215041
513481122
2881013986
1269539851
2984198033
1000188997
1667419908
2273700867
759346461758939136
889396670
2182403667
2482894143
415474316
3402412755
1397232085
965068518
52035837
118053242
852980726
1361815838
427377125
2592758547
612883421
2634843893
2319542538
216281928
485762114
2987441667
885184754
479942012
1681073648
318575239
737327544077287426
1542761893
70969814
2651374166
1642789244
1028897996
3336455937
433207635
422665114
1848219511
1434038420
787009091373850625
343295926
762934873057292288
2325244646
4613838695
3716883675
977896784
797079230475542528
2585808948
337185218
1040976385
401650330
585968039
768898726895185920
488533911
369749865
168976687
2340110677
369728921
1116753012
1013093844
428032196
2424020059
4038670067
600485803
793504466007973889
790249160779919361
800750620818800640
2830250113
306633266
1093512139
416165363
69623968
1254914232
225105585
1074801517
802411959652151296
716326404707713024
776720803945652224
461978652
2315044228
350469171
731252371226042369
1222637010
1246808533
1190111017
281535434
80200885
2348140042
706097800040357889
1373138137
1870641289
244869589
764395460
123235814
2970014416
468295758
1930484058
320840015
776082811849695232
1071485604
1928371358
786571157411540992
1164336541
751725458631327744
3321167483
1045369358
1017039686
311904025
1379254362
776003975921401862
554336117
484765823
512664948
2872452713
344941448
766066296618414081
740973386499825664
431901295
142204068
2691410693
784031287749271552
419181815
717319878542245888
718337999474401280
592246362
2853912412
953887928
1084193910
1953729241
1615176902
705813420973621248
183158267
207070244
435700257
535318339
1120077589
417962415
831981618
721539847790465024
2341083257
877816116
2359496138
370074545
632742781
200146354
1037335069
778703906356330496
541527026
3256585139
327316481
3129266409
201744608
3036352179
712638482569625600
721885819020173312
3143810488
794906422320447488
710151580406976513
2976535643
3226558563
304598010
545384133
54199374
3243909749
57060570
2777724153
3254334755
562901844
4174159642
2328765859
502195018
4706663313
3326844719
2481684443
421406745
4245105094
312538069
452913812
2484591623
1105944535
2346899992
2410911599
15491749
548221028
740562673566396416
1482397633
37754520
712749671031169024
3245894853
748252291959037952
489562627
2891879969
1229121186
281457720
271025245
2838223366
396637085
285076894
390259533
429700379
2361059236
1112122506
1927224049
410557390
104239528
303404949
2296153657
787781541967585285
1238102628
3559735215
2798056604
2644998883
1064261450
67746303
2821366407
2351775654
45401932
235615214
339672122
3621950242
2819864679
1055382594
413943853
1341462944
66739125
1307992418
1618316666
737715899554226176
4184747841
970964743
1157043744
432778390
556818121
3019669299
3361208621
785560131954216960
789073047034757120
395548966
784010813149413376
1095109520
474002963
616332565
2640207038
799682512301633536
405012683
418918882
503452485
776144281
245685864
2322947462
706566447397523456
554501351
4204163673
192629620
91100134
426178907
189801758
520275529
787240822223802368
800959920132780032
357074444
442225392
181469929
18721974
151106698
487816917
2784347102
559883501
392626820
426094795
452985926
1911991346
888531398
2978007322
600136789
2149778921
802059051064561664
516478855
832236301
383321642
3385105642
400600868
3291498945
151597193
1871088685
128151527
1274882076
798086349316378624
714896919349346304
717452216840429569
2995540995
167566334
2327584543
362093487
788796021153337344
3043999375
777093032348946432
550588728
580931348
274682737
385923471
961283478
3381931395
29161948
3123284926
404951630
2290581567
141896036
2467357784
23460272
721195374812250112
703875686218522624
3026776164
193786720
4850657711
14900051
192165373
3001665089
328715454
126883491
2937209879
440129638
161044379
890802684
1044932990
529431381
416466936
970504938
1105814539
420627699
2795303411
796032241323347968
539997390
802621800471547904
324046456
2704662807
716911634871160832
2716446892
3199220876
759734861586325505
4642395077
271468279
435153058
198270417
105032281
925999238
802824171755597824
487722575
134554873
1699586232
408681712
712020146282307584
562440912
2995618624
482937083
4570489414
234920295
775301877512675328
553392203
1171310611
1025012509
1099059128
1712830392
2540480404
427209531
318371821
799754734315782144
1028662526
2229696720
589407736
793414057223135232
700841898
3291544978
4928491697
991984152
280242927
408021280
138616135
3289975816
490602212
451003130
753901145366626304
1070911692
1038941972
191490413
96319859
1523391000
1637833237
1420323073
2923701220
74693664
278743750
1429966902
753706268024565760
130114950
730811617
9940892
490733693
466383201
772151913567625216
836271002
2376140579
701513839989358592
752968181661261825
14788200
431716082
955582345
193363972
297946868
544700808
3243937305
1035803582
1673265012
405170821
118740741
786273506849853440
790899021435002880
723033640544907264
245924561
65733768
2867411482
3339999905
303217957
481457729
2283623906
2366082457
2322998168
978557845
1298570959
802183609822146560
462427721
2283780786
401438300
2872011039
2312169774
130537001
3063216130
778717606085734404
340972113
22659500
438222914
27076736
2436608759
775294620259483648
313428390
110218135
254233000
776867281880178688
4866822466
278984976
723094218734862336
574185238
161428463
3055322696
575630130
290669539
431928052
1278185288
616142012
444063000
382034832
532222780
715597025404968960
123712076
2776380137
2476119007
3165917453
1580557566
284519305
2322216944
751595845
2352343378
849195252
706570552031444992
46791559
2295417636
139743146
29960852
482969926
717393342686961664
3064824634
939204590
70904144
2420586324
715083557581033472
99702635
4612811716
463489461
743437317130575874
1002437894
4299066556
3119071163
1960868090
3053183649
2501851306
762618011144577024
2559910725
775636532
133998087
1365378122
1927387476
733330743800258560
458632561
3297456253
408780630
759292043973758976
300798803
567278450
2650582614
387198659
1499227555
2164608279
740204367400337408
756085177709916161
233546601
2530670296
3019629387
767698418869428227
862986014
485546674
2959917485
1472353806
3328977022
1978729974
2221404476
1058200926
2361666815
504661653
4889757933
726150285870157824
2845018504
469447619
72541442
2933917370
484850334
3247838446
1372461787
424997954
170019149
4184406562
2208172767
51167606
17288700
428897370
1857528240
28080443
20430345
140133595
4806536835
2999932538
390753281
1291536336
703596145411563524
376871430
453405593
2812859778
1228542182
2901728910
14420623
1332423037
792675932414803968
97502899
3024022989
2509854823
759853330692616193
76596562
3435357142
861332947
331525693
207122050
1539407683
2970225064
370639956
2675322447
745025263679963137
95647096
461088423
39975495
1464788840
4288578639
1024976264
3231787383
45400255
124236178
794263031450632192
3791205203
1579008720
1186603358
2217674274
2583202660
63126601
17757501
981832592
2495549258
746974202243256320
2822423930
2269002804
753265543633899520
3471387317
3226713256
1034897761
535496510
596242494
16145985
1313490145
2365011298
237816428
391661534
799219281451958272
4925341691
953265385
2967886673
15108909
1257355178
799540275391725568
378650690
1071260784
418282786
776122110917902337
1369005530
2422131402
406980942
2272715355
1404989965
419768382
1367973715
421347689
547936685
724628269333635072
703318645
2504987971
562816605
4876992285
2211212309
1608414217
2375003982
795749937157931009
419951447
2281936099
1919132101
757002450
1116398478
1058440837
1117576526
515271142
2479440949
3318421203
563011862
384881122
723538940502913024
3025472511
3133358394
2197620432
113750550
539203633
2198276663
794234183128322049
320737259
777855788882812928
795564464829595648
105602878
2941003353
2180853339
3379341238
2761058821
2900536264
819475597
78553388
766644219930873860
10438412
930659928
1556491195
2375216695
307531468
985118000
270877772
475922139
568417331
451023204
724876311869706241
725694507669446656
3310616615
1888878594
536600780
2617470937
1960098824
1688088199
98633285
51424590
3309855796
486876996
57282569
779077333
34883730
731131129336627200
1408515078
1093092662
2230346403
1321212242
3395698721
3305976862
465486423
431042658
2268685606
2560586103
565382686
94594903
22003434
311345204
4878348543
274014643
360868017
510529704
2927010322
2212544767
1163858592
493878618
2993146840
1465195916
42997971
3299546625
4483480636
37382519
564148431
1852228682
451610877
3026496574
299020216
2932297229
1281018260
1299375126
1080249439
788675050992009216
402048742
781082983205859332
753897017479458816
306137883
2290036284
494909390
3067642931
499676949
2950936654
414993289
1068681522
744104941
3682346117
421839918
2493300512
430437851
476555720
3051404948
796033040443129860
1856401896
1222642760
92996440
318490326
306262577
147293373
953542285
703817284
4860992891
446929182
961168160
2448563317
756546140644974596
2825238207
866474910
570663412
784447450660601857
722918044880805888
3032272127
1962674090
45099617
2482305961
4532828368
1288260026
1601716938
815758254
916522718
1238996869
2935951648
772698236444352512
1160278561
2337395271
891546211
64002024
192253996
348988851
594553608
473021625
47154019
350184411
2751935938
334622726
3399848795
801397532958031872
495805225
2347562993
776739556745940992
1314549691
244087105
444837039
556650372
2271564014
4200887327
161740961
2819591819
3121456870
13294452
1041804853
405792460
470906034
2848383741
7414282
348141611
4188671596
2805302900
99556902
2221318495
802560596830986240
713001212535246848
454921223
785367204703461376
2917217416
2414898811
96344993
532545883
4464404368
2404302998
261804112
257884666
475325454
4546813439
802814151164825601
2973738196
2817271640
561473002
2487938827
515548298
493239048
989645683
797134962453581824
2295054346
2506958514
222189074
3016981881
4173459970
745330568590659584
391937038
857823696
778883788575236096
566150054
2320511389
118183154
2597273655
1510780328
1348975974
254179369
1275799418
2276406060
360830746
4039450966
1117075328
317013492
997752828
30632987
1639987099
4851430133
106842211
3075865347
2260822969
2764765443
260656713
1069272026
786616233584058368
409089494
717298250462662659
353640576
4105925825
570833587
791628536557793280
925695715
705451641
975251790
728166959427268608
2418921020
3036835001
424964797
96340114
413010349
738391531510435841
2860233029
2233203519
531484567
50981546
60608418
532599235
443910842
634629867
488498459
1051389715
431411443
1446761334
614443056
717334646405611525
2942381427
491225607
4227664641
553772651
1026219187
388480192
424475953
872497166
710189412341178368
720592519
492928982
1193388126
250085208
733399198247194624
2265684361
484982241
3697596857
472003825
4854061971
742656572086747136
281884852
3408525531
1444784371
3094278383
733019117318471680
2828477103
496229128
827801822
445332184
192610923
1249365224
730673331851132928
795707563190976512
2339947944
455367559
380466302
562968203
3431535287
1487351570
2435140633
301171038
418028983
501874833
3292873475
147889932
14324681
1162367792
706067859550695426
4526847503
502239221
2743096169
3138188655
547050389
713448101785288708
425261926
429928689
365932392
291763976
2218411411
3949073254
486146467
406453295
2426748215
755313289
4098447160
1556455656
2852162818
432637066
423531049
245328223
3015242813
281709704
863596092
2221319742
475952330
209459072
609075599
722317619022471168
272955645
1082984088
3054053176
473447862
66635426
1034473320
786276460080209920
2381967382
3793353617
747885089812525056
3182809755
635490690
334157137
743514238493278208
2186313922
325165914
724245672434765825
702952591
4321424481
52375621
433664513
736880955374325761
789492030850342913
991096194
2370915699
256956548
512049329
189954168
505705375
392170955
2885393529
370345381
30248306
2788765798
802812190411681792
291141125
216705098
3723192855
869620945
2891197923
407810895
754269921949937665
3173819499
1701836234
1170295874
2366958341
1120383019
2910727479
177937746
707218166250864640
492555590
239328110
3052918302
3610344497
1096331473
3022216966
479604138
794822744840007680
4204183834
1269390866
2353564274
2977934441
2975094340
354901534
964719079
135084834
4868655040
703386818
3132601540
405482706
427389384
467307839
471861275
794943746508984320
3446437582
743477715790077952
709104359905300480
3758739195
2347675929
740314382824046597
3145265249
3152222567
1392039763
716259184
486509124
2207852354
434839840
1917243626
368950045
730132426110992384
85167868
46224994
15387167
2951587293
483872778
747048616859176960
256569319
443193400
764870336894603264
2272916900
2244460336
309701654
61765111
4863618933
694926126351847429
1654874078
617201169
3304830435
144840782
319846232
2733685859
243631237
783316519895834624
2181304610
789866400332611584
597453726
3428093939
2786595941
759772392444993536
1858411734
784105196070854657
783659253848535040
3368018859
612630627
378212172
963144078
744819568909029377
4584262996
794550709178007552
2148135826
1130984874
1397326392
195374632
1382206622
793237098660827136
472338354
288990649
419480134
754250997267070981
447439107
799898540789141504
734629633577095169
780100421536849920
3316777688
104588429
773684083117490180
345941047
351678178
739879899280904192
4187567045
1544093054
609790313
720880802939023360
396564186
710864700851032064
842122568
310195119
2509117751
4882556081
726721856749842436
707930497171771393
3166034463
1907538607
799653873338224640
1344131071
16476536
788860282126929920
42389560
1092670394
199290543
22130220
2754433723
812774677
4548508636
403444000
3290368415
14108472
2873938578
119001227
1080795937
265360159
363158162
797161661283045376
870462734
4689813482
458533247
1063332403
4857525609
22031608
421810729
149609445
782584298964672512
1026241580
765943894756458496
1266500113
141529750
24061217
986828390
377660882
332849354
412254670
1348851210
812886115
1219944530
3296304233
725810364995231745
725592726025154562
4572197355
724952777240248320
2845221227
384773089
36047644
4359734896
318549168
769836393908596736
111875060
3588475175
616971625
1344701089
704779333307650048
4106012295
2351364017
4858595345
2341770566
123943257
450517687
619856478
2523347460
406947394
43703232
117701249
2949242037
3300222131
4089359207
1355439090
332681880
87370820
3860196976
114812293
720232920653434883
1358611800
2986513055
4352795836
976537538
794889137845366784
1632907651
231003363
500846038
394305101
73065144
420905398
780826146883592192
1267263205
434411738
1725558426
3094312457
442005205
1407748796
1413220182
2847253456
3396388150
949261333
3028285828
2203686361
912041082
706086767523405824
437704468
1488338479
299535779
2898075617
2234585143
723807407261011969
489757182
2354462598
788754158241378305
1461760566
398603525
725051865159884802
1192856120
4821193318
3676258635
547822404
2719760326
1372497578
1586042605
4787048363
1039549512
1855609550
703348631261282304
3694572081
547980228
420194671
2975144398
797923040692535300
268910347
2736537016
406173706
772120295465443328
799897026733502464
3130779556
528277961
527270217
801913624893722624
763405961205800961
708369888679743489
419318448
606259626
962359663
17546069
711310994
2273694722
225490204
776116078124687360
535447658
2370908109
118348341
1100422622
2275495767
2527227066
1351237069
220308940
1679375545
477855618
1067982564
717789567
752800121138581504
4863603099
715543732217626624
763355777750929408
343442484
493533192
1015929313
1110202813
2956818995
946745624
703215154897485826
433636980
424357996
781805054596636672
158470519
1389744937
796795293316612097
266700017
484665449
221131476
2342517254
19592755
270839361
914050591
432688797
729981130007531520
324262863
2180831464
369200086
732954867833176064
276698656
496233111
764140480775020544
1017310213
478436781
2228667795
1261729915
1124867449
2373588490
382029804
2938273510
435059596
2161648892
483671947
188478072
1369327219
76616277
696214495543296000
488864885
1092084720
333498140
1168160534
293964664
4762935855
2168052871
941567396
401687825
788797759965032448
788723015089524736
1348914024
722527613193990145
477809305
2784216706
4818092890
1117740126
1141016323
407685623
2241274927
4842381857
823518710
716370134651310080
741592495155478528
50040128
526478079
440724583
477813810
711875747183521797
2162531484
557827565
4784052443
529424484
2396676379
934884240
3399065008
722053268587855872
400209582
1013753576
503199826
714376418055073793
88630804
488895138
733026190689210368
4876627103
2323867147
215762717
17755496
2823678166
86347667
723392517081718784
455091874
761582724176027649
2226319458
465471249
1055931559
441714798
1341254522
22127498
1385223960
68362418
2811089575
457614487
3306257373
2822583095
89212874
3169603576
431157210
91350066
1277404100
782126365315371008
2414596461
3231784599
2394211062
169510626
2223696221
2331849409
1257980089
2732213699
1010807990
436567183
582010074
1072429142
210239170
2973008427
3230165817
795327852870778880
1357812068
405658810
2189190782
3319305760
1914586842
505613405
3044947366
773929798192300032
3047240235
458347992
1062997310
711654055924387840
1967120184
717984836401643520
2225750595
3300735423
340294381
220734538
317680130
1208976072
105184158
109226009
432903283
589253599
1471608194
414934760
265060963
2689665578
2398143679
2480246000
2303315316
44886581
592160447
279233001
361960565
96733636
4197183543
1316655810
335595246
2435083828
359541795
3002999651
995769296
1729205360
822184940
1605951806
3045361705
37619931
1080507391
465753888
729294897891676161
412183823
402997564
7271952
418762910
2856598563
853678268
1540965522
2221331347
995189316
831665582
1070697217
716637363099869184
729293681832960001
61773288
2457219327
747514340
253714436
773161248099803137
4069173009
732773769824047104
396823374
953571752
2987412238
723515120035438592
2178104040
2512880848
342588019
2962475685
454191208
504354294
768783082736455680
590358735
2346974944
884975340
1219022928
481944150
745339531566661632
183287158
2778061603
118513045
407898601
1356673152
3401227875
47875351
809632310
945585757
932888491
51522357
521589863
465324149
722176992867708929
788368573471293445
764073381532753920
764034561814716417
594855576
756456006331297792
793166155112386560
464127310
147371974
485903140
460275730
2709647816
567159863
970835599
200888646
64144248
2739123935
1269055614
2300311050
771596356548820992
3069843927
788478068763549697
396218442
722928995738730497
271622920
986714714
261705959
1191157380
1086700214
599090564
2521671494
51372388
637254997
804354408
4888582030
929354545
510439689
4876533515
1342072490
1192260607
2380592546
1085455423
2909939349
528493399
1438986181
407299582
2557453016
857730480
1474185410
3087248931
99993960
554546400
343285778
598697094
145580644
532343737
230534506
595001996
847373431
2153829339
3937406775
1586159210
804538604
779999286042001408
947730906
772498157636820993
29665462
2689925565
397433071
1398070730
53139843
292275504
3613181357
724463656990289921
3046671413
523613502
452723164
4895171374
786432845111635968
786114706817843216
390814833
783287015865511937
784137711561109505
462435837
514862063
2360508155
415046131
789175269667942400
2891120987
243213767
4866956075
601368027
33226107
802824517219479553
14765797
288718876
523664680
96516447
2310271175
2501199751
49319803
1079081996
151826671
2317495928
2741023859
592127497
3554465607
799906643815317504
172041634
1048605840
318434829
4833575914
2456663500
828717014
434870760
1303959097
4791885441
130111210
2429092036
801314293031510017
891059384
72331470
109573130
173925687
2878097184
2288684791
2240953218
353575520
763504009034526720
261291536
2465494691
1036983026
3055754503
778671333853040642
769181018666438656
160136129
1902296190
122016493
1440383084
324231882
2906264861
463841107
2951279819
2907795123
708587318786007040
2153812941
2410604455
1130420497
278915300
1295447916
3457705635
748139485335011328
321313255
1220072246
317879179
4702133172
2871007730
2921447206
2494115132
396655131
32937876
450950333
3448215203
284706444
467232496
2267174346
802176344515866624
341996757
1450171
815731375
441705033
1715047068
1251322195
83449728
783740138660700160
4008290355
2732427263
2477156634
4063913308
2786310392
481304796
1051271480
433287204
83865444
97526668
2242019356
84874030
778693643976581120
1264018218
792840100874944514
1857295158
263702718
602802570
2221331701
3043362960
418164976
1896592458
3076910169
315428267
283006215
434160311
16823683
460611317
4885620221
509309634
517721087
514478368
104814432
779255326637948928
407817358
29220492
112805407
238604711
322054650
2361407142
722421795106766848
754297913522659328
582236593
1316630180
1713750878
2245662505
161462044
4189019849
123589310
3001239377
89732448
1225968722
796759446370271232
388362333
1058606282
1880183936
393504284
63060955
912833226
1512694826
946620907
786215749035720704
837370934
2763753587
132092980
491318883
1314087421
287913024
15712835
1412500075
1131771522
3369127809
995021599
4860559857
4902022042
2163514121
81306899
773956774932127744
573821701
1062966253
498846820
827716970
1068728030
2365532641
775299421705732097
1201274174
439454528
347060657
607517520
514243349
4902342166
1710490044
235323455
2778855315
402132308
3347934334
2382081974
760935300189356032
882235051
838223696
2841136744
597720862
357311919
74964468
523511246
431694519
799195890749730816
3332720836
3201928624
244654932
1225691011
232908749
504658270
2845737279
107847820
3931969841
560883286
1239672679
1327684639
1036719990
2471273369
50588947
3527260401
16213811
2874842817
55793308
960676736
704078981591646208
1178411384
720852852
549362239
242071863
2911434461
802230069179666433
364738656
1202469937
1121935962
427297525
491353254
3995124705
987172572
4194371465
410040461
797327775963222016
2222816851
798181337433829376
594679359
724647652101595136
2190915769
771042114188742656
783407476330889216
788447717521498112
915191390
372937945
903701676
73489499
2335372808
1418976222
714775585088737280
786622252154355712
1186407192
799826440439156736
440247035
478565327
798551815742701568
216361540
390850122
261542509
4134072261
704275570000064513
733011210547912704
711220906987757568
2415685429
439362823
777969112232390656
2432208854
1092846918
2405661179
346518147
379280129
634892475
2973337469
394837520
988373714
1702730929
122327232
331872223
1234660638
1222000628
483199277
792814938137980928
357500793
2414500381
112807659
454209425
526919768
397444524
851786490
4149558557
465061130
490642119
1419118495
2841108694
735876147137892353
241289430
261233190
20278277
728568113847996417
3083483560
257953952
87950192
10611402
92511984
1972410698
964460408
473029382
742054546487271429
2359465576
897447138
1268032573
775632857993797633
416534525
500582673
2238062646
774882052185481216
2414965448
4060369233
717321779904126976
105538883
865193857
332885533
2442517233
3105224145
986564732
180021573
448998373
901555177
539221275
53634013
212962983
722931043578310656
1201012040
457313238
230849160
1014016028
784909327387783170
337155946
919526072
154924260
474823972
2936864140
1638278257
34569603
1289425303
1261559155
738937244
253262674
1063955917
1433286055
774257057943937024
1870961815
4684962704
798797834698883072
947879034
125851628
84648241
1294725276
4464016355
3233336236
295961054
1524322628
184616635
591144361
2781784450
3550261402
908206586
2190892188
127931750
943572877
799905556832063489
1117558933
2995507655
381762982
2438727459
786443950458544128
2940755837
431978037
279301177
512851889
865147927
86209782
2264322269
2359448190
507768657
519867330
32624061
2231318146
31255401
1347344792
134514942
706793935180537857
795964357893046272
276497372
2361394675
1021541239
2934930969
4229274312
252633069
1239391705
1131717240
294535863
52731955
2875322452
524493374
3047714690
1829960281
3103748006
4892218558
25676606
858113870
1101913508
2234822984
3398885945
477809206
250316913
481355521
1368793633
409448246
556978533
1379002502
554337123
744907338776215553
1392921979
542372059
