471859605
1696619809
3369644489
390151086
599247299
926261881
780133788001112066
788124436406923264
2597512767
2511415512
352164101
4251078683
2267498320
2676241551
288764479
757989565600858112
131494824
2211479198
68689180
1154282738
1624989181
2795660401
1145584326
932376896
1597928726
422340734
2475286346
194972957
703708224168599552
328168761
1009689127
2594602871
53306660
68421930
2873782396
2603902967
180768349
3128619046
445485530
705449054248034304
53053554
2283221770
3235938178
4382443697
549269702
419339559
370172207
51733848
159546644
440691898
708270672817082369
2362797030
773200264635490304
2982641339
1015392134
951890166
792183529442516992
923270436
501706273
499128183
1013535530
1727875608
96341266
2887193787
1082718704
496654038
1557514573
1037651766
1070320532
336508593
55865413
1230556524
180317088
144199196
1307016348
283636579
283939901
3157875893
784854175
781260487396843520
2150969605
3433378229
422497429
292417838
132880191
407747764
123687106
870395221
452010658
2666044296
758344753989742593
462701585
3911482575
488844512
744458832311631872
83580262
487724415
774047754834313216
188390069
1855341199
4866039789
520617010
476627549
783220906063790080
3398643791
2291700139
595372301
121598739
479050983
4772904255
410271241
714415509790400512
1362894961
1914960499
3038624596
413330025
803523999288410112
133461180
443187387
881940818
906647966
219226566
3398394214
2720826652
1039048494
49954018
104960470
1032520350
325127006
2427311741
439357588
779211695239655424
1016066683
63403202
562947998
814585603
4073867722
431030232
4010430377
75018145
211603206
1317874705
4354338921
1242047258
3109897131
2347753713
728603011094827012
626845548
1278879775
782360828
76383375
594855477
408738224
60952648
787931321561645056
85136516
4811969481
2165771
2178600592
215224614
429279647
517986135
3155682418
76987068
970022552
1191184285
735107028
964810638
1126319712
4895506510
210501383
2569507486
247222140
979960242
43163301
4186758514
703147891506872321
1726176709
2359063466
801536179145424896
767772101503836161
3312303309
417279241
972003932
3074030826
536244238
2563368064
371749840
40419167
3327047817
889582477
2206083227
783762422721048576
2878408107
4859931532
19028516
513144334
710162008180662272
4651949435
386474826
2242602102
3978799463
405514210
2353752559
3873999737
634575700
714739556747243520
263619418
4881271245
1251326239
1238622974
1038231816
3458047347
271838807
1698522818
1528310352
367391294
778141531828027392
193373862
2328729294
1085405436
2965811733
1015870262
728754830
3834367960
734705980873789440
463969453
3351944151
754957121201004544
877434170
3988102589
748860623392505856
2523203476
4858527059
3291493733
1367876275
193093990
2356846439
2402255788
467736212
967615364
521337019
1446490651
2364819052
83326299
192961717
1444286834
203717084
715593055789826048
830762161
1008958405
38573759
1005839168
45808968
54849589
436640636
546275216
602903174
1613023184
2860101424
193663495
69532732
2729520336
570812802
147543162
2281381593
3201479849
339101730
580422411
540264278
1406934528
30561007
524807407
2569072195
1086628860
2445286363
755574364133662720
2965000805
3303829486
1363855172
383922811
804031502229110794
81590832
538138673
36915978
3294901019
1331086867
306058431
17880873
2588051975
488234925
1406267430
864703938
12994392
2231561825
1676734230
1006553846
83386342
2877804497
3115905790
293484907
1857779947
2979050746
745916794100125696
420210142
803249243242766336
460504033
773869687465803776
2850135335
2576566518
4414211859
432918462
497714059
2721094846
184489591
123840070
13284492
2548419224
1536965822
421017807
255526995
773983087348899840
2192271144
3313351684
395759988
801009914546188288
2807459157
785089989692493824
1262138317
49332881
540679806
1566329647
2568933625
3996258160
803974869415292929
2435980673
712713408806842368
369175285
126691082
608919395
370342943
2269417069
2479620311
464045620
1145616823
188368997
390835478
185274610
4645739417
3028809503
2342101993
154896410
364740628
532920941
708419348478750720
1219977643
32832926
395242306
602069331
1310811456
785142139852316672
2376928902
83912604
798743088206319616
724648551561728000
445660248
1059984817
3226612972
469666813
587286512
715782891586908160
551366466
1665027356
2282008813
557661740
405817197
4579125253
718386886172110848
442817553
2431870516
3309946937
1367363988
2189342688
4702970784
793787252040142848
2483189321
499227001
417101186
359892760
70602731
3365672806
804565012685717504
70954365
1065387764
2658993140
224940210
389078155
529390496
2950133739
731920891735605248
296507637
802875456747962368
229120963
433237063
725269025144619008
272460455
428931337
1179711277
599807864
2733559859
495466998
2233113344
2233208533
2386642032
1386751423
253550542
2361360169
2259459451
716756039580958720
3025368046
2751782307
414185837
794092015634051073
1283709019
1254291416
1044958567
369177021
1158164456
215355651
1141399129
432738065
821577050
419302730
19682207
27992407
4824798082
2651274657
429039024
1337288432
4601698335
2318171590
1707854503
801457403808088064
4833429358
3481946428
2770075949
354125985
707223648986337280
411018458
61046134
422900035
2984198033
1000188997
345535835
2364563704
759346461758939136
2700071212
870185378
1603328808
4164038717
3014227258
365065358
52035837
118053242
1307458242
427377125
3143038229
29955664
497382403
3449826197
839776178
837322579
2495079298
2319542538
85657467
3368385652
1681073648
161212876
776364656009023488
383831016
796421015052189697
2332571271
753878412981374976
2186974913
2518805059
481287765
459631864
621937390
762934873057292288
725059657295912962
198606842
745334980964982785
2181881732
346161795
1066008103
401650330
585968039
213588883
440333722
168976687
185557505
369728921
516802751
978121892
1229273522
482482938
2846724899
744453072601161728
391275039
1533213979
1037954268
1002788786
497384675
416165363
448677905
635327839
1076649404
2226893086
50295560
2881788614
525733847
2300095525
435136836
271488168
2562811728
731252371226042369
725998603374841856
446163232
804080566949859328
788012181598113792
80200885
128978964
4197625936
384948871
503172196
374120442
835514460
1870641289
244869589
4462664181
2389687188
791671139521142788
724303327077502976
738067912439824384
3233921113
1852391984
12514212
455254102
2429625547
860350934
159551952
541110896
339805718
603082123
776082811849695232
34257738
2187037682
1447215498
796684829014245376
1379254362
596584630
2442834988
776003975921401862
386582756
3331413322
795764425697488896
766066296618414081
145404573
416422287
985542859
452350565
773567374167506944
797197311201972229
3420601067
371160962
427522940
290093767
1062955644
2824073461
801858993035612164
2751789375
276924403
417111368
717319878542245888
1368152558
306496514
2181953194
487711174
329830899
424907920
422995676
705813420973621248
300344361
717965900062793729
520251134
1876456813
535318339
438849246
1296801535
1966587745
2335367718
831981618
2927207759
2635526840
2341083257
3407777645
103646510
19643514
438083616
4358642595
3222700497
2359496138
828570210
462414072
1262704657
632742781
51781061
418709964
714282153459187713
2753392599
4797073893
2195968707
116871279
736745744
1627031726
474242978
587688477
262133589
3129266409
48142375
4058624363
1728170558
3036352179
712638482569625600
1522170505
4845740405
2361232380
2846620537
342681065
721338196639014912
3226558563
545384133
1007560902
131607625
1168797480
2317508289
488339106
778900450812764160
735366894857916416
565630731
750983524438736896
1327241030
2160789500
630459182
1263818557
758935701698191361
2366790998
229804443
2363490707
113981849
2791075913
2785128160
2380234909
424076849
2190622501
427268031
325760306
412566698
2437846648
740562673566396416
37754520
439290200
851471263
749880827308285952
750670310
141552396
524184932
561759722
48971201
1229121186
224226820
281956301
313331114
1371698587
476836933
297866031
1680443870
789699968
783403955917389824
761282595019689984
429700379
710375589
72009402
2289505911
1188872131
317348328
1088677627
922990920
113424592
2296153657
2644998883
799504971502944257
2989641561
2997572434
353296553
67746303
2811563782
2351775654
3299563144
798781984700960768
339672122
528699157
3038103838
1341462944
381503157
62024752
548616993
803586174224896001
490504850
2862176308
3096956789
303365029
390800807
465337259
3019669299
556818121
574871295
932478324
720247033404203008
96159448
3005896461
480757316
3123282701
724175341942648832
396794954
3010467274
4857416872
34051388
85544383
793765541848682496
309178760
503452485
2888908630
2885630548
3323183883
733258234069458945
1154223643
1401426434
204791100
1334520595
712194014376755204
186755816
936716970
2727239123
1080493914
4603645649
785773375385923584
1301115739
343023883
3302186728
2343512623
43957174
559883501
26295447
2903545671
38393631
4873612929
1911991346
888531398
336454510
723203630917136384
2874742024
1101689227
3222530686
2835121973
715080807916912642
62814733
4838445220
488405515
1482694699
736545283576893440
2768661999
746008230757867520
537841055
2980893041
2304962382
27326931
1274882076
446415130
373481031
798086349316378624
1011686100
1049923886
2364670551
425387616
909999054
2389161486
581285865
1938496747
3438644819
789025525322899456
391965620
3096871079
1000374344
758992042005368834
2186975672
2432410861
525127209
803252196695543808
2692227380
2730593590
471173883
3331059982
428243916
2703782620
3395550653
3488856435
800969617082552320
2821544499
388232529
825344622
2356265088
2870669794
981599204
326079212
776002390428266497
122476603
380250466
495011205
440129638
99925189
38196064
710046420821286912
1044932990
463046207
4069758477
263037408
570274433
799265737202405376
2466650316
416466936
533112380
1089317964
716591970106417152
773155625127796737
452612282
507792558
401399952
798883998458056704
792230731
129117661
785448306465972228
271468279
1039725007
2386835695
1446871488
499085030
753856766639824896
4871837783
608149538
2428783470
788816274168119296
586513270
134554873
4018800257
3309758770
836237598
1956171698
2654152260
220627788
2423095641
484150543
385088302
775301877512675328
748173713787465728
1035460693
2694982606
427209531
1263909744
3226534781
440007375
763274024675897344
2949402237
41689819
65494640
58868395
317761058
4928491697
982628515
2512832146
732317340092780545
2956918469
1274581027
569131534
361341817
118727314
1386632492
17647690
340614513
849590082
96319859
507970638
794581992759300100
46626285
291678033
1073288395
33897141
2223407550
193828240
704330777190907905
799587629977190401
606731466
2310543444
74693664
2179948113
19392607
94529815
972350694
920626381
2787878581
2927049323
473735597
552146418
2951442201
265017059
836271002
307920458
2173149525
1221995204
842063576
1035803582
405170821
755102530527457280
2782537521
2846982226
2494175436
81437461
1443706704
3130552521
3949247548
204858193
3007848857
762338673547501568
481457729
3018290121
2734867583
2164878096
434752212
102200819
462427721
407873578
84030659
1540881331
523343629
416290762
450585386
714417878
2537853697
324332181
1127733265
22659500
3343856697
986673500
1615995920
1326332772
747147930742755328
705338935476674560
775294620259483648
1690434842
716653596654313474
1929877436
464477564
789012950585643008
723094218734862336
1040251363
2481166569
765113425882218497
2862216426
1420443511
275993167
3001145196
568224676
52362602
1303711453
4886097705
1230361375
261757783
773074386
732206617341595650
616142012
785027790961778688
382034832
742699071589224448
580872490
1890326197
789455911521845248
1377320102
2476119007
197056224
2295417636
893847942
4765765934
779341502292131840
9055772
3064824634
773978092775870464
801867970603601920
117847962
97768554
4850369241
2420586324
704777492909973504
207034666
99702635
715083557581033472
1097904109
30504173
2759396308
714364362320912385
405719917
883065655
743437317130575874
492021780
4299066556
784340188679974913
195316316
1166877775
1960868090
3053183649
2501851306
2559910725
377429760
1930695714
775636532
458632561
2490820075
769629854
789589519
567278450
390118819
4155844545
756085177709916161
923060941
1398174300
233546601
783307585206222848
1176193080
3019629387
2823528449
2197080899
522438312
1076835426
538115088
2362964227
2328728342
1672302936
552851153
1978729974
1128044090
2221404476
410764821
448364257
2375448565
200091336
69225815
737302538542845952
81937838
337099500
2172017830
425039950
742292496999419904
2333497668
4160599461
128631063
422844048
3010384533
102375716
17214580
2208172767
4626223881
3299490593
1026948296
2438340445
3228211917
108869321
1539421987
371443272
154103665
421155334
4452313697
20430345
706552084913655809
97962621
703596145411563524
124891495
3026614547
1364646517
2812859778
2901728910
4909543941
468521672
97502899
386753792
4330314027
305473579
41544005
1109639072
141645874
386574852
439131272
1088929189
39273093
4485269080
743041027712405504
123908308
461088423
548268871
84018589
2355256140
2560689715
1099363334
31103417
1089513403
384437761
500034455
1579008720
1429916701
2217674274
962482070
1294174362
1948013262
3334909204
383886066
2482482240
252124868
70231136
2933713509
799219281451958272
357459418
2829900668
4925341691
2743862297
2565885655
953265385
452117960
1213547995
2372887943
459446024
1070392579
463304418
2631647879
4771794274
342569184
3068966572
1122033812
586398719
398032197
2369953109
421347689
1154237778
1002084986
772396926197170176
2707254209
2390747907
392987772
1020248442
414646088
462829190
484914037
2995908064
749364032310743041
382539264
419951447
383647860
398809701
323240531
3329627571
90124895
1680697170
6477792
100991438
596702756
1266649207
2168716042
3432995584
182946752
4342920694
3458620516
1472956555
2267581078
792685021354201088
633728787
741520828504911872
2218143675
49044510
55045274
452904156
482343716
953923741
417292578
955314738
742876376
105602878
1071492246
766644219930873860
3309776511
3019734856
1258572001
2894747885
716353562020855810
424529280
770491708580761600
2375216695
745522720025128960
305255857
242306600
142807042
519379680
420419717
801490412099825665
624359831
4587842841
2923501798
264703894
2173403836
784066684852310016
2801772720
331292864
420656128
2184410046
3357308483
2274450562
27606971
1079226488
4052170222
3305939879
188029214
432030644
537538390
701650211391848450
401407144
487463041
360868017
516238138
618244710
3299546625
215735286
56341776
435761951
1043011003
1664604020
146858634
2635714649
3610537156
2600444834
209007993
1299375126
706086896275955712
2318610186
1089420056
465339096
1283811182
740257403178999808
41391760
739199043537149953
179568411
803115076672700418
1274289852
1451417796
500966159
1470901476
16830613
509873976
4869219142
266213305
418636676
801870151549419520
92243303
3051404948
796033040443129860
298532531
911070912
333580051
2332191414
230453692
488627298
413215193
3095395041
351500115
1125077892
739538599918571520
2347290581
267898756
170414906
1063009350
477543705
476123551
1745966046
3324994840
793949758012456960
796763568
772136635928633344
2201641540
1601716938
456907209
731733318157373442
916522718
583579935
1238996869
566361704
1160278561
1208620304
107820528
563168095
483384295
62038434
488618381
1315046245
3065958947
533176044
3037864168
948616670
803300175955558400
2760582813
36493382
141709502
831788292
36612294
199323838
3297601040
1178041686
395980701
3325251946
2211388062
224594895
444837039
2496989087
2271564014
3107574627
885303356
1022731986
533692413
534655010
3543518537
228162663
393722104
522615564
2816273194
13294452
420647354
20689573
3080405859
4830741111
461446104
22605126
348141611
320725662
1320273294
29236274
968509314
425629947
384192964
363616701
1022288858
891007872
2221318495
2359548435
787718928638341120
785367204703461376
1041823142
800421412682874882
403295927
4928044852
91559209
405004713
4924743345
400321579
479645953
447335723
474746645
342077520
3375673725
429063865
2246257107
81075901
3154767440
57358236
561473002
540763968
377619841
708773624
797134962453581824
989645683
192353315
3399075250
765924879531184129
2754876919
4258420899
1622970242
725422192046039040
794484184979017728
3164390831
4588321522
332959014
2352305154
417947467
883099326
431884957
713625460878483456
4881458512
1176499273
605157794
1101531548
3186952517
481920011
790054314328940545
4851430133
455700963
2194894268
560715196
733316908477493248
304035042
191839572
415608754
1382051539
2314008111
2257560786
892666663
353640576
570833587
2657353205
702175480905076736
3357094834
3036835001
2418921020
424964797
413010349
601607662
2490943567
3430544349
746297770559012864
41068452
2183161219
175557941
2991945461
767377143848439808
272961989
783745267707281408
136971453
3203361705
411775601
113643008
372777532
2194463882
481314037
492959239
521674910
770340031286407173
469760654
92609877
476053480
930776294
709629978988711936
1026219187
4692016008
388480192
4125963802
55376849
1370308218
206993379
2915667713
249723261
4024562895
457375249
2169803879
3025669096
3247960643
377469691
6164412
1586227562
298384037
331572952
1048144170
3253240709
714451248
783613594810351616
694638444807610368
484982241
431658112
438431990
903512485
2352059977
445669706
1227624775
281884852
704615029572825088
1042405044
2370797451
1249365224
2504371264
1280773926
122014351
556169238
456894487
1021727540
301171038
2562814182
545381246
257665435
706067859550695426
14324681
485616230
173875570
3138188655
466001142
2914144864
3338378788
4827480611
1365357391
3864556223
725370452210794497
2940769763
800315424285954049
726795528
4528167203
730034081698877443
116190223
456110418
2180427250
418153325
1556455656
716368613070995456
470515225
2572838813
4054106297
4611199415
595878183
514506617
2221319742
358847239
3191176588
1082984088
3179961507
3338622107
535591667
405443137
521072521
2940999287
4818340347
3793353617
402821533
474838004
772156417675493376
199348405
746263383473799169
989192558
743514238493278208
802531601590657024
724723402968276992
532733052
702432335078285312
231717139
756230745027293184
2377155925
361373768
2978426715
461793260
3333764236
482107935
318939574
370345381
412209140
472047884
800073124402204672
1726668865
2788765798
3723192855
1531397095
754269921949937665
821785003
55568482
15191260
1657179714
796051246394339328
3151825048
450753841
1534786369
2160946687
466841459
372488770
352732904
1011151154
542327855
2433235432
2400465787
489693440
2307925110
789845752910647296
362550965
24252705
433671269
794822744840007680
2170527625
4904675895
1069206085
1269390866
269855245
1490775878
490373717
12660582
2301111365
2975094340
4708550595
1261872931
2986885877
514377723
789150741650747392
7950242
319116894
182411035
1022801072
2348566523
846045162
1667596609
51836146
425887937
980154938
4868655040
1713647664
3600676817
703386818
484881564
1057161192
388203039
17062107
577936933
802102319970185216
471861275
759291903602987009
477654724
3084210021
703037640191451136
3145265249
218931858
2859316269
400273310
3758739195
2597695185
431692074
4196365162
1262599561
799352721254051844
491173848
1456631540
1260171894
897446522
434839840
219784110
484771907
550325863
366511130
2837297105
408068270
701518958730604545
973456609
2444547424
422858171
39610983
61765111
29442185
4863618933
2540653035
633094403
721281920747839488
486949275
607226144
3225190005
786481498660626432
2846474987
4755949588
47991966
718402632126197760
259254286
130851801
1134804595
822164642
778647667039690752
188787298
1251089251
3322620622
375613212
3368018859
2787549467
4525011809
1120362086
764432647162585088
744819568909029377
3072664510
411011613
116685125
2191680460
21299451
797526763962331136
27416132
2206549446
105509137
2357646337
1177462297
715436925767782401
400015385
435091212
1164174092
2937388577
934748839
2787225059
708432352
861373158
4187567045
396564186
739885032983154692
2609290294
397276980
4775882567
740277257424523264
726721856749842436
379256309
2511962844
1273311685
3889607309
1344131071
1569513372
2243345902
16476536
3124013698
733722041585655808
3054231435
2864302236
1626983246
758914472744398848
446942856
254625981
1092670394
493854798
2754433723
303219287
371808189
416928501
734074574275514368
14108472
2377701816
388194972
781034881073684480
3305477253
757132118581506049
444974275
723922930304995330
363158162
3359085957
1063332403
707686902
4142762261
141529750
946529088
1222699580
377660882
2472634306
2828318059
2983119910
608259202
39454080
1039731007
58020070
325790346
2284493470
2876453600
333867424
700939605521145856
432766701
2374166250
131806687
2353257175
801024294
4226650275
1344701089
58211648
704779333307650048
171186272
527149082
4858595345
119799052
1040471648
149097320
303307834
2162526944
96119595
429742887
70922978
3381325839
3860196976
951867901
345918295
460226131
407891527
1517691259
2318283220
2986513055
1358611800
713848672514129920
787324511330918400
3387135933
441277571
763784342
426521684
780826146883592192
213616021
4063380377
802937898739888128
1131588822
1725558426
602574015
2188884396
526838409
2288707520
484647669
3985072012
26760769
765969613305815041
50104200
153384793
422617988
783020674952626176
139831560
329817290
234339579
463009167
804008103222054912
727918765
1488305112
752559084881211392
44423232
2898075617
368772601
2475022843
123903173
873734450
753661651
1192856120
4821193318
1274596976
245378986
182777606
1179385580
520291889
2719760326
2311558334
328022080
39240661
399617102
1400701532
392694342
420194671
2975144398
1715498894
3182253213
508768772
735221863
2657120268
256230769
746691972459597824
1947278862
59073202
1139902766
779870528
2564936369
126665874
260251757
435135749
4876680137
606259626
732545752392708097
29045944
746418917481000960
404048864
238781806
2370908109
1100422622
1679375545
2256453579
493891703
2203488436
608420247
2943507749
539174332
973551056
483352788
245079861
1346566790
408760297
429932242
257499288
2606637891
1930820899
500588099
3156887011
485841317
419285776
43891997
2687351537
749943623467294720
252979181
559409782
2363057508
250774432
703967488866971649
420533831
423294786
85590368
796795293316612097
77554140
266700017
1324250802
281904941
333441243
500886985
914050591
2382275202
774917832228343808
621220399
25851958
1245505458
324262863
2180831464
1328735738
764140480775020544
133673973
708302967234039809
2328471661
51058089
101573147
1729125788
2431061097
702171804417323011
401280832
30098168
100602777
500214625
76616277
37892753
721937520771129344
1427233322
333498140
4248771682
1010945840
1168160534
2185023238
782577416548020225
941567396
769549749833916416
1384894520
3353515834
2967510047
3676997313
788797759965032448
2784216706
773507831890845696
3365915002
433479599
419622371
1119430706
437358087
1549242308
407685623
2442669300
2675432278
565035726
1421251855
2241274927
330466142
943078159
4155749909
2867906470
741592495155478528
396756630
2350131678
3090189012
419094387
440724583
1377373874
3191220899
557827565
2758218200
1033180843
783613497749938177
2396676379
1430162268
1339993381
722053268587855872
1102070556
766601799155449857
528584272
384176532
737724815780499457
2260173647
45176195
231432433
797081173516292096
1109731591
2451869940
554550990
434180931
821204528
962612156
2948897212
4898036176
924222074
299794163
761582724176027649
115034368
1341254522
47398478
98088844
446380041
977706000
1513014650
2751098044
2167344469
496769260
983013728
929249360
2315848360
26471908
11870412
71837289
319527387
4794325156
2965035839
303873878
1308057632
3230165817
1737643734
172472233
3319305760
773929798192300032
289823072
2255386492
414073021
491484119
779998996509102080
3165299303
314392100
455777345
2963152966
800148156973363200
775421050054139906
220607993
1346055018
265060963
784072358923558912
2480246000
800828943540617216
389638623
438418495
1218998124
403308180
736205254560231424
361960565
1915578642
335595246
2597478629
1025143716
1605951806
37619931
984760590
394241598
738095532166553604
18680083
1176885091
402997564
550205067
400837792
1472290938
2221331347
2330181981
4743531021
1895164603
804410479540105217
37434853
2457219327
773161248099803137
253714436
82065633
427418997
135267045
732773769824047104
1205378384
485629253
930285348
142643965
3309033459
2555038064
212407067
987269149
758304360543707137
416439103
768783082736455680
3131529981
794302419203215371
365982731
1635753799
519863811
370667784
1219022928
712607537489715200
355122344
48182327
2400326462
343370530
407898601
593478988
302259113
2171028731
47875351
483141541
51522357
393650311
764073381532753920
376707743
1015440260
2310559129
1119843540
432459379
433293009
793166155112386560
147371974
504973589
771464957124804608
3395020235
31394223
710238049213550593
1389988651
2858721511
2300311050
1644456139
121451902
2248969512
2752389489
396218442
4864664511
3318877703
1212034646
1163796132
1015235822
2672721163
363542054
4659874881
140829854
485521993
2927289074
580133799
713449513088888833
1370605363
313390906
3403421475
2521671494
3402915261
428357975
605185987
378741753
1120164536
1122919016
3068529953
2364603574
321375506
17715444
845887279
1192260607
2714596672
1085455423
3043396313
2932010800
2665954830
728107134714437633
184018328
1096420074
1474185410
316465930
2735797127
4066666906
4603127836
748799089567862784
1591737049
401374007
2377363345
515698229
2988110818
326226399
1295641639
772498157636820993
782228826847899648
876541483
53139843
3308327224
3613181357
751351053791158272
385512892
2817088916
607236289
76634165
518593568
289968649
3169206307
1142192286
707252292408512512
92472734
490232626
714382420
124426856
930194618
599003292
4208790952
1322053105
96516447
75588319
49319803
717773478213103616
932393936
14281046
272940016
113075421
17425302
2617636336
701169921053605888
457622220
952399856
2787584039
2429092036
483368442
46194698
492916204
801334903308767232
2854387281
311056063
394729845
736566716210262016
1422648553
787069568086867968
916326246
509039455
1244012304
508679616
2453297123
2631063233
122016493
396467245
2640275823
2261701074
2899554531
1357710228
2621137109
2906264861
1208685920
3044930101
1262566346
708587318786007040
2153812941
1035817940
3300145985
15253960
2374267118
799574075291140101
116771147
792217289613533184
1875271441
478647183
1295447916
4920588358
2822957753
3300508887
3405599800
403350392
4702133172
577186447
2921447206
1469982290
3167053779
52763197
2385290202
67637870
544218009
284706444
1384301958
467232496
802176344515866624
1450171
1199740002
94528769
3971136089
256466502
765818905
983253218
541695689
84130259
69598685
202256562
495717341
802942235398565889
152977521
814747711
84874030
26504043
2612652422
89271619
2221331701
1193780617
3043362960
43503218
257709473
436661637
945141198
409839478
340928644
129223592
183132441
1535099419
261745556
509309634
2902028061
727770559107485696
3030465038
22130099
970809704
961048572
449250646
2569703055
768148325942095872
498658028
386732636
630918299
417904049
3346736632
704746963091267584
77207264
489301209
1278202914
1013035693
328531828
3392159079
1316630180
3239105697
1008326401
405400711
545845140
797374091959406592
583980924
47308221
2882526197
2878690973
44178283
634434387
189853406
2996679838
731923970124075008
8620162
768745544843988993
4812464489
796759446370271232
3587858295
435173619
2363684405
1880183936
425759519
2940585718
485031544
376070429
318940180
2728896824
3327095829
1374627000
1231624994
132092980
912845659
1421508788
600087907
15712835
50334860
2828057292
995021599
55678400
407179725
346162937
3417233499
464726162
430021582
768834311206346760
500881322
109940040
1052352102
338946050
288723029
709427870419062784
2212638076
2763511049
2834233443
784804805483061248
1068728030
493054513
775299421705732097
726295360537255936
2604413069
794535156291866624
514243349
4897360193
2487106705
129471858
4902342166
426064773
3139667865
919361378
235323455
2850871143
446490092
426106156
709468465531322370
3874001362
483304367
2502313861
1598347068
899952481
2225039966
743850585410121729
48291322
3332720836
1129269444
3613300157
3723326176
389104963
1225509780
451410343
2419860820
781930651528392704
232908749
1067991134
504658270
16344283
466348695
2821862670
2391598947
1112459726
726007952
1578337921
987220201
100855011
2234253145
3198731351
3527260401
767795023970697216
4054551945
4894384605
614407423
415514079
795590799736078336
433754193
4743526894
3036587481
2158966523
767047030996860928
782482968581378049
944659129
720298583296061440
603612465
402863215
705029912265097218
845781758
124162915
4220893533
1121935962
585883841
801407727608229888
2811414913
717479185900576769
3995124705
165025387
52364658
1080855186
265403238
53345590
2222816851
798181337433829376
1857838688
422124007
2190915769
1353369536
734163322950582276
532157140
150725695
1192735105
755882445367566336
417897223
431649074
706057101
1117446373
244053999
440247035
460533065
412094285
216361540
420146229
2899612829
2160731013
3318915569
261542509
254554605
986666611
423435597
804535763039907840
735022891583016960
720266765650014208
293372970
211061112
72248630
2432208854
53052632
569680694
988373714
2282354028
1364383692
273546344
872057016
3279978827
1479816176
405858201
454142762
62572408
747906736930037764
3369172816
560418489
2157719841
109578008
851786490
36182841
433156727
399589131
261233190
3320655053
2928096323
484729883
3083483560
2339286812
257953952
2284024161
2862461084
3093026266
475965087
2359465576
169233625
14153768
775632857993797633
2321398286
2985347933
723774902
984851042
448335186
2911535435
118011775
381419274
398928323
511673388
901555177
448998373
4838450440
337155946
408021855
2780354471
2332486730
353811477
104270122
227606688
2808138563
1911330024
377272505
799907142484578304
252255936
2508778031
377465277
986286079
49738224
471445189
2385752304
246379326
3688803513
88017073
400383332
537384133
1117558933
2995507655
2588246800
728267401
340803178
2523336293
3122188607
754232386259476481
425645665
796970107503251456
2221381507
2867740125
418210914
2366872745
104551882
487771775
392117332
2994679426
1347344792
2370723536
797805269539520512
446408100
774133777412923393
144210805
78943556
2850961923
407685967
2616680851
1220930162
2361394675
1021541239
2934930969
253540043
1926516720
1101446990
144238332
524493374
1492703724
1829960281
285099275
804596391645499392
831768450
25676606
210186173
349555564
466690162
1101913508
1602804482
16370155
752496236993900544
298123237
807552572
624543149
1368793633
1327082838
598279585
96563143
324818479
1274346252
481227308
202121386
311694861
2728402871
1250205410
164225638
493912799
