599593018
974439270
2850074284
779336944916504576
134043295
1452431508
1041804853
762284905145438210
803428535331328000
472322457
2975488432
780133788001112066
731258681506009088
2768557727
2174535898
18616891
126000118
763864520007835649
486878428
4796337323
428376594
437573164
4849677359
396841926
34652704
2454976539
436870309
131494824
65335565
4112673143
701647912686764032
2418170407
989351852
2978019477
405004713
3928901475
1262007300
1009689127
1480351040
97773643
2726948745
153424108
158367488
2191938685
2941216983
2732373033
143393223
2708607896
445485530
771649594509791232
4885821551
22771930
370172207
2378458508
1474822591
4039568062
4907545497
949357016
425584732
40131385
2510430251
3164390831
2950071737
791759832248377345
496038655
2984502441
1118100247
252586553
764525968623071236
3126770075
2982641339
2352305154
1357813057
733519268
2287024507
494442505
499128183
1139318490
720897240366194688
453286100
551303014
1048291818
1070320532
1230556524
77540948
454725101
1924647492
2757620145
1174274426
803024020094459904
213818443
4387739087
129257660
3310422237
1307016348
2851471793
283636579
409089494
589023152
3157875893
1317255619
749911474496217088
1318305619
2817092706
774232452806086656
407003733
542151024
111933671
427739699
474251278
781611241315926020
195193212
581787698
975251790
341358459
738391531510435841
870395221
788069672679796737
170826091
487504989
789782675292815364
4355636235
782793637
140814256
3003254493
4133772051
28573067
1346574637
742029848982491136
800464320484098048
520617010
785934232698904576
2364107448
469760654
1322376432
585289498
945407058
717334646405611525
1101476665
142298246
1169515040
1556587082
133461180
789859112179949568
128687771
589938233
443187387
3014521558
802299785906683905
3390886840
3228521201
461567074
50236559
483809978
464516274
460507111
374763214
1586227562
2227178944
76769340
242351511
1016066683
4769336596
431658112
718185423571390464
2366482475
435279526
2744358657
281884852
246976552
229584880
247289076
271990882
2782424044
3408525531
306148468
749570125800607744
4622622557
2351601439
733743405751271424
798559031887560705
1311315589
2339947944
478622166
85136516
215224614
2562814182
1046168034
257665435
158288741
422939255
329937650
1705457276
394598844
143813004
969698839
528475682
255666406
547050389
421319874
463840173
258787593
69959408
756775225937784832
4646639727
3130737011
704594335317278720
366747858
133038458
498145030
730034081698877443
359886824
781405127366303744
1455581167
4098447160
2397844595
2469459346
1323536942
423531049
371749840
1051114320
1645295228
47987007
879974216
321664670
4611199415
764845377984065536
1491470516
254803562
1147448544
3776006296
729440748110811137
416372229
728295648
1218796218
1227625616
500236905
550870326
2957474868
395172198
1060109168
381695631
1082984088
634575700
531485469
449280374
411197067
2995826032
1038029066
2373222249
798264883062206469
2940999287
1038231816
1479802314
540975327
376145130
236516892
3855807508
174178027
2429027969
1322855461
522221243
51232175
633259530
139765259
2432948813
743514238493278208
325165914
2373340799
325473654
734705980873789440
512506306
1152242833
1250293820
707656621795713025
398900451
318939574
151639390
255182357
2947606421
712808587446378496
2652070796
1518874812
103064354
967615364
521337019
3405634973
403334506
2210540756
2523972016
1444286834
15191260
3053723635
1060252603
3401876698
3244676116
762186331011375104
1008958405
749325100718100480
1447003466
775039590784729088
2902692352
952427629
546275216
480628476
1224876578
521748405
42020911
604628522
3059230707
1313730139
136342937
2569072195
303172080
2497838698
802287123470630912
3000604564
354901534
253289367
1478297786
51645818
414184489
723168418120249344
1474536614
849988268
1223037354
4095450675
303201471
1397374658
1447030830
405482706
1610426412
871931652
401680400
19531637
2187901177
3219906546
2242100015
4196365162
64139825
2302348943
83386342
2363886035
1260171894
2314342300
745916794100125696
1171488392
4720868602
85167868
792123038439530496
908839201
2909622107
710044495748927488
4193261087
498308599
465823907
129967230
87467449
1247286475
40446304
3313650268
764870336894603264
542048812
2244460336
1898454535
371700790
49018096
2416492224
766664451223330816
2904253755
3225190005
786481498660626432
304364739
28398786
3399214563
1259041459
402352368
1328976937
396805021
2149665647
329591308
477420585
4135497845
3079453121
278156769
166145665
49332881
778647667039690752
2423236055
23046635
17849926
1406101670
2787549467
2271137279
93953682
4182142288
199444190
424556261
4525011809
11945512
790016995
90007041
770021973342715904
1644683106
2479620311
470603138
475127858
81871800
786814848269164544
1382206622
558053080
48484178
310845038
3335478268
783023868378279940
722850803464015872
447439107
722684492
1219977643
96383439
773684083117490180
776403104526893057
398291306
3300962806
760392779533053952
332222423
2572209035
481929883
1059984817
396564186
4871676707
3871871513
310195119
525853329
330342815
484228064
415088731
1283446118
726721856749842436
3166034463
3326316339
283080198
2517301839
443821474
479898364
564360716
1480106364
1480020949
1077110826
778888759983108096
795323216159997952
776714498795311104
793787252040142848
796226750728441856
303219287
718137526783967233
321939235
785924885755428866
14108472
496982040
355608779
2817204236
1080795937
864362096
1168974246
363158162
45300696
606439054
731920891735605248
575654596
793249535657205761
313199623
572125780
1128505124
3339984820
778974359079837696
700388922430504960
425404300
141529750
1266500113
514280693
168796358
2706476465
726164539025272832
1324566829
1386751423
2983119910
1348851210
4243675906
3296304233
2752353844
2361360169
725810364995231745
795385390249242624
747634158357323777
1063780303
1358915466
726853664
2442105406
1213759908
2845221227
708429391
1380718032
85302943
405919398
447854508
799175088423706624
434394574
4359734896
1254291416
1717274785
2663641827
194275021
323778036
557366826
102804357
582935315
1344701089
2397696805
2408772318
2651274657
3124079014
423731914
783760924649947137
264116115
738805650344542208
149097320
239434137
858249276
505228350
406437699
2992982729
701439340807905280
4561319014
28514542
54168213
1269539851
705386674096832514
213091006
395803614
759346461758939136
460226131
1063419002
2986513055
1358611800
2444235358
1619961732
713564619483164672
1388488790
796097962384433153
425686235
542008895
2319542538
216281928
4063380377
2889852755
1706945118
3368385652
1039152966
3007418795
475234937
2843635689
140810792
759712744044056577
1081132770
2725690953
2371530239
4229963363
1488338479
515595732
188043254
1734072200
1434038420
533059229
553445487
400292443
2898075617
2509301951
489757182
2210428876
2199795114
447120305
751364672
712647058709155841
4019880208
447056982
520291889
620351637
337185218
1179962942
238039063
369749865
152671788
213588883
4285369709
514440497
908519516
547980228
758291580793094144
420194671
268910347
799937623309565952
461180122
2424020059
2766062542
746691972459597824
600485803
121190725
808878834
1292021606
283932101
800750620818800640
379030092
843223866
1002788786
1498219698
1009243501
3043540575
16246240
229160327
606259626
1511735094
404048864
225490204
535447658
731252371226042369
490606378
431887124
899672546
96333128
1347753530
2854719148
2511809006
758737897
3183670121
2765052793
1067982564
2953019709
510652108
2389687188
2367306607
82068999
539174332
251508201
1945087009
710498404531630080
1129531465
714226829071151104
573977989
493533192
3913210511
504545175
579271577
1034862121
3117151365
339232486
752010888
1095383269
790567158489153536
803384371055067138
381076830
3331413322
766066296618414081
3086975528
1258895678
61292316
2448102733
3295064068
2342517254
914050591
774917832228343808
621220399
324262863
729981130007531520
541915851
2180831464
376865529
3310777829
343382353
2328471661
2181953194
2431061097
477548046
471995227
424907920
483671947
778914262689480704
453965672
2335367718
2341083257
800511027439730688
3024669184
430995535
1071370646
632742781
452338676
91652757
1244857718
2377659453
1433806334
200146354
778703906356330496
3063412516
4797073893
423992369
541527026
323889720
533332467
3385699887
781954997806370822
2167432183
4122391403
1039581457
998142961
2614227554
3309510766
164272724
1137926508
1370397642
396756630
917297730
776453763624214528
1007560902
2160639991
711875747183521797
28724819
735366894857916416
717894055405961216
778900450812764160
617844082
2355945550
2396676379
3254334755
2409004844
2891246387
514714806
541759113
3025616883
528480384
2558686037
164780237
3977951957
2838570387
792810525533044736
2732822847
2816638404
2791075913
484257494
467473645
1280566146
2190622501
2410911599
57479575
202220952
3891977338
325760306
748252291959037952
489562627
3345161205
86455803
1385223960
51720974
740031002
707348966241865728
139764514
385132187
944721086
89212874
2237427870
803299268136173574
1307085218
1849672393
3201052948
2448071614
545284832
413217587
4689219091
4631600495
1311687600
2359663543
802448379762667520
2224962167
2223326053
1022698446
2765919539
418221631
17565436
255384728
3334148349
3300230453
815265224
3038103838
724894143688876034
1068648510
464551146
2421124847
1137449617
2431985092
4896181677
434036633
337767301
1314735973
3300735423
381953555
395548966
3413443713
1037286848
709503618
317680130
3088659569
3424532134
436833006
57474419
1369521278
1471608194
242669861
789443113651699715
1215471452
800828943540617216
1167459253
51189176
1218998124
396750923
422586035
2435083828
334238732
733258234069458945
729339570182066177
2829805719
715888011146371072
130822947
1394277882
471397261
2986183990
1427398915
4034639201
2153292263
465753888
729294897891676161
410972234
2694146772
445050879
2310308158
2948155437
14460435
2477603211
2536730207
470404668
1472290938
1380421874
1895164603
442225392
1280953482
392626820
4069173009
426094795
146215776
745956131906924544
227605442
1437778471
2287988903
140629189
475096024
600136789
454191208
321033413
504354294
813055092
3662356395
167613639
359096965
477025365
150699335
1655828119
2301960876
3385105642
2685703353
481944150
184366311
11080682
118513045
133661112
126049704
2298294082
1063725882
1222652900
1135800156
51522357
2921948057
236335841
464127310
147371974
2995947293
460275730
2910002759
970835599
617612841
2432410861
4414946656
803352915339595776
1925699017
3069843927
745709113552867328
153700119
3457524023
396218442
195592165
2507808147
986714714
261705959
1270735285
481225656
3436942246
2373907857
521450521
3242236869
2542387598
619992702
322528854
745033396850692097
3840572321
711833597980835840
4889849530
525364699
637254997
3439145415
2167116718
1221300356
418176545
870137624
1116671611
557229572
522457817
539997390
2701310119
716591970106417152
401399952
1208853571
397436135
933339187
767812848
3684132136
2383579672
183292987
120734182
90732293
1320360776
768399420367011841
2377363345
3208162841
326226399
38830450
286264929
428418598
787992135236775937
388946039
803174269744254976
368819722
772498157636820993
427209531
1476718243
341001184
1277296867
876541483
873129732
589407736
763274024675897344
479382795
58868395
772187864536842240
4928491697
50038997
2508021147
2798863589
2799854505
138616135
432304612
490602212
478620962
1412628403
69030213
4237848425
246840871
987011982
1175057562
1849153957
2614724955
354747398
3084719191
243213767
560046823
796311583077044225
4885991987
531721187
19392607
303937763
749984254923243525
3014477295
2429443561
2831558388
294482809
510953616
721242552469479424
2466589783
425303518
1543918664
4845999597
151826671
97911351
732976802
836271002
3382760081
351843456
1405789050
1085534767
781588515821875202
517990318
1454502163
2770527339
249862119
1062799087
405170821
1443706704
245924561
952399856
2445645806
872579222
44747985
407062660
2322998168
418208469
434752212
378706057
83396222
795317869131268096
999320468
2785117733
4204326923
1106174076
299642449
2369467775
2863891740
408118133
2361814984
374314630
214240583
222170521
2951279819
418570461
2271999013
432554149
488765562
4197302427
964213878
3982361956
2513415118
188521082
1704854190
1230361375
1368850908
2412507160
437790954
4617627196
4702133172
1314567997
539157045
1707121399
586850523
532222780
1055140058
223214082
965956884
366252148
123712076
538538805
357374751
2218697421
701723329
84130259
366273092
783740138660700160
763094873473945604
46791559
527574803
67734927
2786881413
2359153168
1125109992
829507466
394957022
49685654
802880899461382144
571133532
431681063
1108586642
725759263025577985
701388779114930177
839726317
1102204278
3064824634
1880399689
78971533
3446733917
76695906
577337366
2865678533
479440108
428588499
883065655
3043362960
1193780617
4405643841
711299618219364354
4105846605
390848844
460611317
574017966
4867831151
534616483
2309237552
1318633034
356050856
2331847077
1011705998
4866946060
22901191
2795115634
4174063036
273384797
498045949
2323933241
387198659
371451913
350812368
1067613672
1362144619
483258299
3521388197
612374141
2540030877
3217923085
477031696
1017508194
752875557373808640
2959917485
797431310096723969
786778001790959616
65147995
427919826
1978729974
1424029538
124482859
782890990269001729
2277360169
799681438782078976
921116641
411614013
1384478448
4184406562
2208172767
1637660911
428897370
912833226
2510576799
13631242
780099851245740033
373423842
1377648812
506544504
132092980
4806536835
431084648
737918135584620545
1668915986
3320285157
390753281
777653605
1412500075
257064557
995021599
2578671909
170691830
1904640829
473209868
326601986
730396590230413312
771813207853916161
788860048768458752
282755625
3227318753
2608779441
423793242
2847486503
572596576
773956774932127744
498846820
4563172516
1089615589
1868341807
1075532306
29452509
4914915772
2891879657
2392155664
184348439
217456749
428415112
39273093
2844436766
793696853451743232
776686108289667072
370639956
99361454
3330461728
446490092
31367770
3154358021
44673590
3231787383
800282029254246400
45400255
2364619452
3874001362
3791205203
2884898632
1203674574
500034455
1077736116
22609483
318713537
970760323
449819882
536340991
2217674274
63126601
349649017
2368728417
2326047985
25372496
1502210575
1948013262
480293671
2285007224
1069422908
1313490145
232908749
85793150
763785605713199105
2363914417
1278700207
795050098455703552
2391598947
3931969841
56874315
2657797725
4925341691
3003451715
803426934940123136
1236246583
905462725
1036719990
428447147
4922341
452117960
2938313507
2211353832
15108909
495131109
493497596
3527260401
767795023970697216
469755986
429565076
2322734663
3402774227
500551562
899978641
2464828514
96325649
704078981591646208
30059108
270070566
4822208795
3036587481
1369005530
325102968
1228485109
3068966572
603612465
1225470488
134559413
142393098
455266241
738415085194989569
1367973715
445626690
434422507
717479185900576769
2217751501
3994936216
248453535
435285639
44849523
518803927
962439266
2375003982
446846363
700406264937971712
419951447
1919132101
296496005
1037692622
1318760557
1116398478
430033517
112485367
753348295
1231417717
2352984616
1045560134
714718290938105856
3054088155
803184326607335425
244053999
440247035
428303369
3299663764
1057565262
406909407
213451073
469354495
4133259777
1090249998
424154220
875347244
2413327976
930659928
2216179636
1591128097
128688814
724573957781856256
376861483
274177707
1498547887
164604281
72657937
4845403365
345591693
359421043
569680694
988373714
271803051
485050455
13680802
92973348
256469568
2371919544
127302531
731131129336627200
292867245
330330577
278210313
399467811
2416044272
443248991
3357308483
232559332
1972410698
964460408
2392084666
2617314057
589445550
22622878
2296057788
786474228258332672
3104344534
1395687914
514803990
499023510
4604699980
4056427037
4339037296
332885533
1640886434
15408344
737342436792532992
477897185
2465000210
3488504303
89651876
3372528161
448998373
835923896
1690321208
355590443
423032766
453287155
2929169337
1852228682
804961884
919526072
3026496574
342104047
394814291
823461702
2858584827
423363055
4363095615
1261559155
775982896255565825
2163227033
3356708404
803115076672700418
410810169
125851628
1295101627
245960120
2359450492
410345597
591144361
262100774
1166637379
801870151549419520
430437851
140358976
483006753
1376818658
911070912
522591515
1030992019
1975163550
713744729981263872
2588246800
2523336293
1395882728
2853575920
38205384
255752744
2448563317
874129596
278440052
754039944830681088
766761611965128704
1745966046
365975700
994748629
795964357893046272
774133777412923393
449278512
40962257
1860435552
147332550
2465901637
351555225
778276896215891973
1077740636
1039809824
424243905
2361394675
1021541239
2934930969
483384295
2872332023
797136508293627904
454765254
803300175955558400
1201691502
793079724088131584
55360087
3103748006
2760582813
831768450
285099275
407077433
1602804482
701059824520396800
104135821
1671070807
3879187997
3296308087
2236761742
1467633571
14701360
409448246
3379411312
1680114756
913038170
161740961
790269417603162118
1876212612
