260925269
216003080
1048295388
779336944916504576
2522862591
2182969790
2185058944
531198622
1472139734
926261881
493011238
889816856
18616891
288764479
3001821422
472905491
757989565600858112
396841926
3301531378
618121393
31580856
131494824
3152228475
90597064
562805089
330252561
218820762
1946489059
853635661
531296288
494383010
320448235
730389738323099649
452858854
703956848836222977
497145487
2884655078
116039315
2706096814
489592160
791154802549985280
1247360977
744524292050788352
360518583
410879335
742257947582038016
126344012
481375605
3906671655
2984502441
271998317
764525968623071236
2735972217
743898591597559808
754658882551738368
3356485570
1223079336
974615749
755342412
499128183
1229478864
1359299438
1311830046
1364516803
2343993217
1055347010
1082718704
411668419
496654038
4762981463
1894270790
728807104790794240
180317088
884424342
114553027
1307016348
283636579
2764203485
2336431904
356143808
3427709602
56454487
2336792358
1336561027
354808947
792043834343624704
4802694533
1241549911
487630885
3405754877
520617010
748147422895943680
108611799
465950531
404409239
3400696882
1557730285
184881757
1206184754
781046072865087488
50346361
411196574
524372178
3298746532
443187387
2504129001
778468643008950272
511920073
413354451
719651965
716989892954296320
133076985
2423184023
2427311741
771625791314546688
123963892
439357588
779211695239655424
287153306
1350073418
899901025
253601881
1090175304
710503452443615232
81646967
314537220
367898644
63732939
796011204397465601
2170742693
3426670696
395775680
1146738356
2987686264
359256835
452457419
284018827
589418956
331727335
1562752760
4811969481
1319275574
423519154
711206425
540235312
22018055
53991436
1065254220
2182009663
329937650
389677492
2149606038
979960242
712378228678258688
65977946
419743304
1521455803
759428777793429505
777025956078813184
367312496
2974941849
767772101503836161
1157534816
795290773642215428
1051114320
34570586
334811128
1426157994
434071914
473848168
513144334
4092809355
559499000
3169533665
796334964342194178
50589162
739038057479999489
997982544
717761771226968066
1623140270
2690461578
4767821596
1238622974
81689292
433578666
989346433
473107684
4792934663
285144362
421256635
517635978
22598131
463969453
531851126
1374076440
512506306
752979558
3988102589
2978706729
405832858
494218103
2427827258
798768212598931458
1318601540
104430215
788049329403506688
201314106
3387206505
865163786
2978832886
3405634973
419500576
541787569
343239720
2997431799
552949047
129482901
133764909
1619769668
347503470
714553962599464960
1492509740
397902445
436640636
860222119
903499165
863630202
754269659998855168
3868881574
147543162
63813563
3027478686
1876823636
405912134
1481960144
432883672
2497838698
255417494
805030253341065216
1478297786
764201799217717248
2563847123
785480625960656897
169112670
3295600515
863339647
3437307191
3081135833
535066582
871931652
2474434594
365622822
428261286
1381974631
514552306
531417062
2889628751
1498271646
279147723
1533578659
215087363
2294719548
776050554418171905
3971921128
759383486730043392
718898052128489472
772074670208221184
393551120
909082868
753570089094504448
1351944336
805489275391344641
465821727
2867279117
2449452788
766664451223330816
2883942243
2548419224
728178382006005760
725731303992221697
2149665647
799300362930974721
395759988
1331076596
1330084448
2887988230
99305428
2355147860
785089989692493824
342118728
56431845
716357499939586048
50665410
2479620311
464045620
51140493
715980910118772736
1230470216
228051072
724250873216507906
801841062763491328
1357580233
398291306
583920508
2354704705
767783947220713472
724648551561728000
784753884917075968
481929883
1052699946
851734538
803591105413545984
591614089
265385204
769885684538703872
390297468
3309946937
1346509117
4030971477
131768380
4702970784
447005422
319166186
499227001
2271436581
99686746
48312239
2817204236
2786870739
2871517500
744518687617593344
2923831751
452294805
541596083
47367554
313199623
418624595
2341209893
3125099459
492688472
3396685594
3342581884
765879972464656385
87962275
2719244173
317278701
790099830
4460750969
1386751423
397126963
2361360169
989340356
795385390249242624
876091626
426977136
385571810
801783651977613312
392169271
708429391
1855419937
794092015634051073
162734561
1717274785
2203683053
181111158
773444545342234625
1260518365
4133217027
3374111835
354125985
886485402
771607371936215041
2786004480
759346461758939136
550061396
4212866417
2746586057
255047902
365065358
801895595237670912
118053242
2981320335
218923278
1361815838
2361959873
2592758547
2493423698
3435708070
85657467
2319542538
3345584741
798635240889651200
707663840989806593
549983968
1308910549
1642789244
574648169
116470630
2774751706
2332571271
1028897996
3336455937
90157200
225168723
2173672641
343295926
761971314781487105
2481362655
21825227
793894788156297216
1273356337
2435959670
347163786
2298394045
585968039
534904479
1179962942
731863278062829569
2788841721
369728921
514440497
44742853
316768141
2424020059
317507759
1580199242
751790735494619137
801526539817013248
2357502873
757917606707916804
200816097
4905992363
1369173655
497384675
1494873888
1468203008
1009225098
110454337
1736048354
1168618789
902483371
716326404707713024
552456795
247505099
1382210870
731252371226042369
434648926
48996987
56819005
804080566949859328
349043533
2214275961
1670823475
608152223
724303327077502976
416952898
2984266637
2527780688
1037942274
472463917
253224028
782907556159221760
412894524
573977989
45125424
517097188
372829478
1314132968
2252065378
2372381341
45514913
1379254362
365079939
803384371055067138
1386808813
98188333
766066296618414081
416422287
3431833228
797197311201972229
2181109997
3334850685
4849306162
142204068
1233975200
3352056221
2910674200
5986092
1593767335
2824073461
1545813085
1368152558
964876040
717319878542245888
57598603
1011603156
584022845
705813420973621248
798907507695636480
2970015723
717965900062793729
1395720890
801764256299569152
48317081
2359496138
1082400372
91652757
492325083
1433806334
2358815361
47438785
4797073893
423992369
541527026
116871279
293608717
1221944630
564872887
1215628212
48142375
712638482569625600
580787517
3044774409
721338196639014912
370690455
1168797480
265494725
2317508289
452831702
1449796104
1251341352
57060570
44948272
440128266
2825259495
1025169505
1263818557
2366790998
2463100707
742397759991480320
1932231254
48272554
2791075913
770354017096589312
783741519564005376
1280566146
492359297
2410911599
57479575
134206590
442735223
326152237
439290200
735454076847132673
489562627
3251588698
1229121186
526765918
385651457
3201052948
234082042
2413663977
1910176993
993157424
738344440851468288
377992089
1389518442
3213490474
545284832
1311687600
2307333362
2341927981
2748424515
2223326053
29157481
367686054
1341462944
610225746
411841520
1068648510
124789099
160249410
351919802
1059528432
1601790577
524809983
932478324
414993771
1854556328
1336254342
1892883824
777506688316411904
2418756838
598691163
4857416872
300523330
1063367166
3420330395
742455271
150354782
2277863537
281689745
713058194059304960
2385396421
368588066
2980016638
1128807018
1108915164
255505106
4919837110
3224935295
3246127000
138008505
721148434
947272602
458368651
109615271
379354501
13902852
197420592
26295447
1379900528
452985926
426094795
1257582146
716432480966942722
729861715970658308
221681754
1269116011
816135402
1079586907
813055092
4766770768
802059051064561664
98625281
18618749
746008230757867520
526667215
1274882076
478806476
2762345533
425012814
2995540995
498878932
257188974
221075783
722491989925699584
411370110
541824556
1540896884
2835184227
2369008892
594846876
244596457
2208150118
2411448866
141896036
3331059982
165789892
47880910
1077627415
348493456
521450521
2871241720
126883491
129228198
440129638
161450764
247726328
1044932990
283107590
399356077
777547178516553729
2954902816
91551818
239505380
388572693
2720848557
2918437683
2426215915
507792558
2716446892
2971568187
223112072
3428888823
2178149111
4031602695
748035974647648257
3586252337
2312319749
972872618
4843238987
1699586232
802421497
586498147
454145106
3928749496
2940410703
562440912
3321194891
4120726487
237828443
282168528
3157207294
1320936355
417227921
10178372
337095643
2888026811
799754734315782144
3095233408
982628515
3302069128
1028630946
396691435
3077624915
525765095
3377613693
1038941972
418869348
1278572593
3741473963
246840871
164616607
4859438769
2817083455
278743750
19392607
2845429815
2179948113
3435397192
2466589783
416123085
607611228
836271002
3957480201
3346519665
459219907
3149261163
2198193816
1277793402
1035803582
17876465
739177143574364160
595401077
805141954329800704
375721518
249862113
109216039
731048593591836672
805333672001961984
3339999905
747451360715616257
2751139073
102200819
475175542
2283780786
401438300
197193073
2388009454
755512533218394112
988375248
1015149367
1853722758
22616757
1642455607
538578000
2367015206
557950729
592489826
22659500
637292613
451473769
636955791
1395104083
2436608759
374314630
4624496368
2609395708
1169506849
703292189913251841
2999765214
760806683564240896
496881403
3055322696
442324308
161428463
3326878185
425685576
117520797
58778773
356421356
2280648054
732206617341595650
4273349056
4725196222
2206179700
4869095007
120389213
2794139935
761787475
9476932
215278944
706570552031444992
3458373497
1407198973
829507466
4885903612
131238747
3298997074
1221983672
3430000359
246522096
482969926
3064824634
541147498
1175727986
720631152919371776
4050739455
522567091
585999327
704996147
619321737
4299066556
394903214
31101629
467573735
852752916
2501851306
4318680568
438258080
733330743800258560
2583026273
2800729570
2452296161
2244632566
1066207429
754037580308606976
254683974
1104665330
1260162366
3296247557
1443830137
2650582614
906762372
488663330
2401418695
3019629387
3906755599
2494105081
483258299
420644527
2197080899
527413030
485546674
1017508194
64954580
763394561968177152
2328728342
3328977022
456648155
1978729974
3503051356
726150285870157824
3334600017
2974879767
1344040164
2341987590
1548872300
4160599461
1372461787
2166381300
621038509
2208172767
616372545
386088244
131460484
208996172
406116425
2990153159
3392585361
1853857640
2180127219
4024983855
390753281
376871430
742397869
2348699587
268994593
896316086
249167257
386145254
986382066
141975784
50747736
412371895
477122234
725882047
3474585855
634690513
386574852
2241136135
4881267029
344890156
39975495
1464788840
1024976264
45400255
3234130441
198563704
3121152852
619339531
919784479
407190348
1579008720
82389388
2482426529
756156933879525376
61703985
272858172
1069422908
1313490145
580331655
2904229025
268905980
1710334843
723594761488228354
296197775
799219281451958272
396146922
416351352
514380298
2967886673
738805348476260353
2776015188
3402774227
247722432
473960090
2422131402
336408164
142393098
480640741
547936685
1583850908
2800443747
248453535
787227720094736384
54890247
2958660693
40436213
738993503666118656
1195176624
2189633884
1037692622
1680697170
200422029
1117576526
3318421203
804368763781021696
178422088
785129133009494021
183263414
46120689
863020105
192244668
791293039
384881122
2267581078
553445128
46511559
2547906484
391485689
633728787
3025472511
1121815128
513032518
2880084795
96366187
736680442624086017
2197620432
1249671865
2748283938
2984790724
1222815008
2202172361
107488386
320737259
777855788882812928
2165389231
1454614525
2572430290
49397445
1603915909
4923500123
766644219930873860
2298886449
353160476
3019734856
10438412
140069873
2459726545
3304067812
48979295
1582784514
52332450
428349357
429201666
1883696546
4011901702
3243464967
101469657
3357308483
4204098099
27606971
3305976862
2944834883
429469577
1524944288
4249227922
51727698
3305939879
1566546614
514803990
597545163
401407144
2940621262
3052854105
423582298
4483480636
133030062
37382519
632115448
358143005
372433086
209007993
1009626624
2697637670
792725201956003840
4081241908
579087793
517672213
1147654514
2899686898
2939523809
432646643
1209547698
1357005222
56061798
1117323301
2845668851
1451417796
557545233
2228205837
310877599
781502912086376452
4850404991
761516705445183488
430437851
159465016
75299581
728804562
2815425383
1103371136
22799265
2902258413
756546140644974596
1342578204
726444387123736577
222411571
2751256629
595891947
16222127
432259780
174643719
3255450621
61741831
2482305961
805315714844397568
804453673552134144
999278988
1077740636
841647078
22044386
2337395271
34556545
483384295
473132045
45089842
159910237
1067951778
55360087
2858759915
104135821
350184411
1262703662
556650372
3107574627
171057477
587948551
389670194
534655010
1120118342
76385745
54621752
13294452
293560915
535729333
4640857347
722794470
348141611
2174535898
24386364
1694641429
4924594492
4188671596
932961775
1022288858
780707216156299264
468467131
122644390
378801199
701647912686764032
495412522
2561253733
1062995012
742027791990968320
19863725
113962014
3375673725
4914230231
764136133286629377
291604982
2748801657
151400061
475325454
490663784
1712610582
561473002
782271812084326401
377619841
4143353975
2338484714
2886866969
365105383
3399075250
1355407830
1622970242
500633142
18600275
2510430251
436124417
50233016
1359735968
78085964
1626353725
2352305154
39546698
447894409
415824457
2718765850
350404007
1534486934
254179369
170296809
2883813258
2764765443
489551817
1366648526
58636171
2922077789
490685556
716624665507180544
3294099952
404836757
558532120
778321813
612027693
445476842
58562618
3332448431
2233203519
1156611540
26982622
397853516
487765597
140814256
176712900
458802038
3003254493
1137546056
585588201
50269456
769478656498466820
154967452
52785928
433435963
417260423
249723261
440977656
457375249
753290282020511744
485879083
740663614688890880
712952987430350848
2948698869
2220186288
808552812
388321158
532361025
3253240709
763393541427105792
319578825
2541601227
2171244177
429118641
983202188
1188669456
794560492337594368
697418738220535808
1379491982
3094278383
1444784371
452226860
2859259954
39028896
2370797451
2749292998
2713179867
2703729438
416124700
2562814182
257665435
3131066931
750995719
2345320392
3138188655
547050389
469317745
1365357391
3909677536
440716175
406453295
736596690
1101448555
1537221842
55817524
4098447160
2397844595
418205094
101057515
4611199415
329273552
474014663
85317271
2184144110
1036959080
3012254517
288815072
1940995639
435645089
1082984088
9805952
479810905
786276460080209920
805119209588006912
1016013998
1074654600
800779578
746263383473799169
474175425
325165914
102674438
766378262259986437
1015943185
787588319957966848
1339546009
2995754453
433664513
2362578901
621728989
2316595409
852781370
397897565
2909504255
333644386
1332329335
15191260
490712400
1607823997
312616250
2160946687
762186331011375104
3237012287
1275456488
3158815840
2328923415
3257070727
3052918302
778646509
1378820124
470121895
432010252
712986674729500672
608497602
489693440
1066782674
295781571
124836934
479604138
1069206085
248721251
776542546763849728
514377723
2478827076
319116894
764402685617508352
394252990
4868655040
1223037354
51757652
3157697818
1063454497
467307839
188687898
1934584232
743477715790077952
3145265249
487658598
404961989
799352721254051844
150456616
1260171894
699020578955661313
2373026109
1037288737
1145835457
383639966
2362418930
443193400
1010100626
73587691
464850279
2883998483
219273566
185794895
2182046839
3408677429
4863618933
2342862611
617201169
2416492224
258599279
2266409233
405476051
3024843525
2857263958
307278565
1365046711
2892534323
155611478
2348724417
1134804595
103529808
477420585
784105196070854657
188787298
1385757690
472170881
3322620622
119828611
3368018859
2154774592
720515573
1644683106
2343392899
198869860
708535368
1585478101
334768369
4905761794
4229498536
1274899394
1177462297
317879495
92956054
459664582
2509319063
908199462
2493142851
439268123
487465768
2846559233
4187567045
628367790
2877833997
1404322896
416492793
710864700851032064
740277257424523264
726721856749842436
2941915384
2511962844
3176594760
269449767
564360716
1344131071
2870870995
976652664
3221712009
96233686
391246325
894920761
73085144
1103812855
1332514261
2983947047
1092670394
126579485
336996257
787295659074387968
403444000
14108472
488356774
322216956
1230871339
1039860102
452278988
585674249
782377401955287040
746743698956910592
1063332403
28780525
149609445
39941540
141529750
187860093
398290240
87286001
946529088
758530712953847808
2983119910
1348851210
303072125
2752353844
3079676979
58020070
405919398
1099490318
464659065
700939605521145856
318549168
1304080812
724154607254011905
73971750
2351364017
3124079014
557018960
131486969
1074692840
117701249
295757870
4089359207
1691046102
4305328665
802606815410319360
759773365385048065
3381325839
3860196976
608063632
345918295
1889899333
3325181297
739791783111077889
3171055223
1408430185
1333341758
763784342
2275661440
4483045997
2889852755
1672975260
3094312457
602574015
442005205
1012961892
440737015
765969613305815041
1191099788
2203686361
419046277
133342361
2725690953
3344556651
805467321389158400
2898075617
303326553
291779474
721432104396025857
3060280966
3663181830
99090506
2338370276
724653229368287232
520291889
42603583
1586042605
2454559204
3030336508
1376382397
2585035709
3957668361
386222471
2872669089
2205598141
772120295465443328
758327439558836224
3072009003
792743364106002432
2919752193
1498219698
2438650607
1586673164
550442189
465046516
719147371045765120
875178422
82949077
69558639
2348285916
201897058
1679375545
493891703
286905390
541178236
2370460388
2411294761
2203488436
1231473788
2943276957
2739356051
379828154
269935838
343442484
1110202813
419285776
713628144545230848
2956953249
2740139597
790567158489153536
577169108
424084271
3080186967
1209806856
85590368
77554140
1324250802
962462347
467659856
432688797
3907730538
729981130007531520
2664981444
2829928707
764140480775020544
2328471661
2431061097
2228667795
101573147
2313567032
3296663865
146364035
382029804
3296497990
1249955268
1092084720
721937520771129344
753519234710376449
4919373641
1168160534
961043671
2723029636
803695405406048256
1021660854
3676997313
2784216706
1546547437
4081845855
781954997806370822
544497189
3104176366
292649689
701839073145659398
584528289
344638691
797138085725278209
146037020
21929177
471812789
2722863047
1499347417
396756630
2249430114
2350131678
50040128
4076026275
2565153327
1086972710
2972964329
557827565
493164552
417252855
2236656979
1022123316
2364035995
400209582
528480384
232218042
1538025666
118035662
3300627109
778206259145244672
2509748538
802163291921543168
322490591
2248808823
417866479
2199221633
488895138
715654834289000448
733026190689210368
303278808
375235230
467473645
2350203541
3580033637
565475307
3428472718
75892050
216073612
765296385700880384
2893587951
504329845
1905327090
962612156
3319178885
1281118717
1341254522
1055931559
1385223960
991736552
3022012884
2729415801
123921424
428915501
2256161788
246277707
2366461149
803299268136173574
89212874
221538086
2367281287
2416137887
1418786191
1233729696
469351700
413217587
1425576013
437775911
983013728
622020182
15336354
2359663543
4871813147
1514408528
418221631
2959067991
3092389516
3334148349
415884853
805387375270576128
719612791087374337
47148805
778961456746430464
797171228092100608
3319305760
2572632515
15890886
700444597600833536
424391490
804180066653573120
399624734
3300735423
381953555
1648213129
3251331238
4918665993
820315045
775421050054139906
387278075
802096787288899584
2480246000
403308180
433717645
2866618995
45937678
801808342125514752
2597478629
910601880
1885749720
846790633
7830782
2523568577
2577264482
402997564
733377494078922752
853678268
418762910
2477124216
3001742419
1070697217
3007543721
804410479540105217
4743531021
2746334885
4870755754
253714436
62940685
4069173009
511961726
732773769824047104
443105581
396823374
114178520
140629189
2364668066
419498039
953258047
768783082736455680
416439103
489374582
384927198
723843735482720256
359096965
600546499
3631947141
2247492535
1444738142
4264651871
121689573
3383981938
1085901524
2778061603
2400326462
531746865
2449553318
22542619
2171028731
2436946924
784510322
932888491
4074742552
2921948057
430827171
2306414611
2456846400
460275730
567159863
970835599
2300311050
1083231966
44667538
3457524023
305269020
396218442
418837513
389500881
59564555
1163796132
805479115310723072
130826021
94788246
1102216892
481225656
3242236869
705644864
1086700214
3007504107
560977621
753986193495293952
436855201
3048846859
219709201
855232669
1527761478
787922960925483008
970705082
4137440049
2907953530
3309458867
1192260607
2714596672
1085455423
509356418
2801451225
1287327732
1849298862
831801152
833575614
1096420074
2557453016
1722899785
561307154
2452148457
458738784
326226399
3937406775
105462498
278029012
33205675
385357774
772498157636820993
368819722
1427556781
1277296867
876541483
53139843
3183261832
116528440
76634165
928115474
523613502
178685251
2798863589
4614421054
453959464
219358782
261352880
930194618
1168919390
2904967810
2866107063
2741727190
2932065071
4078323682
865106616
2155070496
934200967
83793343
706171154092924928
3014477295
788551456865579009
790258350579707905
2436934572
845530674
55218593
932393936
796454452756676608
1405789050
1234446558
2885121955
4254101320
2726719697
2591269446
425743569
4415743515
64702834
2543538403
196409507
2210950918
47495257
166161984
3901586578
872579222
801314293031510017
173925687
492916204
435663871
581801913
764003692123074560
766471224
77823743
798505651928465409
774612532036329474
2703675064
64862714
1357710228
2396162744
214240583
710806725
222170521
2951279819
2153812941
465960856
67710936
1476648654
715925457774972929
585397603
2941902833
47907492
169030747
1283249520
3405599800
2921447206
236794333
2407974422
1964464562
244656602
544218009
228923158
782574940478377984
38902641
476908580
541695689
3304876522
783740138660700160
268992090
1096100132
1205482028
802942235398565889
259949070
418022254
288768288
2906615746
3182903687
3043362960
43503218
257709473
1193780617
315428267
495951549
735980645273489408
455094599
2478946331
4885620221
4867831151
220603109
178330203
727770559107485696
62334247
2873752059
1367362759
3521388197
149529007
3008526447
1411042874
829603081
1316630180
2843581449
432211151
207094936
797374091959406592
412485527
458182729
4892651727
1033371054
1045573032
3236323753
2729352926
2987085395
2704308742
2363684405
380405533
1360384598
885661050
751379826024583168
485031544
453851050
3640747095
2751861019
132526509
251286285
18935802
837370934
472893871
1222653246
2763753587
414926221
238349229
3008501170
1412500075
1198293565
242490259
1691875730
500881322
278982651
773956774932127744
2365532641
493054513
4914915772
797524210453217281
428415112
411368819
448732675
1394582718
288854744
474026222
483304367
601855480
899952481
2396639005
3332720836
2997510433
3723326176
3414897147
2419860820
4405998622
717647109114224640
6567492
609063074
2921663932
2391598947
3931969841
1002172878
2471273369
513492134
270623814
2396793506
2970206104
4054551945
2464828514
805501965023186944
402863215
3000601366
4537641262
2886180345
845781758
445626690
590833841
573831937
1435196936
773906320965636097
2884126876
53345590
541538081
207939445
481367573
805409336373690368
2190915769
1076114564
1544336527
803192010
915191390
2906554709
1006148712
3217218965
24428683
4871884721
712318478200479744
102989335
431649074
1480601564
1418976222
2942486068
599114492
544352838
20694485
15735970
922796137
1120206308
2356966725
1057565262
804189439228596224
7048432
15532171
283546298
702871166361477120
455975106
3318915569
341169144
2888891609
2575324037
1042338378
396547794
57052200
774544059075530752
2902922074
1257959892
346518147
2262416157
4039287245
119067790
2872974977
273546344
454142762
3358858468
2822544797
3309670823
560466555
993249822
2414500381
405498561
2792078239
508707261
4216047437
1015943750
795565851265159168
330330577
2904770691
303139807
482200286
241289430
261233190
63705563
701796846952386560
232559332
2256780896
39022638
112233466
4060369233
2234343936
267728903
65922786
448335186
432670529
472298643
553490318
362432939
445596864
398928323
434816089
2505587934
448998373
706522020016746496
391896348
140002958
381142019
1381732068
711187023
559988325
337155946
572997879
96551123
711918096169172992
787718454
1267065014
61613898
1100350039
2230782069
700901262
1088806153
353612019
407844018
499571765
588310965
2602165073
242367360
1261559155
1331662351
401280955
947879034
407777608
2359450492
591144361
2781784450
27390026
2333490399
22609411
793700795078287360
254354362
1861738447
1510136666
400383332
943572877
2418774046
493947848
2588246800
3254705038
728267401
2351374334
2762417410
431978037
512851889
1719985794
507768657
2527788012
495386998
2563174160
32624061
3587587647
797805269539520512
2775981333
392056373
185977604
774133777412923393
144210805
370940742
710868873462091777
543597645
518949245
796632658575060992
4836678281
2361394675
1257848173
253540043
418877215
2316519053
1047652207
744953408080199680
391620881
25676606
289825793
738613686596554752
796671107617214464
807552572
2282469222
409448246
2277937200
794035311395373056
1136344622
2338806398
115208049
1178518129
1876212612
