95385414
610429671
4550095348
1048295388
3904718786
2946408573
422886475
762284905145438210
555506562
533329366
2238237993
493011238
799248233981759488
438422849
788124436406923264
1042807543
288764479
383147499
757989565600858112
434250277
1911169982
2459996144
1389042925
65335565
3581003417
352370002
608237283
2848848250
1179157244
486693376
2974517662
326854012
194972957
1009689127
768438281440813056
452858854
400801252
143393223
384846800
329103684
200932330
481636772
791154802549985280
543866562
1361875104
2199740816
721363278203629572
805722984350711808
128225182
800698016768233472
837753752
126344012
1231825982
434135287
52073784
368338436
241912051
4824031401
2333674306
74707629
2541043932
804195631493509120
1104546798
754795288100044800
1633720213
3360432215
1229478864
74544145
4658835562
1591945410
596821309
868298592
192258181
4896102700
230173940
2360523472
114553027
761023579
418743064
1307016348
620997183
1044887318
799467611574726656
2173735015
367712119
805551327208148994
3433378229
2873826494
52667653
870395221
452010658
2566948102
2930476102
2354732305
1093314320
45317110
2393222217
7184902
520617010
366053697
997512960
1914960499
805753405805301760
361790675
194315771
524372178
1083729685
1583259805
443187387
19231752
712035142508945408
1338839544
3109698387
3344602462
2429008391
3385597569
567391977
430201905
1117120286
553321184
444405133
779211695239655424
899901025
2346570771
1090175304
437635996
584529887
96338067
2589653764
2170742693
950543234
781366033231802368
623993932
103361315
3426670696
919502593
33840320
291755729
3039121852
484170638
590037686
1128223242
2801667790
424102462
2403776046
2647287138
1230108756
1319275574
3317075583
2265249203
144213581
938933701
3339942501
2182009663
2713478241
24698016
621016785
443063116
419443005
397199507
3857194275
101031118
86936133
1095415531
226098932
725657324
382159660
366747858
440741372
282624338
207128529
767772101503836161
1934445032
186221116
1266598608
2206083227
2508150650
4244953881
2173329953
4010873177
1426157994
210477610
405093185
49319956
2982624400
191488665
2771313035
36307715
379347952
160252784
50589162
2359401339
634575700
3214544331
1165469972
1227799914
2333203880
3320747710
1360232480
2566805621
989346433
370726988
632400257
49288229
2325894237
139765259
2376999356
430200691
83847970
2521854263
463969453
2400347005
877434170
805790150504615936
471348109
3387206505
22647625
9479042
184073963
805443539660394496
343239720
891372180
778319737080143872
2526968245
383790840
162000741
3229982559
436730674
775039590784729088
714553962599464960
250778267
589286587
605229354
3026297093
852595651
436640636
1044907412
602903174
1671233035
4185660388
264211609
1376730776
403051679
270896923
2497838698
1555488049
34705503
3290984981
1347431557
798248939514458112
586731493
466338008
2826070541
1610426412
1960527751
949767170
2304435365
3294901019
1331086867
17880873
241086708
382662736
1228029926
2923272508
67564253
2377444536
2872060322
58244717
561823534
83386342
3288980225
1852433868
2696366840
1421381328
3239016405
1288700246
4235688612
1065507722
1110124999
3006055845
1495539583
1863950486
2884873407
3081747118
1671155881
751770688629907456
497050145
400363156
1227969776
58762054
1319044700
214090646
520404945
1192340953
51361757
371683080
985254589
4135497845
2770272936
385397958
17709747
493901532
3148108978
783641344367587328
2580374513
3005658063
31093722
475127858
89253972
267649803
339060680
116468336
306342758
131843843
3028809503
437533038
236546318
2472017715
443869545
768545345223753728
510743720
32832926
602069331
4854132653
299384410
805799125765787648
2206836308
507063069
1205594306
83912604
2215701370
584739670
3900353728
2963815197
777125546899701760
2158614921
2450479112
3871871513
715782891586908160
161497051
3169131753
4264978996
3026099110
265385204
412601910
2353581032
1583104512
793787252040142848
499227001
1249222590
2711786952
410977365
573752958
3303594136
3063738106
358919228
1039563697
368769631
751814461690900480
372199798
2327693720
3307074435
249751492
1364231341
2363271545
313199623
3125099459
241081077
495466998
2289645645
2719244173
271135852
2374899391
1386751423
253550542
2259459451
2161187708
1722272466
3025368046
753179775032786944
1043297900
1213759908
2358238396
708429391
577023890
1855419937
81341793
976455469
1857148146
264953503
427446371
2951457375
2998343315
950266993
2651274657
2185004339
1257641191
523387439
3719207249
431768487
1100783203
771607371936215041
3346569904
2988996677
3217711420
1902810301
269974355
1000188997
759346461758939136
534135497
3003054298
2472132872
3324571887
303810430
183739372
831144326
985522832
3059513296
2319542538
796638809580589056
247841802
439855752
729613256793444352
885184754
4387850548
403028375
499921719
1134483002
509053415
2651374166
772162036386193412
2332571271
1028897996
805798846949363718
2518805059
3081011259
158017561
764908550816751617
2494373125
805810964142718976
272876921
790464906453721088
2250921870
21825227
139681145
50262288
777777871
762951852283617280
4805595143
520451294
3480866369
2349060598
754368761185046528
401650330
886686836
1179962942
448852730
805806114373779456
1244642113
3226396323
3291324425
369728921
429094402
2822921909
3001014469
2996059456
2424020059
419824870
729563331783208961
800750620818800640
963965773
500945141
1037954268
1262690820
1093512139
452401757
2895110417
424892808
713175317
712962595817435136
196516465
464554014
1380574711
1055797022
456502728
33994488
731252371226042369
816959106
48996987
3667010056
2263822269
1156872888
2511809006
390016416
748103713995227136
3400166723
571891468
2877719301
478026574
317213797
573977989
1071485604
579271577
1083645529
1314132968
495806630
430248545
570304957
1386808813
3331413322
2872452713
2434225281
2181109997
840083857
133297534
1233975200
564069706
976995883
2910674200
256660513
1069078807
4860694919
86544451
3410104307
563160230
425741757
2948863234
953887928
729924880288862208
3340616146
175127426
584022845
1285648478
3912125459
285091698
1327131925
2735997057
126939158
939484063
417095223
1339529246
4358642595
1927514694
2460047262
1480526342
2408803254
4838146889
492325083
318660927
57641029
106204756
754296809883832320
4058624363
3036352179
1039581457
416310352
1026340170
2809023844
1008382820
1111297184
755426982
889099008
2317045753
4257980746
735366894857916416
2893699486
934476271
57060570
805704118031581185
1122659574
1413596694
797563370
2791075913
1189938984
1357159903
434957693
198689110
932396101
805742689190875136
1039463288
129973470
492359297
2190622501
793405084990341120
605587910
134206590
354284014
1068491160
193913196
2969995391
1229121186
198981234
207211184
410041048
2312130859
316624631
2520833600
2260579680
3201052948
2909929737
426246902
195734767
315798667
2628952445
113424592
2845626183
3129948658
2224962167
799504971502944257
2223326053
782851136327909376
719742706
103047287
528699157
955750106
460136954
1474686408
303365029
797740375213568000
932023963
4891778626
537662962
615969319
737695597864595458
1641218742
433694235
58478445
1719811099
526877744
598691163
2287988926
775774416768761856
4187885897
3926735649
503452485
2748304043
714002059
192210063
1479114414
782645175327739904
2885630548
733258234069458945
1367572112
1394277882
289400495
2362146442
412129293
320612641
54903017
1246974960
1270403142
4547668037
279557700
357074444
4077950386
909935803
2197175103
728935613882314752
2425806510
2262356182
91843058
37631819
2365649391
2343512623
404949783
711605443701903360
4189356688
452985926
56064083
426094795
1180597874
1911991346
2955148689
750983315000295428
1620754188
2874742024
794287344715235328
209923
987640627
746008230757867520
768146596919926784
3058915157
782874183365779456
411610129
105277013
495751046
870445994
916487064
277932088
2512327216
466628457
2349698179
3256311822
2156562691
141896036
495191393
531204093
1333621646
486881973
3395550653
703875686218522624
3001665089
2322949688
2494823137
3398036302
2343639954
2804808647
365304824
4069758477
491142862
2855195985
1415199168
416466936
303301834
970504938
522457817
594559435
313323905
3034643483
1710874273
427510652
507792558
3199220876
4372999402
483324627
4642395077
1241767526
2178149111
217257965
138044681
972872618
3179265154
2925423826
1075871143
2400285224
127140587
1956171698
2306187288
838485198
325739333
2941128384
522410382
217171307
23384495
3947845402
1171310611
1712830392
630946120
2540480404
2279477919
2376704631
1728213950
1275308629
2610299144
700841898
574396225
772186947938758656
385456063
3302069128
771197191
732317340092780545
1162661400
402881758
453531668
425296360
58616005
831325898
337171830
2786958263
753901145366626304
4551716415
3448617916
3199470706
154890155
537241066
794581992759300100
475847259
246840871
4872303610
1386793261
859694112
601069418
1531171376
546066745
2835640580
2158195314
106724705
1012990321
486503505
22757909
344767294
3466428077
2198193816
954228864
183258015
1035803582
1673265012
2913833871
1062799087
695753
2321258784
1536731845
746031626216423424
978557845
288656733
756456757459881984
1032696974
2792814315
6322582
450585386
340972113
1007997080
970054074
1386459625
462772665
22659500
637292613
53659160
485599573
773958025535229954
429312499
747147930742755328
3010333444
431089246
838016479
584677870
152673484
1357263476
765113425882218497
742361647818395648
1420443511
1402978436
627383485
1230361375
805144405179035648
914779435
437790954
793050963372302336
1291656504
536207117
2393772904
1314567997
1418554027
791287209508933632
467291442
444063000
2184787761
1058212146
61186603
532222780
2754543846
1309041114
726428495413387265
581203955
9476932
1325008650
859058736
919333159
3165917453
99455994
1471642706
3038537723
428460389
2295417636
2773203804
131238747
4885903612
9055772
2981409279
701388779114930177
2990246674
3240122307
29960852
184729817
3228198179
822067778
3064824634
1175727986
2596562636
108434084
99702635
715083557581033472
141925961
2785334697
883065655
932232746
2756017623
2222783701
1360369249
805803485019176961
2243752217
111321383
132484911
467573735
1073080100
533024781
2309237552
2559910725
4038240796
2712196248
377429760
1354935949
3363886649
1089245906
3319603253
2895230327
2190266820
458632561
10939652
3297456253
4174063036
738090520866623489
2346474790
2283375104
23054148
535713785
265613558
150271851
766225038760677376
4583225809
593923185
2784514879
3019629387
462825642
3906755599
513356505
193888247
487603744
423327600
4172212191
1076835426
2359495127
730660405761191936
710609693
443230830
1058200926
504661653
143536359
597844773
575236900
108698467
2596945387
334291518
2974879767
1909235491
2341987590
1318434036
61225083
3247838446
374647936
2166381300
406783704
1964978947
2438340445
421155334
421050354
3295449513
461430454
2221874484
1853857640
390753281
1474855951
167845063
36353564
168782371
742397869
19067940
1401604591
594060029
2359714691
3227318753
2608779441
805792441127342080
2484661227
2956811146
983222238
1224121074
718039456
3227683351
2907601252
756537889
15047521
612930809
477757835
3159816119
27660447
918863641
3023095461
381097192
805802118883983360
406860321
424904503
370639956
805587481320194048
461088423
1464788840
2565485987
1024976264
3522132023
462177911
1294174362
9476072
92501125
50355977
376310225
4048087467
348137712
481837855
226627338
723594761488228354
3311610921
471428838
1189850346
1310591124
801700087525216256
2934362277
805459938013224960
937681849
2967886673
2211353832
738805348476260353
367223470
293025517
728188723075158016
473960090
415564172
2844269931
3068966572
1546601714
398032197
591598115
823919240
704698759800885249
477774364
2883830458
486768798
392987772
760938946956259329
393647707
971724943
962439266
3907063761
3226296935
994798482
382539264
1167287822
578950964
1919132101
585531943
1011131605
2900952982
991494079
4889377726
1680697170
403316330
492087627
3746304743
1957310936
1847744737
421736249
785129133009494021
1878586237
1710348528
3120793481
414354427
765979700808286208
868360100
1445925811
4350762861
453223584
200743464
476235682
2359323311
482343716
2165389231
2724062121
627798394
283193017
49397445
637057911
835516741
4864139045
584056092
195097613
270877772
2225808167
1536096506
2523862270
694604698771427328
748056440481394688
142807042
485050455
259426675
3312775517
1234825501
2786634666
1357640916
1854806077
714432268761169921
802605933398491138
318934586
1918228609
3067910507
423229205
558032072
711468143768702976
1092479468
2292329137
754080207817039872
236523500
319074916
934188559
123983186
3305939879
743869096324927488
3434577971
819906073
818183167
188833218
521625330
99645256
32402183
356397156
411405263
265408261
2488588980
785552040244154368
169393661
483901569
204041863
705608478
2262991946
1112700469
768427028487995396
486890861
433236253
519383710
1145224136
706086896275955712
435621753
1003998769
1261316370
485538699
705801728
805710746965475328
802639150746914816
3064354900
805794882069626881
3067642931
379684020
426152264
41391760
165022493
1039654752
3059131623
1602771703
208059154
1259538510
2291040762
1357773991
418636676
459438013
16293707
801535820
1919943146
3842545463
1119822385
169670184
945989622
4612696762
558409852
2862441234
618138331
1718385926
615945406
387686536
529582171
1962674090
477543705
3324994840
779036371608625153
2356967878
3042269272
1601716938
916522718
351555225
777554065861607425
3992320834
1160278561
14198435
2338483821
808924015
483384295
2872332023
2160805950
159910237
1275350982
2728248539
2587653930
542691406
999474469
929354702
36612294
4776112373
2185762925
785104448
1093070466
2984242749
2365896962
216476143
60159920
406324316
1221719288
528216670
161740961
3151471672
842234857
578087764
516054415
295322256
1460451570
405792460
4640857347
19781325
15166671
382133673
1217799007
399666009
548583885
2359548435
783585845106372608
414978233
892707241
456113087
2978019477
2342104352
447335723
3375673725
734650628480372736
801726148497571841
1594040222
482422577
2246257107
238298324
2738783405
763430495514423296
561473002
1605327894
179233827
895702736
472382501
798283117408690176
937620956
1622970242
3226294036
4436365575
1483228362
3126299189
403799808
1279863427
1423888142
2189827138
385110492
2752795762
703690480333279232
50233016
426573258
1721422970
417947467
269283115
3321312502
491140594
883099326
49968874
122497273
2490158805
451267515
360830746
2361702682
1962640886
481920011
2565072187
1343834791
56484962
3257489410
772776726002892800
784318068889559040
748831224454586368
133231909
972337386
4621068317
2305311114
195193212
253135962
2821597763
386154304
2418921020
579723244
3241941287
1002312463
2341476004
3662923950
54918431
50334591
2836615967
785934232698904576
46631396
1051389715
785132822000525312
206180236
2250627476
2412885015
498090294
3260434911
476053480
24528997
769478656498466820
388480192
2915667713
4024562895
419316234
803617893464215556
2895077031
767688070779002880
2628442186
2357343035
533592035
566540382
3130035911
319578825
4643004927
724009561242345473
2584054678
1066071158
526682114
1230551046
396459358
347497240
4890120945
281884852
786233441742364672
970274028
2873873099
1331514499
1213097966
827801822
4622622557
1357198874
2397641423
1249365224
480556099
238288111
2703729438
456894487
577226307
501874833
2562814182
257665435
421758109
1291622634
3138188655
3505336827
443217478
365932392
429928689
397519730
3081602615
725370452210794497
1389335053
2397844595
1556455656
4316205317
975853747
1022254674
194308406
2577206615
2184144110
2609560783
338959743
2849700958
948171079
177654794
395172198
1544134861
995345934
3053779892
1034473320
2350347318
1173363540
2518413287
237332532
950122428
329593902
60705171
750400945520013312
743514238493278208
4046161715
128490421
3200304341
424415059
420491804
2467489015
1366614380
390428793
482107935
318939574
2368854600
2453200885
252676505
2997661401
3243194073
488684786
3148498593
418552934
1531397095
794072831906775040
381943815
478976747
1082526932
3252061715
480617106
3030746020
299163354
1064969216
101194334
27199106
8556542
1275456488
551347889
461248674
2846509326
2351055747
2433235432
3576591082
489693440
705069342661218305
136238828
2708071882
479604138
180292368
455434012
1851000380
18354673
2153201398
2977934441
2975094340
747404363027652608
1261872931
1276033099
2986885877
964719079
514377723
486787100
1242301080
3184354421
330232761
4459166907
1003775976
578413717
3823074077
1257745957
405482706
602712735
1057161192
2970007565
2181885914
516539671
218931858
740314382824046597
388206997
1118851009
2597695185
2719186852
2763370054
736138065429811200
778178197653491712
399711193
1933565744
2817956454
3177750687
1306674768
1260171894
33196168
800810400983883776
4867474714
244936627
383639966
71556401
2951587293
768999832958570496
2809762856
1007282528
420567185
418861332
337321550
447213283
509436759
1561186362
1118805018
4726174575
980929243
196495188
421370158
752897299186155520
722440741
4863618933
312666968
3179450938
2847838805
3024843525
2960469293
598974424
283736186
575210271
130851801
956120414
848010049
400902983
741762693972021248
2308536067
729294692765081600
4468775656
434201413
472170881
1399652916
504290176
2683460410
94956249
603005791
549605964
3289792667
1130709956
2191680460
90501249
3361090839
511725971
1723277772
467642898
2937388577
66884102
2787225059
760392779533053952
702053047040679936
2407034685
422652467
609790313
215463197
523634182
2170707725
429715292
1285829190
1640766590
1395448741
4701923905
2928510341
425965881
3013216870
315140856
254625981
119403625
430185608
126579485
282545240
749617259849584640
2945491781
462900161
1947326047
585674249
969945894
442690376
776691079429099520
3015199157
731480135505969152
4211779384
2459901205
1219944530
4845389320
725810364995231745
785953647188447232
39454080
2194433942
1024748460
452303982
4576031421
1076289714
712780797
47708105
1274855371
1037713867
704779333307650048
418941097
964338524
292980774
2466016514
470180296
117701249
49020455
342524146
1680754122
738033666811678720
345918295
1358611800
2348264148
488674564
410735674
975831408
768171685665124352
698917158085115905
495818009
1388488790
796439720926597121
1855414472
1054911576
4063380377
4824190702
593635807
2422593900
1413220182
475234937
741657723075461120
140810792
748179751660052480
717736236
234339579
4832618572
1357675208
202770907
776994949
1246270873
1288192483
2898075617
989386320
2889358817
165532712
2631427167
1461760566
789417368103419904
2217996483
3223932303
3663181830
97414744
93691257
290512047
2719760326
832033056
72592405
2311558334
1275239096
486653074
1114354382
728679799129001984
998139500
310390743
746691972459597824
399001763
135787456
366258436
925583479
4842545434
1284294343
3072009003
2801528655
528277961
1962856872
3332411590
1009243501
2656984642
4178855201
1307442482
711310994
225490204
1960528369
2158925298
2508257327
993692924
4815678869
136232653
25358052
1732239386
1548002420
3478613607
717789567
2992689333
551769009
539174332
4863603099
2901403913
1491369212
408760297
257499288
376145932
482405981
267699009
2815530124
2769827087
125374717
368251893
2359426044
3007267479
805790603485319168
3001276187
1536486193
1324250802
266700017
2761738287
498000791
2342517254
2497153231
860205385
432688797
621220399
306180757
3099708933
478436781
101573147
2917225906
1002649244
2886677145
135628950
435059596
124020256
4842510773
1042958780
226532072
2997758595
3224669813
1139875363
488768033
769535256
384821804
2955233225
430995535
1384894520
401687825
3028042655
3260418921
2736339575
1318108844
554427195
3063936611
4818092890
3385699887
52509655
145563443
714621402
468260476
2241274927
816899671
793948125115383809
1154012262
2201247817
4319003842
2803754132
2995307249
2236656979
796237284
1022123316
2364035995
2267787658
2558686037
2296569134
489199735
2232857707
503199826
3256292296
714376418055073793
705383060842352640
3001456207
763353589347672064
264122411
488895138
4876627103
969019987
2350203541
258457223
565475307
410631936
60995609
423780098
2455569297
3315474928
169566296
403652993
2948897212
3428340375
465471249
1116999974
1055931559
1341254522
3338421766
797679000
730511071136645121
1161371108
389642629
384744166
2687289798
340833340
476914448
216630942
2983889771
2250100331
3295208099
3547578394
2172743300
3305062853
957666146
406580561
517529981
2719470235
1010807990
211191573
3334148349
1213253244
461163988
3230165817
296696546
797171228092100608
754765457459146753
495321537
211226743
2622315235
4432360889
1320264439
1967120184
3260406982
753889512690950144
175348218
414369290
379706102
3131562124
1037286848
1648213129
443333037
589253599
1176935226
4918665993
378831710
402995375
570045852
153508813
487824356
335595246
590393555
793461328081985536
2809061299
81229368
997759596
2523568577
970134013
2577264482
787924963802148864
471390400
978817627
2356806462
925401258
2294073365
2260295838
19590970
465518198
965239081
995189316
1070697217
928120466
804410479540105217
430857804
96325900
81230367
603585557
1140596424
2768905294
791393283821961220
4110208667
475096024
3611858271
4688837276
20172466
4229042058
313008482
58016005
931597488
1560674570
481944150
183287158
2400326462
84862444
1356673152
1201957429
578825573
1385042468
2171028731
3401227875
483035480
795199918017130496
3884448093
3078227318
2964565162
703910854966829056
1068485420
2306414611
236335841
4459087695
397358182
4839028402
1392155702
783735608325836800
1160507178
396574853
261119105
391894508
4875742407
847963362
2617511263
2178758289
2163669030
329152979
976734018
396218442
4864664511
418837513
986714714
496477841
794587894145052672
793787716727140353
435880626
130826021
481225656
479677859
1123390604
4844733082
2891356306
411530100
637254997
1527761478
63709165
3044614575
2278958635
2282030010
2214655011
829790846
453113450
713807893875843072
266855450
108304886
475248885
1342072490
267174899
1069414741
3433009643
2207927540
495367712
500145535
3164958129
2900897831
783327441951526912
414331511
3089012589
51434936
737349727805669376
4839988551
387738785
1049902064
588313230
2168813293
96389952
368819722
278952705
2366943176
3107282901
792345692907905024
742013658268598273
3613181357
385512892
782492444336254976
4817938426
409539899
805821153554169860
786432845111635968
601134365
3433848027
2742349928
1062937651
497765702
1432663974
124426856
2854635105
1013151366
7647152
781944137952231431
3763150757
354747398
49285071
2186181725
2741727190
2225431370
727924653407260672
271541039
467728705
2155070496
288718876
307260980
541802550
4076357194
1116977016
2879245853
311392231
1021852446
3071993301
2770527339
318434829
57279615
492013978
327542565
828717014
870599125
2447883613
2821199728
2445645806
469267629
759648125019680768
558031406
552158632
405433687
173925687
265512336
1632593443
453821249
757757642
793456089769644032
826996970
800298380714909697
353575520
978514940
431515921
2571088997
1357710228
784116405981544451
463841107
222170521
554553427
805796086552137728
798190783299928064
2780048603
708587318786007040
2153812941
779271293359325184
738960168768180224
619969557
2206490493
700752813979074560
219995423
3125007979
805808171336036353
1704854190
526293847
2177262113
3405599800
610088678
2921447206
414385318
394729864
32937876
478077452
988343473
782574940478377984
2380751802
392656492
3432002601
282509630
421090133
4263801316
541695689
2344799433
1919814602
141980528
718132284
2874154983
298996098
105802436
2817821826
132506898
857753196
419710006
259949070
577337366
813223982
2615046992
4063354959
157950019
3186283616
3043362960
3620391615
805554060665516033
802151840808837120
2159452392
460611317
89445658
787689894
589232656
1481814764
304913635
1148940668
252755806
53046364
371451913
209228950
1530823356
2972871628
3342338669
373528809
28528873
123589310
56740850
2733294556
797374091959406592
2882526197
1693164817
703301775504363524
328484629
634434387
492175524
595396259
2363684405
430200064
453851050
3640747095
705462955626930176
946620907
736176289372098560
3264794374
472893871
1974119078
431084648
491318883
2828057292
3020280513
246696739
954189332
42689668
798971882217283584
439389927
500881322
3315374638
827716970
1658117701
607517520
3306530603
514243349
217456749
885136549
805770135193735169
465631373
2731924019
3119868942
492081280
1212975134
238578479
16096774
508109831
318713537
536340991
754691314176892929
359531040
899952481
349649017
2148602578
391336798
585172516
1225509780
3317322689
2308000276
2845737279
1036788019
2562227597
3254132591
177157796
768341665862082560
1381899780
1052695676
132133028
987220201
702128508835860480
780051591273611264
2280675841
327387104
710789773963698176
1351360772
487006102
4753970247
2602284788
1357715070
337555221
3023038268
3489310096
796437696545718272
845781758
1121935962
2712570895
489276214
491353254
1334865294
467434125
371118925
198932136
2873630517
291676545
1879889592
255506193
2273614153
2229296409
446371601
523432889
483379547
433392707
706053256821264384
725421324240343040
590966023
1933244276
501063636
1170061058
529679724
429144484
525654496
298588711
513791342
2368213971
712318478200479744
706057101
2485514081
739778677722992640
1066769840
20694485
799826440439156736
2363193428
2817371306
478565327
50314830
744711517
4052676983
1202167712
296836306
1636129136
3806382809
2400412774
217003698
1915050013
50647381
586562476
372245394
436978029
144117296
424154220
521278748
1030996831
446424619
376688279
453720551
274177707
345871224
2973337469
47170794
406360666
803949681722228737
119067790
1332209119
15493824
3300431854
967938882
493278355
2434259124
227199711
506352999
587805027
2904770691
1035792570
2870220975
3320655053
1407547298
484166347
257953952
337284197
232559332
375517350
2166575990
2359465576
1652968850
1219317607
2367591444
540147645
2961876645
1006876178
759049972700487682
915566532
88618860
81837035
2442517233
777436258767368192
432749231
3342884483
707136160116690944
415107191
776430344841101312
2763948088
1071445298
1201012040
724711989667344384
747313372807389185
412948497
2834394167
738075829540917249
1088806153
430743919
118325134
384236782
1063955917
781894109963358208
2258671377
805785944255250432
1294725276
1295101627
729359824312504320
2508778031
815410044
2396141007
2857870217
419739649
767473064129028097
555869032
520484458
1392007184
805562324824289281
538561359
1510136666
12551742
2995507655
1975163550
270121337
3134906134
2768846523
408784370
2883972201
1802661806
770010584033140736
2386237696
2359448190
957427112
707363503494012928
755471173308276736
2563174160
797805269539520512
245054440
47941719
106420162
144210805
365985745
559358452
3671875756
4853784417
444612914
512848201
778238719878987776
607468987
1068963974
2316519053
16120863
800433175679803392
1101446990
524493374
41182770
396489819
1829960281
831768450
17047309
407077433
424355891
1428767360
798610520785952770
878654412
101888791
405430528
433377978
1016682894
2728402871
758022631773863936
1876212612
12315822
623715563
2850074284
599247299
1225238562
2597512767
803524673032114180
2452701214
281104969
2414609995
3006601383
3094969685
1283518398
264741422
396841926
744981126461161472
2281441785
68689180
1087279381
754047942240108544
3152228475
2480352662
725392672987463680
158139575
1130909718
805103089233645568
843043616
97773643
718834510994006016
730389738323099649
2341007582
246435678
746305585642110978
3128619046
266198278
2734369037
77306117
20475975
4160203479
334820496
744524292050788352
725664950
811565292
315347276
369484831
440691898
1923984086
756843925
409841077
1199579786
69554901
1015392134
2982641339
2256124088
804207200860250112
2722108090
340296465
422512736
1013535530
975944821
1352301782
1070320532
805786401807667201
213818443
728807104790794240
515222889
180317088
3310422237
732270119167119364
283636579
67445228
781462292198199296
794253910085140491
781260487396843520
4571835028
418758587
229089974
400207220
775326159718518784
1198415630
743206190
858003427
441556239
962311958
382590107
744458832311631872
1934261960
283640603
1346574637
4866039789
2291700139
2790106535
945407058
721981741473361920
793930842
3130674241
811076442
1346756418
151246430
477904590
370265740
3217393599
4795701676
464516274
363810878
706711917
2328166991
3131012013
325127006
1219296788
171902551
1166757204
44852492
3115484254
3034869375
368825076
900551972
2789842566
538462625
408312386
500122789
575833305
1881117248
8722682
4833517913
1242047258
2987686264
408738224
4472452815
1562752760
353678923
191933406
2546737699
425234585
1546744730
138799201
713976468
4719189449
803360037695537152
760014773853556736
3155682418
697090269859213312
418048339
1016105090
712247530709491712
158288741
329937650
964810638
3297839303
113466705
585455321
891567618
1946899837
2149606038
805814984261468160
909949962
781821141858091008
1635670363
4186758514
1092058644
1034417863
759428777793429505
3260329509
25388119
48090650
636978994
501598774
423280813
3555782356
2974941849
993150505
226192682
350226442
361386856
104275102
1056261745
787941432267051008
2323955682
2460104746
1148946079
962724564
3428649292
254803562
801425087585021952
4092809355
513144334
710162008180662272
984602317
800335452079173636
270316852
316535562
2353752559
404994604
275637632
427673107
1038231816
405594332
1927156764
3120906105
2411624330
2901449159
1596313639
4821052469
461016405
734705980873789440
742469305976098817
903551454
2724307709
4833362038
4877601425
473060936
1053176233
403608198
3291493733
786139953948426240
1353939044
30656303
193093990
2978832886
3394568602
3405634973
521337019
389400082
2364819052
1561485906
824533860
1747158031
422468997
1601235282
1254440240
593976757
1008958405
2243043647
38573759
67984345
45808968
781749446908477440
902489143
852687006
997492340
2242134295
733344888
402963843
2729520336
147543162
426952226
1405748826
580422411
738775045347119108
247863643
426758735
253289367
3047287645
590296051
2990072992
59069716
2965000805
397437514
724646324772155392
782316521750142976
2564051176
2153400366
2427072883
105053026
43888619
482940177
100276253
2242100015
1406267430
854737507
384948399
2929910584
569817587
789957825917222913
1342706840
747062107636637697
1006553846
805561734190821376
290585680
518934318
594802106
3115905790
2735547946
1296504841
2186626514
783059860007026688
830931973
772074670208221184
54661587
3233007315
724630872964665344
753570089094504448
382047807
2605945762
3020323600
1247286475
523255151
497714059
361815158
756511417541468161
1898454535
2508409940
3254304580
712111069
3418726954
239143892
101535431
56674519
723809827055607808
1342258555
1292287172
452318028
1120422488
604249475
734385926240112641
2459731620
931570489
538382007
946282471
4182142288
713877778681171969
92375343
2332207968
2744331992
503150353
590251970
794187962825244672
2276701689
3378666695
1230470216
4062849807
1077597126
349810156
429085080
512360124
398291306
787330272173944832
3021204969
421319924
2549528592
798743088206319616
2876387074
2970117851
384003817
264883591
892954382
772840526840270848
1283446118
2493105203
216308253
4242565703
283080198
2517301839
254969508
544270231
1181458416
3168011729
2469049688
805801962314797060
367600267
2282008813
135547288
3006986143
110654085
4579125253
2348733589
215593566
291928126
3309946937
830927029
4702970784
3022681938
474211365
258893266
2942526931
417101186
2757116931
808984266
2658993140
376942840
744518687617593344
1347003716
58159094
875125242
893434219
801365070953545728
575654596
1020545305
477871930
1570059619
2410447644
4655578961
2882599205
2962245928
963961790
407164131
2361360169
1068434126
2822217403
2212449568
1033370034
4396246217
2693731514
255448965
414373079
434394574
3014070485
1254291416
1717274785
987258930
797909640
1158164456
2729953324
2865546393
2351850546
2955100415
50583397
1936456670
27992407
79815858
1260518365
4133217027
31380861
69250714
543539492
1621071816
154322105
459180066
752629982371995648
354125985
3511343069
1062662900
300148270
781030438357897216
397382712
857728867
776841423421308928
829358672
2628648221
334658624
732580256
118053242
707184555887861760
706899092732059648
96658841
986431795
1443750158
412371560
544221226
515410436
1372517456
158418589
1096208222
1005353498
805781422795620354
116560355
395887529
2792329485
784079540373118976
4735890017
3179240423
2526938820
268744692
2836232935
2514993334
481287765
364885481
3192457810
712647058709155841
1693811209
120412446
586568738
566142199
722068325161943040
452350924
581792033
906010800
620351637
337185218
585968039
751729823979102208
345243885
2199345186
739209725741563905
4830038927
2841263939
543863115
516802751
1182788720
3066075095
2836840346
2495110117
1880747821
2357502873
2303466121
144293212
2917308922
98839812
416165363
3148019999
191869260
131105980
2979240557
3741805834
3412818976
964368552
418646301
582671427
474366855
1278074342
2437027374
2315044228
348651203
138364373
4243840054
47656671
4235169676
4197625936
714505879069007872
4883535952
4393976543
541494300
265557908
2694983040
2379982425
3213364875
1454765706
15155803
702592567830028291
724303327077502976
1305597956
470008762
392600721
23926709
1930484058
383842954
159551952
782907556159221760
380275805
4186407081
873667866
595224319
800251528338513920
2780111105
2751847457
2365884684
1357793023
778106431
368441096
453929176
428446593
195005069
198434105
1160666808
40745772
766066296618414081
416422287
76615199
797197311201972229
724967510072786948
1360418947
231139494
3346427355
1642816093
419181815
1368152558
954210997
457646025
4503390023
1270383558
859927674
1084193910
705813420973621248
717965900062793729
129441965
210820445
336861442
1304968112
476109357
144238477
88880106
447965111
317951602
2248806861
200146354
784325817849360385
2577315657
558985377
4845740405
1145972966
619351949
886502462
707187085657174016
893208218
595852215
1025054731
4446950260
453370322
40985455
1195189627
731496983886712833
1130378564
4504814655
1004781943
772569713268359169
514714806
3036616924
999371760
223748747
863028571
1230010460
410733657
1077269276
2363490707
525311447
355499801
2213917227
1105944535
4186808596
480612566
3347572912
57479575
1066323547
107969632
1462482566
1225157396
4309935400
750670310
1086792000
561759722
3354849862
2343331660
3002109657
558979681
526765918
1748057000
255792264
164266350
3213490474
754694678314901504
2296153657
4631600495
708755015868006402
1055565486
1070288839
1853678790
495448614
782558833835147265
67746303
593693314
1008668900
133600395
2351775654
3377294939
339672122
4212734487
3038103838
470257543
265310795
1068648510
548616993
3096956789
720632435306807296
2431985092
1373198504
507607268
3025038089
945824624
383690993
460933477
3413443713
317660741
1050519554
2640207038
365190525
802247908708024320
426713995
418918882
794654060
393310803
3096657562
491461681
1213722042
702445104
783366855952064516
2228125304
381611850
368588066
1007570996
2278995820
161983199
1035974762
862910370
23475322
2375661338
309750549
2342400184
3119915485
426515004
2258424567
590176994
785773375385923584
2313667127
767679162584854528
1280953482
3118329634
769692757
8678952
2903545671
1682635764
543157991
888531398
1357667514
723203630917136384
454088602
600136789
277407762
813055092
1079586907
457387356
802059051064561664
574727541
3385105642
3225380362
2685703353
403038998
214551930
84300444
1274882076
13727692
965693940
714896919349346304
801845830483382272
2808899800
717452216840429569
3987937325
2298294082
592546016
1264930363
784018784101212160
257188974
763416023458582528
789903019810979840
2198044864
1653037368
961283478
1167196104
1875401192
2938502967
2735906812
1307839579
244596457
470325112
458370341
404951630
2785721938
23460272
721195374812250112
2312718366
1846444333
437848357
126883491
2720049676
1656227935
1556086555
440129638
4889849530
247726328
283107590
260150517
4874924663
128948359
2241302364
516339626
72169143
1071811099
533112380
229457759
3240778707
3032825368
84554567
134516956
2758708829
3019940981
17018967
83180211
4113471213
1208853571
1580814079
122363556
29556279
499085030
313652711
337644410
1356882974
444569994
2192714352
328728398
911093208
2940410703
408681712
4208727496
408704922
2198032835
786217307622240256
562440912
2908364331
4212344524
388946039
725202692835041280
274157896
1410209468
4881635603
2334565378
3095233408
589407736
763274024675897344
845313296
982628515
722313522437300224
81670783
1003771064
463696074
490602212
635012145
701974383
1434133657
440716047
783168414
2467159653
12214162
3741473963
472014480
1190127296
2223407550
606731466
2810187580
83071101
500998925
750672563794223105
744828787137839104
389076701
9940892
3023541567
910465218
77835911
720856202
1113995520
990692280
438429779
17876465
337054637
3349820218
777789093640040448
746425402957135872
607112247
1443706704
318367344
805333672001961984
1065602838
391334323
481457729
3290361172
234819447
747451360715616257
937667064
3404057164
558585374
103703823
2190708864
2338003979
102200819
2987950900
497949362
3044708182
2283780786
710525705277325313
991153194
3063216130
778717606085734404
409884335
2285405345
592489826
549682561
390114419
121424128
33706512
2436608759
986811270
4121288038
2180545696
580164205
408118133
2351835684
110218135
2924632104
2964681406
1001206868
446974952
2494318632
411706932
1843782967
4034460233
1198472317
773074386
2301762114
539150646
586487449
220996437
56405358
381568548
3309536651
2503806893
355756492
1498821860
175783590
701091324
435138644
571304184
2218697421
3238853314
96213866
2683032895
829507466
737320057190133760
4290335187
3331168031
1131626191
449865440
1880399689
891205680
509259689
2264003235
207034666
825815605
4612811716
492275437
2957131078
428588499
410960872
98631516
776255018181722112
75520535
600472039
953895188
3404100412
305141558
488671317
2553584834
912884119
1166877775
2475763732
3053183649
83654381
127435541
1927387476
2233502635
733330743800258560
2988001444
2800729570
526896427
1102931556
1066207429
391531110
1260162366
2164608279
2890667314
4155844545
163899788
527413030
1144953769
332840450
4265019316
43282628
966475711
1017508194
783232466156920832
763394561968177152
2959917485
1472353806
3105770525
802186108801077248
1978729974
2932258043
410764821
918894384
3131360284
726150285870157824
798581099375063042
709052668220743684
1006993896
156925343
422844048
411614013
3091259295
48967204
593237139
17288700
68695059
2191894196
621230485
222139456
66378035
127548238
2427214602
711250614995558400
424534690
2609773355
761997788662169605
2812859778
798589575929233408
709049290983866368
4909543941
394787464
22650622
78730534
2334987709
74056173
1299140534
1007059536
337505189
567382670
477844210
418662548
2227296243
1039871592
39273093
805790377148121089
410208486
851456364
745025263679963137
4881267029
3371026409
44673590
4266998643
232324513
124236178
439386203
4429938495
1429916701
247182002
799315797768372225
2217674274
783976877669122048
626381356
2516094818
878544211
634720492
501526399
786952826211762177
507966909
2482825875
1903648940
1338878742
560188538
433565657
712643100590620676
2229866449
989322810
111650382
67107066
71001402
154082631
3107458432
2315538860
2749088045
567557901
2365016519
2235047637
3402774227
1228335115
1067773668
851541438
618756262
1298737056
196560266
342569184
777516903619321856
2995672642
586398719
1367973715
1036905870
4185673192
434454784
460907973
2239697994
1000549238
735788453737041921
719410555069603840
119802529
615303191
1116398478
1198279076
1231417717
1275023383
4181180835
1042252711
1179979477
192244668
351816581
2530670244
384427964
2994896470
494172683
2202172361
290963421
107488386
1642833512
133692338
2415491657
1213449168
3298985147
819475597
766644219930873860
10438412
2216179636
150591923
2470692079
3424517146
2375216695
985118000
2989253800
4845403365
139161734
2780151284
342930272
465073359
789187522106568705
872652049
322915773
2813029598
717735597507481600
1960098824
1004193134
270449964
8820222
1099618729
34883730
717287801696477184
16363651
3129250355
3357308483
1079226488
371506417
2439338175
1392080886
730962018
967843051
3404776456
4768064356
537538390
2373624002
19488600
968871944
526379568
801121195802427392
3295357029
1667558509
104540988
2927010322
888407419
838020062
3036972749
2322849823
480541494
1331128747
4361634977
371619032
218093343
448056250
2741860486
1281018260
403721496
2318610186
2910439048
804686669454733313
3027236165
2536638116
347427153
320168319
2497356511
2385727578
166528519
1357782474
949464841
456674882
2950936654
179568411
753199104
2280764604
1897585116
85636061
278945400
388966522
421839918
3377153333
784566367395741700
1404635250
428401541
421098765
482200058
2743636095
2181076939
1389551054
144040138
618985031
205840088
306134369
2347290581
139033921
3401242361
866601420
1163827453
2416914929
336999671
174643719
61741831
953654809
351727087
2482305961
1079112506
772136635928633344
362679253
132058820
1006685844
558010244
4899563775
2577125284
47555976
436842525
566361704
1208620304
4912558084
797136508293627904
454173647
2734920292
55360087
3360251476
3173266109
104135821
430169858
805791194462691329
223175550
426060124
3607859067
1085677224
556650372
4578456569
3190082914
534655010
228162663
105163491
1038122826
1120118342
81335749
420647354
1538261798
473166234
545978235
62285010
850940348
722794470
798935970586488833
412424802
42833853
1694641429
4188671596
791713072549335040
1002405570
1165554492
711949397215584257
780707216156299264
436870309
611777238
50338513
4112673143
715947181652451328
4652479816
153565754
1041823142
604899762
1062995012
800836660682440705
897918854
2720583173
400321579
736299738241306624
744790752
4192743323
3009661173
3020693140
2182263817
493239048
2367491645
770259488502845440
418611833
4497735735
96089113
47373547
3164390831
358808488
3342653327
2492049317
753229135611396096
1573352107
2604042187
888075391
2225019673
800356874977579008
1125816168
467323052
2752773988
406307909
2494551224
296371084
2194894268
2910770733
2425643790
1435168926
56803647
324859854
570833587
703865060725125125
279703644
427739699
4340888903
742716979392450561
4810630096
82636356
353926568
491288320
295061127
504745994
410034826
22929449
311721221
437059133
491225607
4227664641
2811388466
1050589128
433435963
4594810093
50257478
84535718
440977656
430212438
3398496881
2441575992
2245999991
2220186288
250085208
318599082
1200217218
49303706
347718312
1461433142
387120328
431658112
438431990
1453522026
2352059977
445669706
111063679
546883200
779049756
251407688
1168205557
2318485496
1664716250
410718782
753960561386352641
1227286962
484147648
3419595551
1580487818
548247476
390374002
416124700
1011559662
1307717450
706067859550695426
280401262
99992756
2921454058
533510595
329775233
2604440050
4914013611
408080385
328473338
413411300
1005116281
3111732579
762326924
456110418
800093575119650816
4098447160
3350553779
1276951700
234810779
730540330576162816
2814514121
492136342
804399149517041664
1484402004
342296335
2348648967
297548565
3056250186
3374386924
722919613
1082984088
1003731954
728265622363181056
741442022
588553042
85171931
1372859420
252161195
2714660159
475341997
3020347815
84792336
787588319957966848
1432493040
395585650
433664513
2360365059
2512419964
2248959421
2978426715
93877894
410738333
464792665
529561745
472047884
934627686
1726668865
2788765798
527467945
1249472208
2788788411
503353225
277948552
1673607168
704431464524423168
821785003
1701836234
435791610
3151825048
4686169034
2767302037
47578036
435079528
1011151154
395385134
1028180126
929636678
130619137
354192905
410979325
702540775444385792
4588008687
269855245
490373717
760861694470025216
444606700
779967912526376960
2802841287
3493531042
480531196
2348566523
2463497702
738736280624844800
512982776
4104750009
1226128195
3541337895
367404041
772545915525660672
143038709
722398285
477654724
1482356462
1201360502
3758739195
4497910049
431692074
791727627404972032
2740067747
2600970999
142593220
719232118371545088
400480143
799352721254051844
748536833869484032
247413941
1456631540
486509124
1296505926
490624174
8032202
98177941
285009953
46928097
939067902
845413776
528917055
2781262295
973456609
398345813
3413676334
219273566
378753448
848045168
540895773
2248562482
421911547
462343980
718402632126197760
2996368373
396151080
881165648
1595530165
2786595941
38903873
19791924
1018057250
794578360588521473
272941891
784105196070854657
3075686139
188787298
783659253848535040
451305585
2679521044
3368018859
1253010624
429054107
1357718432
1389629858
4525011809
407878518
713372677151596544
744819568909029377
743782951285043200
2148135826
2741989390
473017906
481095617
754075116783435781
802947459987214336
731108440144248832
3335604496
417370434
800652388419833856
63650287
3107012981
739885032983154692
14840162
310195119
415088731
740277257424523264
843757543
3352834192
134063240
751920799964098560
2276872121
536337042
2870870995
428013256
1097626686
270951173
2296705165
422037955
245025642
803628976593772544
446942856
3248796039
1092670394
805737774447988736
133440505
75108301
403444000
1067933125
236842366
166567376
509313495
102142455
1570341018
363158162
776315743520583680
224759837
241703665
701359002496716800
1241106426
1387260044
3922410442
1160400798
2374899158
505095711
986828390
791256848452227077
49307202
807581581
377660882
546725114
1348851210
710018592494981120
724633716396580864
2657542286
2752353844
63431013
113380928
2857413639
2470879507
3006138545
631458447
1370106768
21803228
579318663
155695954
2831366043
306433583
1077656766
985512817
1036494895
799603879746895872
408355738
2341770566
608359188
805818278232936448
2787709025
4089359207
939312673
906080510
769960650
392796065
774283739027369984
279367690
3381325839
799610117293543424
2908260178
407891527
1408430185
403704169
72643262
3305521049
557128044
862701492
2889852755
602574015
431987028
366450466
3985072012
26760769
4181758275
151390694
2631929255
2480250012
566534155
3050183838
407269845
3111149259
188043254
392561345
751364672
579147580
1419892279
775433824419323904
24428317
1362865842
4860406042
20465999
2608189724
1090184910
2987000517
252184604
3356662759
557637492
2369010655
4818612196
372226511
760183997381173249
958750693
1264710499
418814614
590188450
20843752
88254217
1487707045
420194671
185797893
1377487302
50259224
2766062542
1357254163
732869262927368192
3247895993
379030092
2628383675
1557557558
264327185
1105858195
2803100914
2189987572
472783137
803916997058760704
3074874802
404048864
263796576
970032661
102082331
1679375545
805714800621850624
508022109
445699557
480740992
212163360
199717852
490820347
752944386472865792
409298312
602182097
2202114582
14942247
4747354996
632324504
714226829071151104
2163623162
161843603
3117151365
1039838694
4846573275
752010888
802926949723209729
424401692
424084271
484106374
537644015
4807013549
3907730538
729981130007531520
2664981444
435760551
369200086
4039903701
923704572
764140480775020544
2431061097
1127417839
29173778
1124867449
863845664
201680143
787574840077213696
76616277
1092084720
1604186864
1205354846
805751485552361472
489791433
1209220231
498859163
941567396
709095023598575616
3085790838
436654107
38502822
2825937448
379338454
3365915002
602610308
1123148515
784380856441901056
1056454514
407685623
797138085725278209
2722863047
57249412
2249430114
301460166
986140489
1095633631
1241155386
557827565
86802454
2255408790
1430162268
1015562190
400209582
51752772
4194026595
2721619085
720605283647668225
2571262914
90470099
402369594
1710210360
2451869940
396708377
501084838
1008728029
1011183535
219361447
811764625
761582724176027649
1385223960
984748670
2721604847
2822583095
752117556077473792
168422352
782126365315371008
2245874503
4185060496
1053519037
256143387
3257084375
884174870
451507664
2966258818
2875204096
231824254
1889137992
4913455468
561142545
17565436
2801618074
436567183
303873878
2186436367
466366483
2189190782
773929798192300032
400755376
2394684582
264300089
25483483
284107815
724609497210204160
1314735973
428412420
6827962
860086070
3165299303
2227131309
139188966
322920844
109226009
983355416
293369383
2901324173
856535857
2190313025
51189176
3308383353
433717645
4867385087
422586035
3349890172
441123748
995769296
583877210
2445766538
804813426
1025143716
783995969067245568
1080507391
2913072586
701451907441827840
68374302
402341164
2236568389
925403437
520826737
746053497750228993
550205067
434124212
500096474
462220063
3001742419
1067960048
427418997
431622091
1142502205
557520605
599299632
733004266948956160
1006967851
411622332
3471435689
504354294
2182739120
794302419203215371
752726608272846849
1635753799
1852377948
4182548375
504486971
517936381
2247492535
228678661
321914716
1444738142
1254398576
1006483980
3014216859
1281352873
799365446688456704
76307092
919271804
483268227
118513045
3401862604
424153335
385252844
736469367379087360
47875351
408589249
3697237636
1040143056
505202421
2238798353
1378987628
2341908197
805710328625590272
1362473617
147371974
2244123961
464127310
618929613
805814518160957440
2896413441
723385019218059264
2300311050
1644456139
3069843927
452311932
25734164
469495566
726721597302800384
361303331
326271326
464691892
203422688
767600300
213701690
383254576
2344694171
2317777112
338509443
773183546966048768
485521993
737964567737864192
757599598395482113
2291003508
2776351895
1086700214
3403421475
407194493
1127690666
796001849295966209
1039294760
3601606947
1275988495
1895022302
303298353
1116671611
1556452244
2267393306
312128299
2207218850
446903999
2749566881
150230336
2380592546
1085455423
1357909922
3294369287
2450265194
1697422272
1287327732
299892356
904333099
833575614
455324740
2557453016
398832307
713737407636586496
605377369
557744071
1521671185
3179095799
253175429
3196158269
2740757854
2153829339
855180290
506449892
772498157636820993
478894654
545474882
876541483
911236676
739080163770683392
2605633743
1732490672
388718346
2817088916
743569884257337344
76634165
523613502
2441402834
2798863589
800633235331895296
1300064047
199414399
453959464
3225188031
1857003602
2934163013
2999879276
56649449
501880971
13095372
2329178833
3089989980
99916072
930194618
798978150772441089
2904967810
575391196
796311583077044225
2509485582
82072785
2937240045
88968372
528642432
330602048
3366092747
339204587
444115638
294482809
1543776763
4830782164
3433044406
2741023859
304329439
536556415
1405190712
1676221394
468491524
1405789050
468585900
3133541547
310327131
1357615280
379741776
782699968033394688
2376747126
2511911640
2190405630
1699438579
1883029429
4889123818
483368442
2152572284
456062967
136012345
2425450727
2341872502
744902750073421824
4162822336
2854387281
1219904792
1157260398
789553715766300673
2526747198
1036983026
1072129681
565354789
962966100
122016493
593817814
54531191
706768881625513984
477680189
2951279819
3230974558
420958625
795912820592410625
1035817940
1130420497
2980216701
2574452613
585397603
4229455444
278915300
242885155
556771177
1238881056
2608151325
2494222351
2328604034
803590719432695808
794582375867052036
797123652487696384
733660083326980100
321313255
1220072246
1171486081
3370499337
2852396193
326962678
278425671
238611868
2225639120
802176344515866624
428880267
593752035
179939814
1183989451
600931689
486384806
783740138660700160
2345296493
4063913308
2493829429
858153835
341654059
142003790
1205482028
1068801092
78971533
76695906
2586630188
2599642884
84874030
268696849
1853565056
4738484242
127595699
757812384
964574712
751194313661513729
237177428
3430477522
787899548555440128
3030465038
2296638619
387357851
386732636
42478291
515589181
46086135
2971151043
3228896301
775383800251645952
2193041926
2980923131
997913233
3074122662
2279399816
3521388197
3048084708
595306303
2304513812
1316630180
19662510
1190659814
1365386306
254299051
30624424
2990123956
52011737
1006338463
431842731
751772149606744068
329051107
2656551650
435173619
388348486
2985912037
1933284714
1370063970
915103669
946810658
2728896824
854310253
200093749
703329959276892161
2846746942
531137922
392008215
147907396
1324197673
1498570615
1412500075
805592012099584001
296773508
568298608
1058701512
2163514121
773956774932127744
1068728030
493054513
1089615589
628388101
819829657
786626062239297536
948121993
515167150
761271882
421110631
2482345727
2905728286
441851951
426064773
606283452
1355517703
436189641
2778855315
1394582718
1387481312
3320939031
28308468
545448505
3347934334
3027389045
483304367
15438622
163527039
2326047985
780409230788554753
1129269444
208130207
2212081663
2367128011
451410343
2402143808
331496903
389104963
781930651528392704
232908749
134120144
510611092
504658270
406901049
2375736855
895313262
209786311
4654021697
910502540
292865253
1960821662
1475109288
428447147
2920005634
365850500
2565800577
4872050638
2457927541
1109887628
575138798
286086368
1419033457
975755820
1074413634
1268204864
2464828514
1621416823
2241373296
404022377
296212723
490520691
2959049698
94773688
773496357936128000
2895710387
708832844995555328
241544501
805816298173296645
1435196936
1632825432
380322793
2884126876
2358370745
429273541
1244210036
268365318
132059075
134364906
1489965936
805409336373690368
2190915769
2352382794
1544336527
428108756
1218928308
87457267
1598253523
1066796996
4098014589
960924277
1352900252
628186961
3018112323
491375018
431649074
910729081
2473269790
3371334340
1060645279
775416857796997120
99125540
3052470216
347977926
412094285
1068675048
1608647216
751148634398490624
829546003
2966187939
10703162
61751856
1037152033
199216783
359263461
817592473
459137740
97322775
2230615983
605749807
713852625867960320
295024898
634892475
325145422
108876723
1691270400
988373714
137278976
455076329
847114458
801525216883183616
454142762
1222000628
2949652168
338524973
96945924
358042635
495925655
795565851265159168
1072138536
964372705
1643202524
23999772
303139807
261233190
2332028285
2324895959
2862461084
1549289318
2396546035
1268032573
416534525
4060369233
290147254
598528444
4339037296
2281160869
4181647523
332885533
588975097
49271778
495514379
2223123756
805247118
3025765624
195786572
1026457428
2465000210
771232888381550593
3148366444
3401430430
1222231279
2227021837
353811477
1100350039
787800174328414208
348392216
33910783
476908940
430565411
242367360
1609032570
17118582
519694667
3095107277
2238710393
157408274
81155937
410810169
558651454
2222183850
1699665619
778889178276847617
986286079
2781784450
2192257327
315846635
1106230255
88017073
4739059103
711909518121312256
943572877
819329768
432434135
2588246800
286722567
3852711633
2247712893
744252966501236736
1539390186
1038257455
86209782
53200070
947367140
31255401
793534459899412480
1163304648
2958702779
2616680851
518949245
2361394675
2973535553
748187371074629632
703510405809872896
292322279
1454710987
25676606
273316238
3398885945
298123237
165199746
1368793633
2282469222
409448246
598279585
6443392
551865991
419415644
717391205642977280
2987972555
899598481
1219652864
