421974447
3226537523
516031532
779336944916504576
599247299
366332600
1228301834
170684718
2433727925
430237926
799248233981759488
3417536049
1474213489
732222836153192448
2414609995
361808481
803288617422647301
757989565600858112
396841926
2571330985
339066423
1145584326
55251916
422340734
194972957
2579253746
2647587435
1009689127
4067206084
2261595209
730389738323099649
1540142966
452858854
1313991374
4160203479
1247360977
927409196
3235938178
602216944
744524292050788352
732377227501932544
24504702
1953930264
1330126752
3784366697
2452728714
440691898
769651270613426176
2875309297
722105587635499008
407001525
389970783
4824031401
298164175
780103237915516928
1015392134
467389922
499128183
1082718704
731177161420312576
1551619392
393342562
2491958276
4069278623
1230556524
743821644150476800
728807104790794240
180317088
1307016348
421905875
712941879113949184
701425649169338368
3433378229
732504263662804992
407747764
3056927199
452010658
1198415630
1365472506
2199804117
771387619360043008
2825932033
1462107829
788338925832110080
732420980249903104
188390069
748147422895943680
366053697
3398643791
775033513175314434
2353082360
1322376432
925782877
1256727248
732508696249544705
3400696882
4046187219
781046072865087488
1020734665
2265984404
133461180
618595724
443187387
1250267900
496890624
712035142508945408
732828942747488256
778468643008950272
731174627406385152
2200431036
2816606222
801499650222129153
3398394214
133241974
2720826652
493949099
32848844
1240934724
471328170
1032520350
2328166991
1063725991
784331797496631296
882790081
3115484254
434272476
766740702982205441
731180653149061120
2629123617
379706636
584529887
3524549843
389477469
314537220
81646967
2170742693
794572110274428928
2958027549
759675705647063040
3426670696
2616804263
2987686264
752299549637668864
76383375
606979822
3764423603
736482105245507584
2403776046
287895587
85136516
978137395
892929787
1006439738
854372184
775379869215625217
2731547843
2927551738
1120047216
65977946
2953117947
416261733
759428777793429505
111410606
704594335317278720
4924035922
767772101503836161
2749439707
3312303309
795290773642215428
787941432267051008
2460104746
149859582
4256715496
732224983909289984
395183088
732414937482465281
532163319
513144334
537051193
3099880259
732306668663541763
2376897325
796334964342194178
722437795
3381526636
1227799914
411197067
4154714363
800665008384315392
714739556747243520
564353788
717761771226968066
2766500357
3181210090
1238622974
461316228
1038231816
1039969014
1369438861
802653586563928064
4187056599
1341261416
1595880547
473107684
760795645871583232
770125575893684224
3547765223
2429027969
786172092827914240
4068202785
1492549380
3834367960
2376999356
382562043
769543337527345152
325473654
734705980873789440
2648038336
599940695
742469305976098817
312572813
2400347005
475134082
431886973
2205245198
1638861805
16088660
1318601540
892912476
2356846439
3387206505
176168558
2767422555
1428112362
469694002
763745508905062400
171447577
340573242
2364819052
343239720
1444286834
3053723635
1026091501
1254440240
308731088
383790840
972884324
20940320
2189126966
472327553
3331635153
2846735915
1492509740
436640636
4705505042
602903174
528757687
4180219161
796301273792389120
282643059
777876616676466689
731141944370286593
147543162
364138262
2670574903
51036508
2497838698
4651657696
764201799217717248
3064658200
735550795
1363855172
1382601224
80040362
383922811
863339647
3081135833
804031502229110794
731321218897350656
404979028
4631681177
139352742
2487419119
1183974055
602918666
1331086867
306058431
2310261690
2588051975
2205471504
569311920
398959536
429496671
507697095
12994392
731356412660486149
2970333513
2889628751
83386342
1154856690
1857779947
732282282317336576
292972975
3438614458
2696366840
2396858321
1517788118
1037077783
402819013
529606550
710044495748927488
350399652
25499078
617404862
753570089094504448
800412885880946688
3086955695
199923959
148787137
794164110061699072
627317336
804232112555651072
1671155881
3254304580
81318149
787988590492053505
3405492419
186977143
2420367649
729787922644381697
799300362930974721
51361757
2149665647
226125316
13573252
789980429155721217
2355147860
2807459157
785089989692493824
1008395305
1566329647
345475530
538382007
702248011250974721
4182142288
2245661774
11945512
754791792281878529
2479620311
464045620
3363987292
3028809503
371781632
801841062763491328
1175340216
1956114378
3131729685
780089815786283008
96383439
4854132653
767783947220713472
1205594306
802634754772402176
204112751
798743088206319616
434505068
481929883
9820132
1059984817
892954382
1209522866
367090986
434993776
2281231953
731349450636038144
1073285989
283080198
254969508
458460908
2282008813
265385204
1347527786
2998534481
3309946937
1367363988
211194021
519360327
793787252040142848
499227001
798155169036898304
732372848925417476
804006021635145728
709389043
396143318
169054597
1165954860
573003143
3303594136
3063738106
382846252
2658993140
2504360748
224940210
728228470816395266
740672271619084288
428222407
732227682533036032
1179711277
3360210892
2410447644
732514014723346432
2456837270
1483339591
451419267
4044499913
1367853685
790099830
2386642032
831280344
2360900988
1351561135
2361360169
924965395
974726732
2822217403
3025368046
899849222
1697296957
708429391
794092015634051073
2192778853
2749231737
1717274785
3295966795
732823537728294914
28820399
1015037964
4144056819
483046948
4824798082
327862293
3719207249
4119726443
99074298
1707854503
4833429358
3481946428
416018070
1100783203
771607371936215041
85821827
513481122
2808860913
783670848267882496
1269539851
494253338
508542444
3071820420
313196161
2301664084
801895595237670912
852980726
707184555887861760
485135776
536395566
399010858
429203153
2592758547
425686235
735880222243971072
940945716
731176486770708480
492529570
2242729885
2184571299
272521191
116470630
2332571271
1028897996
804304569643782144
849861090
1434038420
4919661688
348348465
764908550816751617
151029385
183686681
387049205
586804044
2199795114
447120305
4613838695
1128723278
33672617
3716883675
17532492
949743282
566142199
146738509
346161795
401650330
585968039
1179962942
1924562743
42663404
2340110677
369728921
1716718334
1086481526
732573838920323072
1617496921
50773283
471347700
3243222784
788740635952050176
3201907600
612487221
243993181
790249160779919361
800750620818800640
70490565
1093512139
1111625298
2226318312
379169704
1525830470
225105585
2680027245
362476617
716326404707713024
796490271630434304
55187309
447484344
788047861342691328
731252371226042369
2205995453
728573094806364160
2785158801
857715163
1162245110
1408457424
472275443
4826987211
3376006312
453288373
874348255
731319983880437760
731141631617970176
244869589
1870641289
724303327077502976
213199539
4824967419
2496237324
123235814
1896618822
2492632050
2527780688
725439723565670401
159551952
363795552
1382274499
573977989
1161058597
2751847457
731078960402948096
1014946904
2942625706
3843282933
41762089
356404890
1314132968
2541684684
2372381341
53027331
45514913
732379519257051136
1379254362
554336117
22900344
3978409253
490663130
1166582510
766066296618414081
1227778538
416422287
985542859
1735413050
3228099125
797197311201972229
431901295
847325940
142204068
1642816093
3065758708
288127206
2316972126
2791075923
1368152558
954210997
283195353
1270383558
3340616146
370182507
424907920
1084193910
100036070
175127426
584022845
1615176902
1285648478
340830425
3335486015
1636528548
786135013729402880
470358667
207070244
554319615
753174758087331840
732481979992526848
457442858
438849246
173081447
939484063
2341083257
803350148143316992
19643514
3361115747
1262704657
471150852
3001004218
4797073893
2638763075
2851165852
116871279
633577541
59200159
868645789
3129266409
3207925227
397997207
4058624363
3036352179
747492094881726464
712638482569625600
1039581457
47968034
2412391183
2171153391
978769022
342681065
829460082
721338196639014912
2397594482
17268435
731153273701470209
1111297184
545384133
799154116236865536
265494725
3243909749
778900450812764160
2462025474
1347261200
562901844
2675356905
1025169505
372413317
282593537
229804443
748385951521595392
3041446144
60981224
2268908958
1280566146
2504528224
1067868320
2410911599
176921640
1229398160
325760306
2437846648
2769332552
489562627
3251588698
2277784675
851471263
808945040
2329972429
731118252588470273
48971201
712081496
319634872
313331114
231358262
1927224049
2296153657
722098819110985728
1134651691
40432671
2644998883
2223326053
3299563144
97442729
470257543
265310795
1960545097
548616993
44839560
1307992418
799657351334731776
720632435306807296
403684823
451483593
764435675227774976
336835921
740819877859086336
556818121
731354123795353600
932478324
1854556328
2305531562
731018872606855168
757150618188386304
499214987
946170176
460099696
524352851
381611850
1873008853
2174661648
328571750
1001239345
289400495
718831473101520896
1394277882
412129293
2455947723
418361902
309750549
4919837110
2609504528
4547668037
721148434
396483537
346676055
429452726
785773375385923584
2591060556
376765802
188903918
250080066
37631819
151106698
217087919
767679162584854528
3064138162
3387594292
26295447
417800630
2903545671
452985926
3091392485
500053935
723203630917136384
1257010327
4643077173
1320078122
600136789
2224974581
3042211947
458503181
501249777
1504034676
802059051064561664
2966503372
281422377
1261644342
714373889204350976
3385105642
284683090
779306269190553601
972123007
44358785
729935663236272129
782874183365779456
11080682
40354809
798086349316378624
732417645635637248
3697294275
3987937325
717452216840429569
592546016
732382812658122752
2964119115
847892292
732474033128660992
275434452
2531011964
250140879
4327485993
712712005287813122
541824556
961283478
1559842459
4414946656
3005727892
2369008892
731154101652860929
340847319
2981614870
3073945560
296778555
3331059982
188072000
14900051
1443399121
421266518
2870669794
521450521
197493967
1913554560
161450764
38196064
731323448836947968
710046420821286912
1044932990
702614277472034818
2376974370
4069758477
1492164349
1872018607
516339626
4687135406
394293884
291692348
773155625127796737
716911634871160832
507792558
3026638931
1208853571
253762746
271468279
710817625501204481
565334533
960916548
3432900449
972872618
2312319749
134554873
34235172
738491898688622592
975443228
2367811931
2940410703
2654152260
408704922
22996510
790222368216117248
319782293
1712830392
2694982606
799754734315782144
1006039993
2975733075
2258689712
845313296
2565960103
731151738644901888
2603850468
732537239855566849
4928491697
385456063
726166828028989441
3326012500
783315138497642496
732317340092780545
771197191
4229765175
451003130
361341817
2522389350
3377613693
776125290624016384
786809592
4342527448
992597312
2772829228
3742104076
2546652284
489601479
849590082
1310209976
789431766591340544
863572548
46626285
4780779442
731069865310732288
410245492
4831397626
79435745
2817083455
2703902763
1386793261
22678247
1016215621
2439711755
2787878581
396819051
145802194
9940892
2928408579
2471096019
731321196470505473
772151913567625216
836271002
732505446620135424
127025568
1870754606
2527352064
752968181661261825
1221995204
3466428077
2487035381
544700808
214634150
799225277046026240
486994488
702047704889868288
148012452
747451360715616257
3018290121
978557845
923278688
417461282
434752212
197193073
988375248
365935751
593582642
1853722758
523343629
2312169774
3063216130
195057236
2968750552
592489826
4839141616
1127733265
804398406286381056
2436608759
869995242
2389245857
2350138653
468352501
2360519002
218067973
2483857828
796340446221963264
802293571693019136
584677870
1169506849
4018049902
574185238
738633894
1068405199
760806683564240896
2344839862
161428463
434126218
484589440
3001145196
256177809
3018518855
718197754242142209
2881464153
773074386
3438039274
2542889860
124576769
796321293452898304
532572724
731100101385568257
1707121399
4273349056
734976214163726336
382034832
2251584384
4548204501
731114299230437376
726428495413387265
8356242
1161191406
1254788209
302967121
1045962650
2886860662
3165917453
4459906041
1471642706
2871007953
3176625754
597408853
4885903612
732545803487707136
1402224894
9055772
732348495395442690
417070549
2990246674
732341781807955968
3240122307
3228198179
3064824634
1175727986
787678618726072320
2420586324
983554375
4050739455
715083557581033472
2785334697
1097904109
2183402061
743437317130575874
730841695537876994
4403955207
52999694
1628503506
784340188679974913
138825055
3119071163
1166877775
377429760
2481071487
733330743800258560
2583026273
2233502635
1172281572
2800729570
526896427
458632561
4174063036
535713785
2390797348
1443830137
4155844545
233546601
2530670296
783307585206222848
1417495747
522438312
2197080899
423327600
2540030877
165184028
1048083020
2959917485
731357431758983169
1672302936
493260423
799931833475547136
726543135136964608
2221404476
1874213306
1604201599
726150285870157824
492652169
448343412
1286897317
798144491337220096
4515949217
2342306520
894922832
209012915
701456941894266884
607629011
1372461787
384885948
421956560
4184406562
593237139
38434627
785397318
732377222846152705
797871034535936004
732478196017307650
3257596531
2868587543
3438437289
2768367785
571713284
725267992490201089
2176449613
4806536835
765631835086917633
1155129516
2361471923
3041758444
448631884
61187948
94092819
593547387
2757090658
2984362528
3422769471
2956811146
3684760575
412371895
4196215025
15047521
510923375
2479999514
41544005
425153508
1599296083
265438050
630524940
418662548
427804855
732302005671231488
104612663
2970225064
410208486
851456364
745025263679963137
4881267029
461088423
366578619
84018589
409291868
1203674574
223951506
951365918
1579008720
1429916701
217374235
1635172152
92602577
4872311697
596711664
736503991467708417
757875200050470912
16145985
4048087467
348137712
226627338
2471307470
2904229025
30849011
439040430
416351352
801700087525216256
270050737
2565885655
442717300
3763499301
63123584
118000836
1001303996
3402774227
36374014
757870675482800128
2489572129
1369005530
418639778
71293003
3068966572
455500859
4765095501
219406236
220976355
1367973715
385980814
731181008452751360
215090695
1063745202
802593581210988545
14410869
703318645
787391210377928704
435285639
1433958451
731019841679839232
292924733
1360283702
2995908064
735788453737041921
2375003982
382539264
522542520
419951447
732231709278752769
2189633884
1287977064
1680697170
192150791
3318421203
1266649207
625856670
3432995584
863020105
1710348528
3785335761
306780713
970095434
1103450372
787987095763779584
2994896470
722437734
3065858355
3402382157
750732259108487168
2202172361
794234183128322049
433751734
802563684992249856
4920828160
1454614525
499967652
713002459870937088
1272944370
438358126
584056092
985118000
2512612640
934103166
142807042
9796912
519379680
2852352323
510441663
732545762811383808
1126627632
731177530871431169
6568152
558032072
1126203068
295284193
21210455
2230346403
732571117144158208
3357308483
407106629
241640955
94594903
79984224
188029214
734418757515411456
467477928
4604699980
3404776456
471971193
133019285
447863789
4130639901
411403085
968871944
1068056972
397326726
1163858592
1879711830
1465195916
789786960470614017
133030062
411800592
4774849822
1043011003
2180838160
748026254746591232
1050270810
2495071257
420186908
2318610186
1893926106
2467892087
1080249439
759511811964231684
788675050992009216
4242264977
731144068005306368
834242162
589911268
41391760
374145405
456674882
495243061
732372580825468929
803115076672700418
340841609
354816962
461013719
1011327860
295743577
1259538510
1012135158
3377153333
430437851
2173072229
1292029244
731050119160795137
118978778
2869181698
355402185
3322478014
2367661536
565500674
739538599918571520
762011762468225024
2751256629
700711428538421249
731077934199537668
318878875
477543705
730843093868613632
4602580341
982667311
396884500
2482305961
772848384961044483
772136635928633344
702971213308678144
916522718
815758254
431769023
1238996869
2338483821
483384295
438735213
426608038
797136508293627904
55360087
936424968
1418004319
435003460
554978317
3879573977
731079719656001536
104135821
502992856
3169486113
4046591470
3122737721
1706556157
244087105
2496989087
621058999
85670395
1462093196
3107574627
161740961
303047906
1167206024
743029209564651520
533692413
534655010
79036955
779645231285301248
406555334
800741465202704384
2239964759
2903029769
1213623866
473166234
405792460
291596806
97035161
281056550
4924594492
803536150371696640
384192964
427372566
557803659
3297004216
2230228079
1091835762
356975403
2359548435
436870309
765897182
787718928638341120
604899762
57472352
500748464
1062995012
2720583173
2414898811
4340881457
742634833541750784
405004713
400321579
798164626844319747
887197122
256835865
885325464
1428133460
1209926364
1594040222
964488151
4194649347
460959521
90139268
2795593730
561473002
469254466
2892020627
515548298
2883152433
797134962453581824
744961229853167616
378247626
4436365575
1246085041
539785618
3164390831
4582648600
1359735968
2286669109
791583592799404032
2889612136
2352305154
794138420020920320
28533668
801062327810461696
732305997625233408
122497273
83941845
1510780328
53234289
731017047740694528
756794645355659264
749272798565105665
108396613
4851430133
3375604709
4865359611
224699717
409089494
1529579312
353640576
759087669452365824
4188604709
472186470
1132467116
2827084763
1394356609
732386064233603072
2435638248
96340114
778321813
413010349
3054282126
3248724731
3332448431
732825806901239808
473994961
421723841
500754712
948241856
26982622
766235199545937920
3003254493
732506702927405056
73208581
732511488175443968
461962554
913326068
732385435402547200
717334646405611525
2641812921
989250955
50590345
732309486224936960
388480192
872497166
897195240
431868464
249723261
720592519
4759055535
118843973
2948698869
803617893464215556
2785354678
2895077031
732537681960439808
380314015
800331406656217088
751912807
1114542462
76769340
255018823
694638444807610368
1494535956
3384511240
429118641
2401313720
404088514
742656572086747136
804631560976732160
731348019417780228
3078186189
483725781
2869253230
281884852
788472720036073472
633831925
3094278383
704615029572825088
1331514499
800370605572820992
805012756831305728
389115081
827801822
2795420974
516918398
801060646699855872
313956473
445332184
774968109002358784
732537416582635521
740965050836455424
4187607101
2154746892
501874833
343557294
2562814182
578906912
2420100298
50587165
995565133
280401262
1632545040
859072500
577308753
416157197
265348883
3138188655
515638711
34917834
1111810363
732477149882388481
715252826100908032
730034081698877443
1465671260
4098447160
2920376271
715284283749974016
2154499070
696271187534598145
101057515
4611199415
565750845
3015242813
2377048561
3948417815
220950190
358015849
731121261770878976
773204075303276545
2509994134
609075599
177654794
550870326
3056250186
3324608649
731352081747976192
405443137
292197467
171844789
496876586
2348272160
786276460080209920
1068702612
3793353617
1060544983
40705890
3224742693
746263383473799169
1271977076
750400945520013312
743514238493278208
325165914
2186313922
532733052
724245672434765825
2202015179
1015943185
702432335078285312
1339546009
603901912
14561296
2995754453
492460290
707978044179410944
1919237072
482107935
1007107039
595786440
472047884
466789101
1726668865
1034268726
4756057822
461190832
51045288
449006108
1901732377
2891197923
783393755617456128
3173819499
769128592299134977
524224872
784829018457636864
731351971379220480
1039461792
778917084399079425
1028180126
3241702065
1096331473
332894847
407050794
210787486
1261872931
447432073
486787100
520610672
182411035
4868655040
474400956
1223037354
2350495204
62019002
1063454497
2187901177
3632667623
2331609421
804295388824006656
731141990088331264
2449219440
2801714098
2859316269
732412884857147393
716259184
1597905877
396748129
441990910
2279396928
3079210283
233913376
1062583370
1260171894
2207852354
484581614
3021166336
1249912915
1291841431
4306216179
730132426110992384
484771907
2895918321
4148028263
2951587293
2362418930
504249100
1504483819
2272916900
390161953
2244460336
61765111
779316037774929921
3408677429
2540653035
468777277
617201169
475827565
103290607
2266409233
66133398
4755949588
598974424
798531277116862464
2857263958
732573582413418496
789866400332611584
2892216196
396151080
117139111
1134804595
266458661
2819926689
19791924
307264002
272941891
2852952899
784105196070854657
188787298
3322620622
428436187
3368018859
3395014151
731355271478579200
2943733317
720515573
3321556576
744819568909029377
47092465
770021973342715904
3049633374
411011613
2712331625
754075116783435781
2878091469
754738926083010560
2760719741
4229498536
1274899394
734629633577095169
116907932
3880191809
2999850586
4143185404
4046411357
91138156
1112850756
3973423342
1514243647
573406649
2390176060
493833883
2447136595
4187567045
749991934165385217
312963871
732467411312508928
464615450
453966391
843757543
740277257424523264
726721856749842436
702178529
441863803
4122678207
3166034463
731119440000077824
402099995
965866273
2267087299
805000214004269058
73949832
22130220
303219287
4053878974
429009401
2724131603
381971890
3305477253
488356774
775303692224458752
22031608
421810729
1384855346
302570062
732574968735617024
765943894756458496
1222699580
804759689707847680
377660882
1348851210
725810364995231745
113380928
4882297509
876037140
1602815845
2789363694
432766701
2910692289
20060900
770604000676835328
1865562571
2831366043
61186796
704779333307650048
474886591
119799052
1252946868
486988544
2369379741
385522939
4089359207
1534748126
1101021343
2986513055
1358611800
2319777925
105409681
406556949
710234922489876480
3091707250
3099096688
3018738275
72283097
586625915
213616021
4063380377
505019583
1065328867
732830546049503232
732513968212856832
602574015
1012961892
431987028
731179744847376384
2342272249
611690326
2192427702
419046277
1480178468
732339784086110209
804008103222054912
525546422
1095354780
1488338479
44423232
2898075617
2264537521
788754158241378305
891033776
2872759157
278273822
425366243
1409736301
4821193318
953332236
743109926759829505
3195997103
408521008
732309644895526916
411377231
590188450
14703893
420194671
2911106625
2239750970
121722049
611760872
791503408167608320
428376870
316364685
732306269042790400
422667556
758327439558836224
2751862871
4765393854
1330069440
3332411590
573743846
253194616
357147757
580344256
2203598177
3328712788
2370908109
755763726477844480
1032240782
1100422622
1480061876
1033253838
1060514324
2508257327
267703365
774181517224316933
429881927
2953019709
2736489995
188324305
541178236
400630735
486470778
1231473788
788825081552244736
2507201104
3182694317
1190943824
2943507749
752800121138581504
4192397553
715543732217626624
1553447190
1346566790
408760297
343442484
273095539
2163623162
257499288
2815530124
4838631045
2574560504
3117151365
752010888
2359426044
424084271
484106374
3001276187
85590368
266700017
1324250802
3086975528
798623808546635780
963955711
732538134823587840
484665449
1456556520
2342517254
19592755
2237570059
306180757
432688797
3018858028
1245505458
729981130007531520
324262863
2180831464
435760551
369200086
1170081618
708302967234039809
2431061097
842378066
2273086657
201680143
4405181775
2161648892
3296497990
240700782
76616277
29428344
1092084720
721937520771129344
333498140
731150304964644866
800511027439730688
430995535
782577416548020225
4619528355
2301153684
278503793
3365915002
773507831890845696
532577856
29171103
780763287872901120
2333388469
731073749487915008
3207310307
1558587134
804936535313416192
434988195
110190828
2625445767
2442669300
797138085725278209
495419596
553591290
53111341
731152269496963072
396756630
2946017621
1154012262
418182710
1390614042
2217238576
2781237202
2565153327
557827565
708425080645279745
2236656979
22129679
22887971
3001188891
380551414
2267787658
164780237
2930697713
706596340306984961
759021203247861760
2816638404
731117776107151360
763353589347672064
9508802
2481790633
732568163636891648
2469186961
732380030261661696
706826094
746539553771651072
765296385700880384
3052908091
1008728029
986586822
849387156
761582724176027649
1874790332
1385223960
4609193302
598650191
234753926
286584440
71887780
1307085218
803417486163058689
132811097
2795715798
313514631
732354294993682434
782126365315371008
728282841054851072
419489518
413217587
3143841076
731141958119378948
3709134081
2315848360
252039915
554071926
92978896
3357091883
418221631
543377842
3230165817
573872757
731120586714435585
799218961774690304
2189190782
3319305760
3306971873
4016772868
788857343471710208
423011868
3192285299
3165299303
38495686
3251331238
983512394
745535971270103042
1499773538
775421050054139906
1171395356
2398143679
433717645
361960565
487824356
870535988
701779311183974400
801808342125514752
182870444
577098234
189110064
822184940
732831364693757952
1885749720
1080507391
201501452
336442306
18680083
402997564
1142540912
1424689315
732422193565597696
253714436
82065633
81230367
4069173009
427418997
3749352077
732773769824047104
732536651503800320
3298850979
146215776
727479058045480961
721961988147015680
4195440875
115139827
3471435689
318615150
752726608272846849
416439103
768783082736455680
703927942192173056
794302419203215371
477025365
775318412507643904
4577525308
183287158
778911278693748736
1085901524
731098607319797762
2400326462
795199918017130496
2886982929
932888491
317144718
388960154
51522357
4074742552
758178577909153796
526327701
46361600
464127310
783735608325836800
2709647816
872318838
1676787925
408277343
2256723448
2300311050
732421905702129664
1644456139
3069843927
3457524023
396218442
4864664511
2216026485
785193802352955392
59564555
4883029437
697799370297774080
94788246
363542054
481225656
485521993
1370605363
3007504107
731045727363862528
1228299560
1926324451
3403421475
4844733082
2521671494
407194493
91528810
2811560459
2773048230
637254997
891748442
4864902358
454865505
4888582030
1116671611
970705082
3359396477
102672182
2364603574
756171345310781440
475248885
735888541079732225
270894808
321318998
561565372
791301361128333313
2932010800
104919938
417216609
165547516
590080393
731122160736075776
4603127836
537300588
748799089567862784
459115038
489312732
253175429
736491984081281024
3912089235
241016268
743039255472164865
74759588
493071820
33205675
96389952
716422928
722419469902036992
368819722
782228826847899648
183402202
53139843
742013658268598273
3613181357
786871131114528769
3239005467
447038194
26772461
2319258554
786432845111635968
128004500
2348977906
4386339226
2832335447
2415181569
343328591
714382420
930194618
409821771
447258483
3322548533
3007544649
796311583077044225
460290015
780714403217846272
83793343
796885301918633984
706171154092924928
752853790508867584
3110312266
1926741584
294482809
297903655
2363670784
1405789050
396835736
1905524532
731151849131286528
2728828858
2917621780
14184504
801140052
61081513
2429092036
2238011889
472130584
109573130
173925687
492916204
1502936358
2854387281
304538343
787069568086867968
581801913
2282594402
916326246
800298380714909697
798505651928465409
1013408298
239806365
805008820065935364
3297842873
122016493
1357710228
229924590
731317019820339200
726108618051997696
2951279819
554553427
2310230647
2153812941
708587318786007040
1130420497
1234419373
3135173073
4210429707
313517712
2625302733
2847906743
188521082
292186046
803933169573625856
794582375867052036
797123652487696384
96696594
1220072246
764071712950550528
2921447206
1101963793
4141927199
1965439219
757596839688466432
3223976823
708649686
284706444
467232496
802176344515866624
3036230170
4634999891
743028657661349888
634912538
84130259
2732427263
732476323151544325
802068605139619841
1067864648
794920648942489600
2612652422
2878456721
800796299004035073
2696609369
3043362960
412587936
2359832450
732352415064850433
735980645273489408
3232623358
460611317
4885620221
47963163
727770559107485696
534616483
705859207791308801
97220033
753627017518645248
386732636
732483275294310400
302561494
86546315
1098780246
149060372
3032263864
77207264
730841474833780737
209228950
766731574616424448
115048272
801710252827807745
731021360839852032
988579303
3392159079
240152838
1190659814
405400711
28528873
30624424
3061662743
4812464489
1317191599
2656551650
796759446370271232
4857980363
2363684405
136325789
798969608971681792
114158160
754366457975275520
2367834092
485031544
1073727000
453851050
1183179234
108251354
1534316209
370317402
491318883
15712835
1412500075
36545286
2638214938
2828057292
995021599
242490259
990661279
426716463
1204999254
1250016204
108550570
4860559857
731118785680154624
500881322
709427870419062784
81306899
747771697290485760
713721722613211136
2760801606
493054513
414388459
397893241
4914915772
2735109711
775715222594154496
765647763442896896
428415112
561184772
441851951
732343403736932353
1026484628
2778855315
2754851246
3330461728
3347934334
2179543892
777922906496102400
483304367
731122932026462208
221490175
899952481
1407690270
484283827
3016727058
1129269444
2997510433
13946942
768361830049775616
1225509780
803844682920890368
2698941508
232908749
732225565839794176
496043380
442189588
1036719990
513492134
2920005634
732833088745701376
125345892
311374813
3527260401
2716904270
320688882
953255348
2993021697
975755820
1482048132
2328994740
704078981591646208
732411954711527424
2486949783
144973391
1858960344
845781758
585883841
732223602699980800
759717599328411648
498085187
732478127176175616
2873630517
3034280366
2222816851
34387114
801707005887082497
700406264937971712
446371601
523432889
2190915769
735011288644980737
1006050012
1469933792
722039071049125888
755044307111931906
785481697462718465
178091598
2339316667
3217218965
2958168039
756834230940893188
732573212471595008
4871884721
1052614238
1159825519
1045072200
2809827694
599114492
739778677722992640
440247035
922796137
775697679166873600
4096695196
731174716329824257
1636129136
4134072261
1410963865
1090249998
144117296
987525541
3020271189
4909074515
875347244
2515144546
211061112
797114336732999680
346518147
53052632
779959771642331136
3307165198
988373714
452777469
2872974977
709840307249090560
1222000628
1015819494
749611364
493278355
3369172816
2166800480
608217046
231118677
72591452
730843151989018625
432926462
53868926
462298361
732828612790001664
241289430
2870220975
454650672
3320655053
3083483560
728568113847996417
4891182579
428226738
87950192
3011035791
3245319177
731177504476696577
169233625
751028107944026112
1055346697
1321215984
267728903
785763689345363968
576539396
1048569343
2776699463
203869937
362432939
332885533
732412995628847104
503909782
731145400690835456
2442517233
759087284356575233
1913153286
2465000210
792640100660342784
89651876
3342884483
771232888381550593
605280351
776146146771304451
2309104363
559988325
2834394167
2332486730
738075829540917249
1267065014
1100350039
3011358083
732559092846333952
1261559155
1331662351
1063955917
567200819
377272505
492173396
581716019
2190187865
3233336236
745689833331359745
928202780
1551255427
1010820098
29963789
51772481
140358976
618964794
3688803513
1117558933
589818340
2964938091
4264298260
2995507655
411332075
728267401
732563058539659264
2963779595
732825139285532672
188275624
2745351881
193261391
744252966501236736
255752744
86209782
2527788012
53200070
13821512
793347918690447360
2231318146
797805269539520512
732373931278118912
10282412
45937235
2958702779
3862086448
1448008590
2785705605
2361394675
484982764
1875161478
532132256
524493374
116221483
57466155
2719761311
297344001
168648058
465471132
1956992263
25676606
377199894
1101913508
701059824520396800
738613686596554752
2282434144
2955676438
318414872
481355521
1368793633
379261803
2282469222
376778181
409448246
788792562651897857
2421033249
8266162
451409301
1274346252
2338806398
311694861
542372059
2266309267
2250887606
