1236652220
1171945117
779336944916504576
762284905145438210
889816856
799248233981759488
2768557727
788124436406923264
2511415512
160556117
13382082
268899621
1012949180
472905491
757989565600858112
452064464
65335565
497798126
996095940
3904145790
486693376
1946489059
422340734
194972957
768438281440813056
801449731805347840
2237096859
927409196
760921830769197056
714495628018114564
728695134
1591102081
764525968623071236
74707629
3356485570
412887059
439852615
4883355514
2258080003
499128183
615152166
418312648
485493017
2948661737
2174659460
1420532982
192258181
376640823
2814599326
743821644150476800
2231871937
4136033488
1307016348
589997252
3157875893
781502896550674432
19036104
853194902
3380332570
945145027
3433378229
812991080
2572093630
354808947
2903619039
223504287
1322376432
1256727248
3400696882
1914960499
534669109
133461180
3298746532
1083729685
443187387
386988527
348744693
461567074
413354451
2274653489
2850373275
133373778
1710375336
170737353
707558440235888645
779211695239655424
2629123617
437635996
2170742693
63732939
1249982101
1344746178
4212951118
41094956
3426670696
919502593
271990882
1588323260
626845548
154479746
564609095
4811969481
978137395
1040220258
702219779
929642738
1216881517
3153522494
397199507
2219220328
2927551738
417196887
2399299434
4419158368
2585597700
159205894
767772101503836161
915385926
430697740
914628558
536244238
879974216
473848168
396491689
373453321
291328012
634575700
1227799914
2766500357
458561527
1238622974
967839474
442641618
78007839
390622095
484071732
1139825378
861149690
708772158353379328
2648038336
463969453
312572813
184425554
877434170
3988102589
475134082
302516872
2785851725
2523203476
2345481387
343239720
859987891
582622919
565727870
1392471709
589286587
166449444
706983565838385152
436640636
602903174
776553725603307524
1012822723
379262450
762983877849800704
3053117626
464755043
2497838698
436727036
3290984981
311352886
3393519423
54523440
863339647
428261286
139352742
786156516730482688
3313238927
306058431
514552306
747214833083285504
1228029926
796449951643529216
4076765242
2231561825
2847348915
1533578659
561823534
83386342
705758030508507141
2877804497
776050554418171905
2696366840
759383486730043392
1517788118
710044495748927488
2180128512
9046922
726417519964213248
300226654
268182887
1951780466
794164110061699072
2700680771
804232112555651072
3297108689
70650884
184489591
1418055780
264430420
2333745212
520404945
1133516726
926290832
213013841
773983087348899840
1328976937
51361757
2192271144
396237618
593859533
52995543
3300878565
271466783
342118728
819782228
185274610
2342101993
371781632
154896410
364740628
1283861509
345488835
2192475199
1618708034
1205594306
4184943027
2572209035
614101601
3871871513
473743143
1169640871
4049220777
443821474
3860845528
768863741354053632
499227001
790541461095714816
3303594136
751814461690900480
2490104707
488423574
740672271619084288
428222407
921649062
313199623
2404831176
495466998
944665938
2719244173
503288686
802957785386418176
126970118
989340356
2737028641
3290570284
708429391
2858833809
2322290576
710859095503409152
33160759
1857148146
412200626
23295072
1911974670
754537377402683392
1504710145
1015037964
2397696805
2651274657
270518699
367878143
1558834609
801934415526002688
523387439
4833429358
801457403808088064
2881013986
3346569904
3058699804
128880613
1269539851
459584150
1045188410
2984198033
345535835
1000188997
3124240699
1479828265
2391369431
2444235358
1154119261
497382403
425686235
1513168501
389358538
357768740
774241370890469376
3293435050
2166335324
2502131693
3028742807
2242729885
299780153
2651374166
3092514273
116470630
2169931168
2248757802
2199795114
777777871
1667689482
705835156054134785
1216455108
2784502136
886686836
1179962942
619150517
369749865
798640448558497792
766056010406649856
4885325417
369728921
305481008
2424020059
2379017327
2365498822
3315892769
4905992363
1093512139
529282046
443589130
2881788614
972414750
21750761
788047861342691328
48996987
776479770502651904
706097800040357889
503172196
29469037
874348255
482045811
305790839
1037942274
573977989
4251035097
751725458631327744
1314132968
495806630
554336117
1386808813
2407662107
3331413322
3978409253
985259430
3228099125
866679978
267219188
300747842
2973508025
538874342
1320735566
2479891578
605653016
356159314
804413937907208192
991727834
1001138461
1086639097
490703226
1348698072
797906158325534721
1300646329
103646510
2986947023
3222700497
38398195
225604191
797076670884773888
2851165852
504894136
1215628212
4058624363
626472264
3036352179
1234080900
3143810488
416310352
2354395787
332921113
565467907
97228214
1111297184
1168797480
191835437
1099289419
735366894857916416
3768512055
703661868469067776
785389296807272448
861799729
742397759991480320
2338465050
1197644424
1139157704
401568346
2380234909
376920191
1280566146
136661991
3345161205
367202498
415710724
1229121186
730123768350314498
2312130859
2930073010
322933929
1927224049
1188872131
113424592
1064261450
308905321
4474392677
702690830
1341462944
1162209535
537662962
1157043744
574871295
414993771
579324575
2370545684
2254987077
1346966839
4857416872
2287988926
371924509
292508821
53773490
503452485
309178760
2888908630
1249802790
1534670706
2201613873
1083328368
1394277882
289400495
724744069566574592
3980123284
4899231777
3228121683
510211619
37631819
2897248774
26295447
426094795
452985926
1911991346
783278969294553088
1620754188
2338719661
22059942
110520087
794287344715235328
62814733
4838445220
299551316
2768661999
789390786991263744
746008230757867520
284683090
564693328
11080682
27326931
782874183365779456
796821388023754753
800020664484855809
493122905
2420540543
2302034329
143415269
69834006
968970415
2640520959
2730593590
438339383
2467357784
4031202537
800969617082552320
509046323
425285683
779976176416722944
140391257
1891583048
4004573717
318257091
522457817
365110885
2716446892
1876743998
4372999402
2971568187
3387547060
4642395077
2386835695
35438522
435153058
2215399657
428134332
972872618
3439099804
464955653
134554873
1075871143
711105714937323520
2514997128
67717371
65377234
791361224252489728
2180163853
226325978
1320936355
1712830392
427209531
2279477919
115551000
2610299144
574396225
753206130365624320
969068376
1274581027
3077624915
3448617916
3700502176
321879271
476051821
488749288
2364617093
1386793261
278743750
94529815
1931840917
2533019300
396698099
1015732033
2376140579
1870754606
22757909
459219907
1083554012
1062799087
695753
455678403
2321258784
1006044900
633595333
407062660
764133596512870400
4847651633
949878890
2792814315
2322781029
4204326923
462772665
1127733265
22659500
4737722657
636955791
1159825830
429312499
1690434842
2762141323
1169506849
2197813964
152673484
760806683564240896
3687479603
161428463
58241595
2350615438
732206617341595650
4196122397
3192664222
1972775336
752969999518670856
123712076
2476119007
4459906041
3353096519
706570552031444992
2741910808
297435979
2295417636
1229387604
4885903612
701388779114930177
387136877
222914046
3240122307
142175893
173389528
3064824634
61905153
4850369241
99702635
1097904109
714364362320912385
2677950102
1029356240
274494468
2501851306
2173707058
1930695714
377429760
1354935949
775636532
458632561
2430519857
1275312618
10939652
754037580308606976
394741689
777472757579837440
2756645690
233546601
2541012626
3019629387
358200513
500583344
710609693
1488372031
2174506659
726543135136964608
2845018504
3334600017
2596945387
1548872300
4160599461
607629011
1372461787
292605943
1063011624
3299490593
4059049942
1269285138
421155334
765631835086917633
1853857640
452151464
413416371
3041758444
115523877
2259346508
988968690
776168190225346563
3227318753
2608779441
2484661227
2956811146
722532501382656000
759853330692616193
479865593
163879703
1142667001
3474585855
725882047
630524940
312168478
476140459
370639956
2881526861
2330457144
412941225
1464788840
4078539741
411702181
384437761
1579008720
1186603358
1052882882
63126601
445705786
1294174362
227452853
277931662
1313490145
4048087467
2443995940
105591225
226627338
800371833363017728
1262829973
471428838
800339370129559552
318923862
2397659735
852301178
801700087525216256
1708399825
45803546
1624835593
247722432
368241794
747013422907277312
1317079993
455266241
398032197
405551843
708241822263418882
733695386846662657
1047909607
2883830458
4737081682
724628269333635072
288828205
393647707
435285639
495929348
3071096152
1167287822
382539264
3152685730
1919132101
1037692622
534850953
3764059997
3629322863
421736249
596702756
785129133009494021
1266649207
2168716042
219712189
3458620516
757235555541417984
1603537111
14314686
276665800
723584112586530817
1858478731
3133358394
970095434
771613884
2197620432
358242321
318988340
710514446435815424
453223584
131444859
770466882
2368789219
794234183128322049
320737259
1122896984
4923500123
383888615
555195323
3939431595
752647404
270877772
116863508
2743381085
3347525428
784398647471595520
459308081
2320276583
714432268761169921
511805317
558032072
235318725
4204098099
27606971
2521083201
2944294475
14911274
94594903
3104344534
725060346776555524
479023397
32402183
401407144
3075395735
2488588980
1059881101
168623825
169393661
744861919450963968
1065381944
1465195916
2262991946
3299546625
133030062
1043011003
1664604020
546736761
486890861
209007993
505593566
148482956
759511811964231684
227632733
202839086
3067642931
748041847264710656
803979599210233856
481321999
767875664
13725552
803115076672700418
1012135158
2863798143
253164055
4259474481
2330564455
418636676
158051510
118978778
3105108137
2893910086
4019528128
1307698028
1119822385
341980981
739538599918571520
863413130
762337563025760257
329305899
3032272127
1962674090
4602580341
500243289
2479381757
1601716938
916522718
436957303
2858495127
1160278561
107820528
483384295
2872332023
533176044
1201691502
2728248539
374509955
418050006
785104448
2211388062
825924643
2496989087
453044594
280548207
533692413
14979671
79036955
2848223301
253533898
312290595
2903029769
1460451570
2970189689
3003900628
3030866752
420464238
1431247669
382133673
348141611
587521626
4924594492
221153691
257575426
2230228079
794218079878266880
802560596830986240
3136292848
234888988
394850579
785367204703461376
2978019477
4924743345
396666538
1594040222
2162905795
268901808
1104271206
782271812084326401
982401096
797134962453581824
137275274
1039674703
3399075250
2788880355
3364814494
2494554724
50233016
2317273591
2889612136
2352305154
553567662
431884957
2322625439
122497273
1176499273
1275799418
720897240366194688
146798765
3350829082
460042639
4830251404
2764765443
835547988
444637440
791628536557793280
404836757
537182749
728166959427268608
4850084878
2418921020
2207172466
778321813
2348869926
2233203519
4355636235
113643008
54918431
755862007656640512
2478734790
785934232698904576
222157419
2250627476
4655248997
930776294
24528997
769478656498466820
388480192
872497166
897195240
753290282020511744
954347947
803617893464215556
2397083955
16046615
2895077031
2265684361
76769340
532361025
566540382
360577953
2371516647
1325300101
2339481904
435279526
728733122695725057
413299340
2843769504
339849935
35732371
827801822
4622622557
456894487
3070700175
501874833
343557294
2562814182
2420100298
257665435
738792369609396224
421758109
134724104
1291622634
443105638
3138188655
1228461907
844349287
788458787032170496
429928689
2371137846
3081602615
539098109
725370452210794497
730034081698877443
3005907718
755313289
705852831404826624
135190939
1556455656
432637066
558101743
2778755675
426075049
348503076
595878183
425033450
1292352410
2184144110
2302070180
728295648
2509994134
866491718
395172198
1377031602
2726498655
535591667
388144170
294518892
405443137
1020854767
839698230
2518413287
1068702612
3042119529
1060544983
746263383473799169
989192558
750400945520013312
743514238493278208
2186313922
241641367
2373340799
2310609029
603901912
2405837416
52375621
551428995
526735998
4794908243
397897565
704773966850867200
1396678406
4474043243
252676505
471334188
370345381
466789101
30248306
2909504255
3105750287
796051246394339328
8556542
757949254765834240
757220042572521472
3231826833
1119918066
1044539172
198600936
372488770
239411530
2976226983
1377031638
83157992
362550965
794822744840007680
479604138
131262995
804754770682609664
416465127
200034244
786445441
2977934441
730751401194860544
2975094340
1261872931
514377723
1050997706
1022801072
1713647664
337228742
3600676817
563773403
1369349910
1447030830
218931858
1118851009
2719186852
731908101750788097
2312781154
1260171894
484581614
2949441737
456082255
706217983862054913
2272916900
422858171
2980162055
4863618933
2416492224
3024843525
4755949588
1039387388
789866400332611584
1227483440
1134804595
130851801
797738652499582977
728693657159794688
1858411734
2954986355
93953682
117402258
96337794
717022003354583040
367390935
1382206622
2935824485
2712331625
2206549446
1052948882
2626236131
345462468
773684083117490180
143079781
1846267603
1544093054
861373158
1290097460
2919241120
3855759741
61011257
710864700851032064
1080849440
525853329
2511962844
3166034463
2941915384
1640766590
701781527
564360716
1344131071
492195002
420538698
565658427
3317884030
4626119985
1332630272
748888907199152128
303219287
458695439
2945491781
14108472
387643307
799004369979117568
1230871339
230790398
1066344667
1063332403
3409087257
1192998770
769049437549232128
415030933
2765465397
725810364995231745
2859044374
2442105406
469502626
581236902
138772797
432766701
3588475175
194275021
1088385948
258486606
129135649
704779333307650048
1252946868
3124079014
515615524
862825219
406437699
254452201
1678352208
738033666811678720
951867901
1358611800
51312569
790250578588864512
856476714
73065144
2893720967
26973219
1510489741
4063380377
3123285591
475234937
802829264
451365630
748179751660052480
1081132770
490508673
3930476356
1488338479
2958883751
2898075617
2234585143
368772601
148481393
2714500212
8694702
93691257
2719760326
1372497578
1255611302
2311558334
1586042605
2802616144
756326148527755264
2975144398
3261477083
4642775073
1947278862
142731535
840241477
772120295465443328
214475387
3072009003
2751862871
460020367
1876700449
2768212373
1009243501
2623465378
3332411590
997771998
1307442482
719147371045765120
225490204
1100422622
1033253838
2508257327
2896345199
2510749124
4815678869
2335845827
993849391
861218202
452327968
1067982564
541178236
2322590331
80917047
1369127191
108959881
717789567
424540306
381958875
2992689333
2943507749
493533192
391954792
482405981
1110202813
3156887011
419285776
190389182
728612934780358656
2303319868
431753625
4859831949
559409782
2359426044
774085705
2363057508
116290984
423294786
266700017
1324250802
19592755
2342517254
860205385
265399668
432688797
324262863
1905601525
2328471661
842378066
2182923351
3781434735
753921440194461696
998138210
706363546
3296497990
1139875363
782577416548020225
401687825
2148555672
753269372949528576
1549242308
593635853
610201346
755807871640674305
2241274927
4842381857
708997585139318784
722718822134849539
396756630
1154012262
419094387
627367368
786132636473319424
2758218200
22129679
2998311941
4817441236
3399065008
796237284
3152325916
389920206
1613114695
3926659804
714376418055073793
763353589347672064
270337080
488895138
429874362
306089827
2469186961
1069041798
467473645
134498967
2920441331
804753644
3315474928
962612156
849387156
1341254522
414634390
804707078615040000
326144852
2943808887
4819626052
1849672393
1418786191
1264774998
413217587
2172743300
2719470235
283215401
2499664019
3230165817
67574568
509128533
757173570783043585
2580666506
755774969162899456
1062997310
2420690215
424391490
190742111
2499149335
3251331238
436833006
589253599
197157593
3403081833
378831710
775421050054139906
265060963
387278075
1149014184
361960565
341335638
2339402154
377249236
2993303818
1729205360
1849326181
3489267617
2263675613
4823693991
119742732
1015313437
4013061826
2477603211
80109220
791439786
1142540912
79005597
804410479540105217
1900191667
732773769824047104
1140596424
115139827
545867898
475096024
83094880
768783082736455680
410220846
440129895
58016005
1849342003
3067655176
3408637281
744217460862246912
183287158
355122344
2400326462
1356673152
2171028731
716089916
1099421017
2555980091
51522357
4074742552
764073381532753920
783257684971773952
1126328364
1304437381
236335841
793166155112386560
4459087695
2456846400
950513972
460275730
567159863
970835599
394620314
2617511263
484133390
237241091
3457524023
396218442
306887785
397064333
794587894145052672
1163796132
94788246
407093504
91528810
2966359733
637254997
804354408
1527761478
716217206753902592
3359396477
252585311
802869362264829952
2364603574
195063290
475248885
3397183961
387597747
3043396313
2992056261
459115038
768399420367011841
2941989598
421363907
2876702231
2377363345
2988110818
326226399
393231756
3937406775
2767355170
3225172937
3929709202
96389952
947730906
131846946
742013658268598273
3613181357
385512892
534826529
3939868781
977054768
448039159
2319258554
4300612829
22387662
1227480588
3102670235
4893370455
3930502942
258788799
75238797
2741727190
405630071
101218055
96516447
354349202
318882223
186401735
4845999597
932393936
2363670784
1419031309
1222622413
1255053170
272940016
113075421
828717014
701169921053605888
64702834
2821199728
3015642023
952399856
400811586
326481496
469267629
3433360601
252162156
435663871
736566716210262016
800298380714909697
766471224
2348924190
290020510
2703675064
715668574292074496
3297842873
1357710228
390721955
445611250
2326687558
726108618051997696
267335558
551690290
2153812941
229112968
316789576
2598653645
852610201
855410450
396864261
2921447206
1241792798
771422498097430528
539157045
767689615713206272
264117723
426755550
133663155
65937395
906224444
611680497
2874154983
988334522
189265027
202256562
481304796
745595735966613504
2860190313
778693643976581120
113050066
26504043
538327949
602802570
2612652422
3043362960
15282047
460611317
4885620221
1481814764
784447428
446393907
2569703055
753627017518645248
328515345
2589322103
302561494
350778489
1086749148
156838708
825529146
326774832
273908234
797374091959406592
1553222166
731923970124075008
2358573780
582156011
503276338
3299152901
2363684405
425759519
721269101566500864
3072562972
751379826024583168
63060955
453851050
796050302038376448
868181893
786215749035720704
472893871
2405206161
431084648
700817890497310720
1314087421
200794803
1716128048
3303744316
2828057292
954189332
242399306
579677765
1316416861
775299421705732097
738311371255906304
3027987772
2735109711
1412675324
514243349
1382241883
428415112
1956997106
4897360193
55238295
465631373
573887459
256207484
3166156053
235323455
448732675
3879470056
3330461728
288854744
3293657688
2375255690
3874001362
2346750207
3332720836
799706128430952449
1225509780
343925514
709302944
1036788019
803410022243962880
560883286
2245748490
776900392756084736
768341665862082560
256163349
270623814
926354131
702128508835860480
393289136
151572582
2360647972
81720890
702508983240814593
1121935962
533186486
767307970594140160
2222816851
803336895820341249
1015814694
771042114188742656
60066745
743185656051081217
4077977123
252633455
2335372808
1418976222
1852450694
729372507392847873
71797055
2363193428
3017311317
714011222
3322712915
1057565262
2483728100
1636129136
1176661957
144117296
733011210547912704
360105746
709004227
346518147
345871224
2264060948
3053979329
394837520
2872974977
1252981304
2191000136
493278355
71009163
256491020
231118677
2870220975
3401298100
241289430
3320655053
3083483560
39022638
2748628638
964460408
2396455223
1652968850
1055346697
2926988855
52671886
432670529
2730482441
81837035
2442517233
2908931319
774766990124802048
3105224145
776430344841101312
1071445298
255109459
91429105
127916193
930443094
2858584827
1366886233
1286052349
3437142466
377272505
2465152871
528833475
1870961815
252255936
385847046
1295101627
928202780
419739649
50342033
127931750
1510136666
334069557
953264690
914964973
375013052
772315728724627456
33521233
516406696
781136131140222976
234743222
528915795
613258756
774133777412923393
10282412
796632658575060992
1021541239
2316519053
391620881
1829960281
168648058
831768450
465471132
4126847733
2707696839
481355521
347360615
2263824353
83115466
8266162
481227308
1028562564
2728402871
1876212612
2832044372
2850074284
1017851670
989797758
291019658
478988094
2418350499
791407162790649856
753880591205040128
3417536049
3389821143
401704325
281104969
1283518398
1510231602
3431896313
396841926
339066423
68689180
1630204784
55251916
932376896
3318967853
2186653264
516432515
1333927363
432640046
438236543
950313325
2590034989
705449054248034304
77308774
4160203479
802244169582440449
484053469
276233894
508588196
440691898
2513230784
1015392134
754658882551738368
337187902
467389922
3200053252
487792546
1551619392
2155726458
180317088
728807104790794240
98732981
1154788808
283636579
320041908
1131601790
2336792358
123687106
1351938944
441556239
502039896
1934261960
410206647
781046072865087488
880920558
1176618985
3217393599
801499650222129153
464516274
1596747122
430884495
434259018
958322611
3115484254
474442199
1386423176
629952805
81646967
432603093
500122789
2840111003
4069821075
1092508782
368340302
406869976
306064701
753877865645674496
76383375
733743405751271424
3310355760
1562752760
85136516
268850788
1368863274
1311732848
2178600592
1248853178
776436951322943488
789130468469899264
2343268665
3155682418
22018055
487576880
735107028
494401392
143813004
1946899837
2842784237
4866958593
381742265
3025920266
2199539758
4186758514
3082802711
759428777793429505
25388119
1045330356
353538686
722315021317980160
423280813
521353975
3312303309
558981012
787941432267051008
719953453737492481
2541176620
804780883894996992
386474826
2548634808
435825241
1251326239
3131316279
81689292
1341261416
1106149818
299195161
2429027969
442887020
86342681
930694034
783319162550644736
736617948257865729
2724307709
512506306
573845625
754957121201004544
867589260
1318788918
4868432043
2447803388
2565509048
2356846439
3165463553
743608392883769349
521337019
2364819052
1254440240
1004883073
1903628389
972884324
389530115
2969224684
394870816
902489143
1023906182
3491171117
2218061814
2271552805
2729520336
770615305
1405748826
580422411
755574364133662720
1478297786
47944565
837129073
2427072883
1045064690
482940177
50606585
272406559
999469686
429496671
12994392
2270914859
289807592
3115905790
260372319
1171488392
733707640161861632
382299511
4326503175
3313735795
753570089094504448
251094642
148787137
503176063
989485837
1908263497
4226454377
712111069
766664451223330816
360082796
3418726954
1143922956
1327701390
3313351684
2355147860
785089989692493824
410966210
464536669
4182142288
2479620311
2269417069
776421220451512320
475706168
928609825
380347202
69565598
783023868378279940
1219977643
133207676
943120548
910790215
798743088206319616
724648551561728000
80525175
481929883
1059984817
712640136081776640
892954382
587286512
1283446118
2281231953
254969508
140066629
4859716631
2734322301
4579125253
291928126
2966682251
115419968
3309946937
4702970784
319166186
736176575213916160
709389043
1650023988
1065387764
2757116931
224940210
1112068350
430033435
364452450
802875456747962368
2482962214
599807864
1179711277
3360210892
2252710696
2410447644
546247610
426651868
2386642032
4243675906
2361360169
463192964
367021544
716756039580958720
634832081
1327639712
2210084110
1254291416
1717274785
797909640
369177021
2865546393
4824798082
547781607
4601698335
2627013992
1372596200
354125985
513481122
300148270
829358672
849727410
4212866417
1059025171
118053242
1037529548
707184555887861760
897054630
2924599869
485762114
711229634
4161901551
2915966008
1434038420
4919661688
2333173052
705342913371312129
33672617
1439319032
775018810491494400
109034099
1080423679
2687611909
1198670976
1041926774
140012862
2385799301
406469071
516802751
946249914
68128678
788740635952050176
2303466121
3928289074
121190725
64696087
753551108119924737
701747343339741184
2322836408
470917335
290102463
998065292
703263208358936576
2226318312
984608412
131105980
727517052991365120
225105585
716326404707713024
440991666
80200885
128978964
2214275961
1292743813
633960487
724303327077502976
1852391984
2318032643
2496237324
1896618822
710498404531630080
368441096
561058451
1447215498
744818179172536320
1379254362
2804233346
2601405128
2243490855
368533605
766066296618414081
748764531455762432
561375612
847325940
151482583
2753451123
794495973124874240
1368152558
417111368
954210997
2356372447
2365538973
240710359
1953729241
1084193910
705813420973621248
2813922736
384499694
183158267
790670703016239104
1876456813
2341083257
144238477
828570210
2668839155
1146083755
4797073893
541527026
782622314261196800
1627031726
794906422320447488
19779684
342681065
721338196639014912
2487043426
2366719264
1855120692
700879880
231967652
1910621256
2788736669
565630731
108528750
440128266
836055234
373049578
2626187763
482732915
229804443
286045303
3041446144
459908865
783741519564005376
1105944535
2467422972
941761956
406523890
3013639482
57479575
325760306
412566698
1479702782
748252291959037952
851471263
48971201
712081496
630961397
761282595019689984
738344440851468288
164266350
545284832
794612456559669250
1442247000
2296153657
1311687600
708755015868006402
1454233897
67746303
782558833835147265
3405754709
2351775654
1869314520
3300230453
2942230331
2205011249
1960545097
548616993
2239071753
4009855107
403684823
3397089436
1361466631
1053086102
710193656708333568
1867361222
220618416
785474628340809728
406832777
789443113651699715
946170176
173419423
713058194059304960
95891990
897377131
1873008853
4745934964
2322947462
4416532660
755320994131247104
394780039
2375661338
299800009
4603645649
721148434
2246672993
780095104132509696
1707513894
43654859
3208643200
3879969267
1280953482
411312650
38393631
254079422
761190317127327744
723203630917136384
2491534261
600136789
955966339
715080807916912642
4846484643
3228670575
2590515409
184366311
1845950018
13727692
117158470
717452216840429569
592546016
167566334
784018784101212160
762274877806084096
800409968021098496
1871797381
434387464
433697780
799866654717054976
961283478
2870829545
519596424
1925699017
244596457
340847319
2692227380
2842640571
23460272
796409487213133829
825588972
558987287
804756049634922496
2360744315
2367326215
155022277
495011205
2937209879
2195525920
161450764
2767883764
25331169
1044932990
278422359
263037408
2575440461
313857476
716591970106417152
716911634871160832
191254467
2998053413
156316785
797790505614606336
701364672834965504
135167434
971897629
586498147
2940410703
2357042582
604009725
408681712
366769522
1519266373
775301877512675328
165530020
473027302
2318455535
1028662526
589407736
3095233408
793414057223135232
280242927
776125290624016384
1038941972
1583613260
410245492
2532491303
1374146521
53096801
744828787137839104
126903584
2466589783
419676762
552707647
836271002
4483387102
900247297
544700808
4275415887
3504753795
786568292
607112247
797136442774450176
1443706704
245924561
762338673547501568
702047704889868288
481457729
486889483
2322998168
2366082457
3053010231
462427721
2283780786
72579640
22075599
416290762
1957607898
539724967
2365586773
543703916
2598862667
1216273854
637015768
1058355732
2436608759
110218135
1312010358
2223036664
608125539
2862216426
972589147
943396292
894992365
2244403339
1146147427
373219208
586487449
2280648054
220996437
616142012
1405904912
1161191406
2331861340
2508295280
405426716
302967121
175783590
523549201
701091324
500790707
2871007953
2218697421
197056224
3458373497
773978092775870464
1880399689
541147498
397573326
2420586324
2532166333
775126274960416768
322791969
4299066556
776255018181722112
953895188
2357412028
791562057183133697
320253490
1104761490
3119071163
183812823
1055331438
2452296161
72621572
3383047606
2650582614
735175269695115266
2164608279
551331260
1398174300
783307585206222848
293524143
163899788
522438312
332678373
46499363
352513450
1978729974
1424029538
91219268
14967240
2785280723
803871029080838144
3079251951
800345488180379649
557108101
48967204
2208172767
779986090707021824
2470644020
2243615111
38434627
785397318
507652780
1039416606
1539421987
2768367785
20430345
4806536835
711250614995558400
1514597545
2330894345
3015774443
448631884
2812859778
948318834
4909543941
2361121173
3422769471
4330314027
572596576
4196215025
2949317921
418662548
108341155
410208486
486456375
851456364
745025263679963137
4881267029
39975495
4033699635
3244161467
1429916701
2891397993
217374235
878544211
797915787319279616
2810363091
1115415468
2239737678
50998796
2162679080
1047517555
747187674
2533038962
1044579342
459446024
1858061390
711099043
2855090175
447352763
1298737056
142393098
2369953109
125153897
741182419907317760
760382732602048512
347764181
449736439
414646088
1299394213
2995908064
405384428
2189633884
1162613372
1117576526
4181180835
192244668
464020852
83079940
4726407682
1103450372
624903
1545029150
407982210
4446307913
1642833512
133692338
319630558
465858567
390573861
1038092534
185755347
1356311990
766644219930873860
197763661
466415211
2288157877
2470692079
2511025017
2375216695
242306600
2425442529
985118000
2515219083
2356684361
726813235782012932
922711819
113051649
57282569
1099618729
1171615016
2416044272
215976090
253018480
235127745
2392084666
3740658136
3404776456
1270332710
128799214
701650211391848450
447863789
397326726
2871165084
237808802
702134290470072321
2400067920
3610537156
4361634977
1050270810
736732339
1299375126
517672213
2934202073
400359479
3298864072
456674882
607106495
799315558202220549
2950936654
417403008
2480323358
262100774
430437851
2189430449
3664116256
204479365
355402185
61154684
782574373534392320
3095395041
750419127655858176
717894110
151578963
2984184838
444914964
722918044880805888
61741831
2482305961
796763568
362679253
1975386733
456907209
3179628894
2577125284
1238996869
184936094
4085028641
454173647
797136508293627904
3360251476
2858759915
3399848795
3297601040
1087141352
556650372
2271564014
1016320381
1401719329
1580176014
228162663
1120118342
4228349893
13294452
389715698
748870907456786432
1538261798
473166234
391450948
535729333
390644069
1475357329
22605126
382650535
2174535898
392324691
4188671596
384192964
557803659
113306198
436870309
4112673143
701647912686764032
4126991757
941573240
540718926
427509320
2561253733
2720583173
1076258972
479645953
532545883
217530645
2336516311
760930917204590592
58788449
540669424
197581465
4344819670
377619841
192353315
744961229853167616
1268297346
2322889134
194215733
3164390831
2924455714
1359735968
1145194201
970462951
3397375498
83941845
2876784275
1020931404
30632987
272467769
479027922
2194894268
1198029061
245715438
489551817
570833587
4249591816
427739699
4340888903
2706574363
385383074
96340114
413010349
3332448431
1676410177
3003254493
2516146196
634629867
554733792
800464320484098048
1446761334
584658845
717334646405611525
2942381427
295799719
225563748
1226056380
3025669096
2901251668
712952987430350848
3099073484
2220186288
2494181366
1461433142
137643354
370895961
4734022421
707772913
3094278383
1729765459
247322167
452226860
1065081188
2482442108
2416067982
1368048013
1015801046
585661410
385604119
923055876
2170368595
10393892
1913671255
260876844
3542046735
405697475
4098447160
510845484
2595842591
749248856
143777057
377389027
698226027756126210
2377048561
986981292
780691596
1227625616
3056250186
722919613
3338622107
728265622363181056
402821533
1088733919
325165914
609145539
1219792052
787588319957966848
311381225
2741298700
3006375111
1919237072
3333764236
2885393529
191810768
472047884
2544142104
435791610
631810976
522197022
992838702
71093090
786198983630663682
2160946687
762186331011375104
3237012287
1435095462
367195342
581808635
1011151154
3052918302
542327855
1190283926
1160208637
456636936
490373717
2802841287
783292222846427136
923947808
721466546279817217
2348566523
846045162
318601090
795971425127591936
1628219264
1223037354
785779065617846272
174054709
62019002
1288383552
77705584
477654724
1052596340
396387534
400273310
142593220
799352721254051844
760787622235107328
425741057
1456631540
486509124
358119628
3324827889
407746253
8032202
85167868
396049482
939067902
21293399
87467449
443193400
1260416479
2348777737
592647058
2380747454
263709226
407662065
4142636141
337168538
412482700
2892216196
4122261700
307278565
1365046711
2786595941
768885077069721600
715421276563701760
784105196070854657
778647667039690752
783659253848535040
3322620622
3368018859
23919805
623841901
720515573
1360691059
851698128
195374632
521090462
482246533
534375344
734629633577095169
780100421536849920
2848013902
3973423342
15918865
940223707
1958640014
398739728
4883011035
1150394972
4187567045
2208789310
2570957394
934436456
463718907
804333475616669697
396564186
46949740
415088731
740277257424523264
843757543
50662478
143264776
726721856749842436
3176594760
779455265045438464
751920799964098560
178436339
2980878029
3221712009
801510904433147907
1027404487
227507782
700693259002183680
1477145846
4784064865
4664753836
75108301
3093504958
336770410
734074574275514368
3344669734
781034881073684480
210847731
488356774
265360159
494901176
224759837
1241106426
578705554
3922410442
149609445
1189817647
1086810552
1001628942
141529750
703607966
398290240
804759689707847680
2983119910
412254670
857921246
1872814807
2657542286
1706948881
2845221227
448870757
2674941708
998608796
2960484382
3060221337
2408772318
1036494895
420264131
486988544
406545803
2992982729
4089359207
394060095
769960650
2923416304
1101021343
3860196976
496948669
407891527
2986513055
2319777925
451662773
787324511330918400
508645944
3697325602
1269675482
420905398
163820912
1039152966
802937898739888128
3094312457
602574015
431987028
1091488650
771439311229186049
396684732
706086767523405824
910823766
1328476232
2482335605
1488305112
188043254
2354462598
319271486
1259775931
3207714897
405094298
96580657
3349425333
2608189724
420931672
3772927402
1926698492
182777606
520291889
871589084
704584631631409152
1044351642
590188450
420194671
23578155
508768772
50259224
379030092
2890481698
27855027
3043540575
269425726
463347621
2902464075
404048864
1162767474
875178422
535447658
1032240782
8286932
3432845669
189796399
3183670121
453275298
445699557
1013431926
602182097
973551056
752800121138581504
1553447190
1346566790
441643347
343442484
2163623162
485841317
704249890793193472
403430248
703215154897485826
3117151365
752010888
158470519
424084271
624942741
44882802
484665449
33986651
324936579
1245505458
729981130007531520
369200086
4039903701
1036938613
512534556
579698198
99481346
2431061097
2228667795
702171804417323011
76616277
753519234710376449
2342856875
1324201430
2895666573
204456385
1091717713
526450548
481217655
878503224
2409081446
368935338
380838056
797138085725278209
2867906470
741592495155478528
986140489
954042031
783558333391405056
440724583
557827565
799383480396300288
2255408790
22887971
1277743430
233142843
3977951957
1013753576
737724815780499457
2816638404
2451869940
3058454202
335888922
746960805288099842
811764625
761582724176027649
1061367398
1385223960
2811089575
3031672891
3350848751
878633929
2464999802
3313356453
782126365315371008
703783792
728282841054851072
1650688393
252039915
483151386
4913455468
797899051660353538
142589904
83622909
2317777141
573872757
3319305760
773929798192300032
400755376
533604015
1137449617
2394684582
3165299303
139188966
800148156973363200
4186572869
784691339732586496
2480246000
979023937
4197183543
422586035
3102288245
312933863
3349890172
359541795
995769296
2306307694
3096569741
286608996
462909893
2428809937
18680083
402341164
746053497750228993
4743531021
990775538
253714436
3417762706
1080083190
231445495
434141603
2820455714
325804266
265903575
3471435689
706421092706086912
2962475685
44304756
794302419203215371
1920745218
1635753799
3662356395
599651301
117363440
424153335
593478988
1305672871
425310939
3697237636
4819127818
2320478792
378212883
758178577909153796
404890795
495205889
600042534
64144248
2300311050
3069843927
4822490579
65873428
767600300
1277668488
406552900
761729339201318913
487914598
697799370297774080
773183546966048768
737964567737864192
3354137837
2537460423
1086700214
3403421475
746323192835411968
1635529807
3601606947
1275988495
1116671611
707295292253716480
102672182
747516809323122688
17715444
2380592546
482919855
1474124408
553327858
738086816226676736
70951142
2266096538
1521671185
2452148457
22126820
515698229
1065585522
2153829339
35721171
716422928
772498157636820993
634999260
53139843
1345951099
2798863589
2304855368
453959464
3344039001
734725512950603776
2957122799
768815150837145600
707252292408512512
2832335447
481271925
714382420
930194618
798978150772441089
1168919390
4887827675
426706142
167355636
796311583077044225
2509485582
447097837
749702161496477696
33226107
749984254923243525
83793343
1679376193
2746620365
258382452
304329439
439326726
189613925
1405789050
319735845
497729635
1053096115
2964458164
2247093145
1595228996
2429092036
46194698
220628425
726833262241439745
485987608
492916204
471369382
261825571
487674751
581801913
301922459
1543158968
706803356
2786975403
2361309233
720897887014645760
593817814
712743044345364482
284941914
2621137109
788875940575215620
2951279819
2900976775
1068084830
1130420497
100194373
768275844
278915300
313517712
188521082
478647183
319718473
794582375867052036
3319525623
748139485335011328
1220072246
4702133172
278425671
284706444
792845943175544832
516542964
770163040172015616
84130259
269275889
763094873473945604
4008290355
267439693
1861652984
1068801092
324893675
1006597970
3030593381
395216654
2355545718
2362415546
1361067690
165033852
43503218
4405643841
209733883
4235527991
213031371
4867831151
3131027463
517721087
2984894152
104814432
781973582
3039742403
42478291
3074122662
2895839315
1362144619
766731574616424448
2914303918
2878690973
782890990269001729
169068420
406332113
2987085395
2574266145
796759446370271232
321233623
2347350496
1117639170
729811127354445824
496112346
754055560895528960
435791551
912833226
475836408
2728896824
3327095829
1377648812
2788303634
2207932479
1412500075
568298608
2234580853
3417233499
3167163237
1657344816
2212638076
773956774932127744
498846820
2365532641
1392316111
794535156291866624
525752406
749672796964478985
4902342166
426064773
1018323662
545448505
3500831
703307259607126016
1129269444
206165773
208130207
3342531046
389104963
2546560394
476290271
4405998622
1225691011
232908749
1563566005
721371014697992192
1886228065
726007952
1578337921
481475713
1327684639
1036719990
1327978434
2359005711
103571895
1247099534
772100378057900033
1109887628
767795023970697216
2993021697
437792860
3426491
899978641
2464828514
2295234958
490520691
3036587481
574620995
268949312
581310185
3995124705
2884126876
3124621439
995642131
172679085
2190915769
707405739
2352382794
999773377
915191390
3217218965
484947954
3202473352
2999484970
108262067
903701676
2822310640
544352838
617171996
2422875421
460533065
1403285563
412094285
57573467
431916684
3873875115
261542509
2774510831
1037152033
1595545141
306367790
486478353
434893071
1000088256
516647086
378489654
957519266
49989292
569680694
988373714
904542290
3309670823
2949652168
405498561
760549090291834880
851786490
795565851265159168
278210313
261233190
2327342227
1972410698
475965087
775632857993797633
500582673
1431424932
2835133733
785916344575328258
823550983
774249195456831488
332885533
448998373
60281313
506253690
2751643757
244058845
457313238
230849160
572997879
337155946
787718454
353811477
1267065014
1100350039
843441636
14162223
2516067038
242367360
771434547762368512
2531978413
1900091946
2163227033
1712747618
69874682
2430601185
804754879646486528
947879034
558651454
6667662
591144361
142414253
3051697142
2781784450
3688803513
943572877
4899280048
235533586
1117558933
432434135
4264298260
2588246800
3998148285
1316131556
754232386259476481
2940755837
363618910
1719985794
2527788012
1452474535
31255401
4832053377
3862086448
2361394675
794961451194712064
1047652207
4892218558
25676606
273316238
2701208107
721746953114120192
1101913508
298123237
705782474627010560
250316913
1368793633
1305967158
2282469222
409448246
100298925
419415644
525472430
431572135
2987972555
