1100740075
4037654691
2695436575
1439123106
2375936782
728040729088561152
1006399170
266189786
3293491207
4376544262
160556117
2511415512
468547129
2299452214
399003300
757989565600858112
497798126
804388862902632450
767831797853982721
3904145790
47686952
1946489059
422340734
1387027693
194972957
1009689127
2594602871
126693711
1333010497
1410444858
616632747
791154802549985280
927409196
26499377
210376076
581561624
793017516801007620
370172207
1833795264
782809034
4906280991
3356485570
223881169
754795288100044800
1392414307
499128183
1591945410
868298592
192258181
4896102700
3309071817
884424342
1307016348
4419765201
766589504694214664
19036104
2336431904
784854175
2150969605
3433378229
172315501
633645457
1734368941
341500085
255220545
498975787
794538327085084672
914617058
32947390
366053697
2364107448
465950531
1058019872
1913370296
803526977231712256
1914960499
50346361
133461180
1583259805
443187387
87967184
219226566
1039048494
1710375336
707558440235888645
2299766748
553556334
2629123617
437635996
1090175304
584529887
314537220
1272915272
4212951118
3426670696
271990882
626845548
4047633629
2421023606
1128223242
802990670159970304
1524985099
17028890
589418956
76345466
1042797620
1319275574
2270280739
564609095
892929787
2182009663
1474220623
501982093
258787593
2927551738
4538928737
735201639674454016
348550877
1040920220
2303644001
282624338
767772101503836161
2679522658
600638391
801915618182234112
796076036299571205
411586879
473848168
2832177977
191488665
1227799914
2333203880
1238622974
829566312
585919562
4912238297
193373862
532284091
1139825378
418169027
70054648
430200691
2521854263
312572813
2400347005
3988102589
1130793836
4743869176
2345481387
507720850
501490176
582622919
2526968245
87964051
993579870
2333910126
53025983
1036846590
1068080359
44395683
50361109
775039590784729088
772770225670459392
602903174
34666215
776553725603307524
1012822723
762983877849800704
4898648187
1555488049
2760142246
3290984981
414184489
586731493
538138673
410807255
1331086867
3254009057
306058431
2377444536
2231561825
83386342
4536659542
819652946
2696366840
3239016405
773869687465803776
2723056569
609167584
1951780466
772520766885728260
775415010004701185
2548419224
2279333173
435685724
1133516726
2192271144
855366954
52995543
768046646584348673
345475530
126691082
370342943
96313584
185274610
3028809503
437533038
64522965
395242306
4854132653
62060285
2754622499
2376928902
170769737
763713794
3871871513
550398209
399568152
499758540
3369603479
793787252040142848
2267650004
499227001
472264716
396143318
790541461095714816
2396252383
310698229
3347613405
751814461690900480
116092851
490367299
1944771061
909810168
313199623
425984385
2404831176
492688472
572125780
944665938
2719244173
1386751423
422562567
2259459451
3025368046
754754187104292864
524545909
1857148146
1349894887
197414153
521442128
270518699
773444545342234625
801934415526002688
1318670960
114008010
345535835
2984198033
1667419908
3356670165
2700071212
889396670
3003054298
1239894878
2391369431
103303397
255047902
852980726
780342597458034692
1513168501
85657467
2319542538
2666051378
2597514174
479942012
499921719
801152682702622720
2242729885
349319486
2175763696
508717801
1642789244
270844902
2332571271
1028897996
721656926602399744
753878412981374976
3291022076
2984820215
533059229
621937390
762934873057292288
3906735870
2199795114
21825227
139681145
3364626113
198606842
51465605
2298394045
705835156054134785
401650330
506113159
441149399
298029142
798640448558497792
369728921
778177707234451457
305481008
804394686567825408
1229273522
2424020059
2501169637
50773283
2379017327
744453072601161728
49709806
261635491
4513314623
914574283
800750620818800640
595517608
4905992363
1093512139
2895110417
1028781468
2300095525
776720803945652224
2948374265
731252371226042369
96333128
776479770502651904
706097800040357889
2459704421
2429625547
1037942274
712376322
785061107803287552
1240806810
573977989
1071485604
2450147531
233245609
763694739854090240
753690812983238656
1328664937
917623248
142204068
2376644398
256660513
4001039807
717319878542245888
2948863234
1614960044
584022845
802115795329355776
2986947023
3222700497
2882777914
1006962451
492325083
2851165852
116871279
824889726
1215628212
4058624363
3036352179
249125525
476224016
332921113
3226558563
1111297184
407870404
194974765
2675356905
630459182
758935701698191361
742397759991480320
1227823358
834267554
87174930
354284014
3345161205
730123768350314498
1193114784
473340894
478092818
801738577545719808
3129948658
1064261450
701775558879875072
2223326053
103077927
3310499086
59165953
1065851646
1278423985
29205423
31107308
22007073
1157043744
932478324
1854556328
708570614190252033
1165794031
409512109
738932299
53773490
2748304043
387087335
20940460
2329396789
501916645
1249802790
2885630548
2201613873
1128807018
1154223643
1394277882
2593299788
396043184
803339497190686721
4547668037
1270403142
357074444
708669716768886784
3228121683
2197175103
442225392
2343512623
952494133
26295447
392626820
186052553
113564851
2835121973
794287344715235328
61776957
1256554279
22834067
2768661999
182737832
782874183365779456
27326931
478806476
1176131220
2906181117
1119665262
2804318513
528507835
2958779025
3096871079
712712005287813122
2186975672
4414946656
1625089082
3008763837
2730593590
1531113409
407140422
800969617082552320
509046323
4558098045
779976176416722944
710046420821286912
240401072
570274433
2466650316
293739484
2954902816
2148100210
735474541359685632
499876766
3034643483
2716446892
4372999402
184754844
754849045
753856766639824896
796704659834552321
4782289645
134554873
1111225376
2400285224
325739333
272350720
1945166732
9808092
1712830392
341001184
2540480404
3006232925
740859011684257792
419862356
2258689712
700841898
4928491697
70976677
2736523546
1274581027
732317340092780545
453531668
3448617916
1153870734
864312458
416341630
3700502176
1310209976
94529815
1931840917
730811617
2533019300
473735597
1368025074
396698099
2376140579
1221995204
628514304
2415768917
900066948
2913833871
214634150
405170821
244734060
59242855
407062660
1335942066
434752212
2312169774
523343629
444716468
2785117733
4839141616
22659500
773563444750589957
306396502
142630470
903853592
734790436028616704
27436503
2483857828
1169506849
2197813964
152673484
1068405199
420593314
58241595
3326878185
1420443511
3001145196
1230361375
1172741958
704558982
3041485138
282996856
382034832
2754543846
742699071589224448
3225158405
1377320102
742094210447335424
87248746
3165917453
706570552031444992
4885903612
3240122307
494844364
97768554
1175727986
99702635
479440108
883065655
711299618219364354
132484911
467573735
555551022
1644835327
931508288
1960868090
58453980
1930695714
1354935949
775636532
458632561
1259206496
782274382496423938
771398734588604416
2756645690
1048989355
741622785122930688
1248307267
702931234
726543135136964608
2845018504
2596945387
2342306520
803142542946693120
424997954
527384500
17214580
1063011624
3299490593
1051545924
92546008
510212016
250697308
4623850761
3344207110
830081490
1269285138
729393976638361600
4452313697
1853857640
410210301
376871430
3227318753
559609344
2608779441
801361825
1224121074
4151528837
462024407
4480669287
477757835
429974408
1109639072
1266740119
1286702522
411849829
464855487
370639956
1464788840
1024976264
479028260
1203674574
1646281124
1077736116
1186603358
789750300
2314104034
753985699163074561
43335211
4048087467
391661534
296197775
471428838
262194160
318923862
801700087525216256
719872797103824896
415822734
2967886673
1257355178
837483788
247722432
728188723075158016
1285333410
747013422907277312
3068966572
517934877
455266241
398032197
1118930598
733695386846662657
1076089766
392987772
487006310
248453535
710743506520829953
1195176624
1919132101
398809701
1037692622
3764059997
596702756
1266649207
3458620516
724322930
235185226
4722153981
302781617
771613884
453223584
2984790724
62951965
348393342
514124269
420624994
1045853672
930659928
529483712
247791800
305255857
128998224
420419717
613766004
229587251
1006160659
520333330
3510108957
79211525
331136187
558032072
101469657
624096392
3305976862
479005527
4052170222
94594903
32402183
702921914
2488588980
1059881101
1385372534
2262991946
3299546625
465797535
150993426
1664604020
209007993
8001112
148482956
4923954136
748041847264710656
415423066
1106694271
402253156
253164055
347459140
470044773
581655284
118978778
1068846679
477543705
793949758012456960
1010781937
143143391
1543229070
1160278561
1744529785
4603648397
3065958947
2595566549
533176044
473021625
999474469
1040606185
36612294
1692004472
2211388062
444837039
528216670
449183569
161740961
790097962978467840
533692413
779645231285301248
3029167981
2803713648
477232430
560127853
2903029769
1854349454
180797919
405792460
3030866752
353305472
1431247669
4251064275
348141611
400919857
138773287
356975403
198234611
2359548435
414978233
798164626844319747
3478668807
1594040222
51423547
2246257107
2980701230
561473002
1104271206
2844932132
982401096
797134962453581824
3399075250
1622970242
1163888480
765606442686619648
2494554724
479016805
476812303
803239014685937664
431884957
581752139
3354605609
1275799418
107729277
4830251404
455700963
451599437
2260822969
2922077789
700428379514925058
98582591
409089494
3859630461
555001150
753620675970142208
2418921020
2207172466
601607662
487504989
4355636235
1062780343
140814256
755862007656640512
785934232698904576
19358428
583894749
423499248
24528997
154967452
872497166
187196983
4024562895
954347947
2397083955
431603447
1256727451
2896183330
212661183
178112460
409228977
1912154084
802106836392480768
2843769504
339849935
281884852
82902889
104450083
970274028
39028896
1357198874
927916422
784072008640434176
1145650134
456894487
802966505084297216
257665435
485616230
2345320392
577308753
3138188655
771761141295026177
455729797
3949073254
539098109
792668397247094785
1470478922
1556455656
423531049
4850532357
4054106297
2573099466
595878183
398811959
529370123
2509994134
387329231
2849700958
500236905
1364707398
3324608649
479810905
839698230
2940999287
348395063
1060544983
750400945520013312
743514238493278208
2186313922
802473183047729152
2405837416
526735998
704773966850867200
482107935
318939574
4474043243
2997661401
595786440
1854191378
709601106
2909504255
701849940809662464
436809285
67126408
2358984893
93197485
461248674
1382849929
249099263
4734014421
957926748
748154038370377728
24252705
479604138
794822744840007680
131262995
625840243
1069206085
1269390866
2357363494
3960600436
2977934441
354901534
1261872931
2986885877
1050997706
1022801072
3823074077
1260171894
350306021
2951587293
408068270
1007282528
2650978150
422858171
3408677429
2980162055
4863618933
2540653035
617201169
263898903
2196005464
594041298
803747368390848512
4863913085
28433379
775639896841195520
789866400332611584
1858411734
940908996
93953682
4891899964
964852682
2712331625
447439107
722044342177775617
281613626
2921043755
1164174092
1325348036
439268123
2937388577
1544093054
628367790
438495557
1397559662
2511962844
1285829190
1344131071
594501913
2445230108
1423876909
119403625
517517175
362353528
14108472
1230871339
2260290943
103879100
22031608
4192716989
1128505124
4142762261
526832298
1571310138
731480135505969152
3043907500
2899123283
441651345
312692915
3588475175
384690779
3008542859
704779333307650048
4106012295
4858595345
783760924649947137
2523347460
465415975
4664853389
720232920653434883
1079394806
137388733
1358611800
2595985139
710234922489876480
3960264747
1377735108
213616021
263595524
2188884396
1413220182
475234937
53416446
341627555
476144741
2203686361
3082030787
62786647
2943393603
804008103222054912
3930476356
752559084881211392
2898075617
368772601
700690132769370112
104850697
432031665
753661651
364158916
4821193318
60994363
3663181830
3223932303
290512047
2719760326
3888190043
1586042605
2172194937
1282619952
780760650079285248
557127139
3308422191
1264214780
297300122
366258436
503303414
1267591759
214475387
799897026733502464
3072009003
2751862871
59073202
1316245117
260251757
2656984642
1586673164
810958284
2396698549
2382128702
719147371045765120
225490204
256509761
780444222
382052646
355046996
2508257327
2896345199
3064999798
3314922196
957072042
2484857381
428516674
452327968
541178236
486470778
1906193504
82068999
2992689333
2943507749
408760297
493533192
391954792
257499288
376145932
3156887011
419285776
162694919
1227261115
480264639
420533831
219278789
266700017
2973245817
773143613073137666
860205385
2342517254
500886985
914050591
467659856
621220399
25851958
324262863
1247376786
1905601525
601130017
2328471661
57596665
101573147
312166162
778914262689480704
3224669813
721937520771129344
488768033
1183534806
430995535
1384894520
401687825
708997585139318784
1667741250
396756630
2439123325
390641455
4196398887
944245758
627367368
708425080645279745
2385207516
22129679
2236656979
793170005672198149
2558686037
2481640663
2603992294
714376418055073793
74696107
488895138
773032049276022784
396686981
2350203541
497349209
467473645
60995609
962612156
2948897212
454185506
1116999974
332522093
326144852
459415484
418288322
2200331127
132811097
3140140060
2905965225
431157210
813815496
1332581676
803371786993893376
983013728
957666146
3357091883
3334148349
3050023667
714968789
1474297879
553489727
3306971873
20804538
4432360889
540717953
411474522
136343557
105184158
2481748609
3190862212
788467491299287041
1471608194
378831710
2398143679
361960565
487824356
554504621
195080671
2993303818
1214982206
1849326181
701716640988270593
465753888
2469663349
444419216
2477603211
9113092
2552589025
2444670310
1327803948
4898337471
96522273
995189316
1424689315
1895164603
773136946696708096
62940685
217783935
732773769824047104
3298850979
454191208
768783082736455680
703927942192173056
58016005
775318412507643904
745339531566661632
183287158
1353602473
2400326462
1356673152
1269200340
434736878
578825573
2171028731
932888491
433293009
236335841
3395020235
970835599
704482482821922816
396218442
4864664511
1066465742
1225690944
418837513
1163796132
3304767448
941772781
2521671494
637254997
800021935
2282030010
252585311
798254657982316544
475248885
735888541079732225
1192260607
305830378
104919938
933339187
528358773
9804322
2999483194
552229388
459115038
768399420367011841
1894381117
326226399
3089012589
1134720390
51434936
2650646890
3030526046
742013658268598273
3613181357
385512892
2319258554
26216423
3169206307
4548006215
59272021
2867200594
2583130360
402369096
2405839948
493055341
2891120987
741338484
354747398
3322548533
2741727190
118358954
4794943352
4076357194
318882223
4845999597
706212090701340672
307536134
272940016
113075421
870599125
828717014
3153876826
457622220
469267629
435663871
1202486570
353575520
394270057
1357710228
2906264861
267335558
222170521
980693485
2153812941
254032141
3025327283
3300508887
789137491190226944
906331746
539157045
468586800
2385290202
756726681122004992
407079267
426755550
559165254
883001814
457926975
416327579
4905200986
857753196
1374652910
1336214551
55663775
948112501
538327949
602802570
2612652422
907687309
3043362960
1193780617
455094599
498671854
460611317
2346948298
407584537
1079774172
801157617653518336
302561494
553046883
1086749148
3496115361
711634646933618688
801793188822450181
292250600
3239105697
825529146
197381599
1263896192
738690837027131393
412230108
472989062
3373853703
1324304905
85610558
471888854
1183179234
3264794374
97042350
431084648
944685488
491318883
700817890497310720
3142613151
3382799745
995021599
743139291912675329
3137085627
439389927
1904640829
4860559857
586429781
830747983
827716970
472791930
775299421705732097
901807579
397893241
1073472072
419626195
925871864
514243349
727418955074293764
2774435558
2234131669
55238295
235323455
2850871143
417904492
2492981371
882235051
399593651
899952481
1225509780
2251958424
803410022243962880
3064914777
2354592853
762706167680397312
285045023
702128508835860480
372280583
433754193
412445498
3121661467
429867337
134559413
845781758
2811414913
55893052
969981643
2361834495
1372944860
2995932370
771042114188742656
2721276416
2958168039
1170061058
2335372808
1418976222
1159825519
1011351750
454324751
1918247922
71797055
478565327
1057565262
15532171
2242773811
776366439632605185
3806382809
432382919
2160731013
1410963865
250554232
360105746
72248630
274177707
1022577618
346518147
413430844
394837520
465569844
2872974977
701859259789799424
250056918
709367192664547328
2417673871
70758797
16162692
429233004
2870220975
241289430
3320655053
2251020168
218247950
3083483560
736127149803995136
232559332
2851968971
39022638
43309580
482729413
267728903
3954502719
723448563821244416
453987138
2442517233
433418060
387043149
2766295492
722931043578310656
63121576
711187023
1201012040
559988325
2858584827
1366886233
430743919
99060180
799323363634245632
516778754
414319027
383359173
154603714
2358353824
2368449340
791247933450649600
2857870217
1246991246
726477726039814144
38438354
1264056133
1510136666
547051962
2995507655
720335994449457152
3254705038
728267401
484515352
507768657
33521233
769269640946184192
32624061
797805269539520512
4905762309
774133777412923393
2472223507
10282412
1257848173
139192625
1101446990
391620881
572098257
465471132
831768450
804396764925140996
2998319775
711589458529882113
8266162
2361006903
1249188547
1887722600
2342630384
2850074284
452343838
593270648
989797758
4074792743
291019658
2491960593
2418350499
2597512767
575418498
17873238
4393094843
3431896313
409509069
3034711797
3360851079
3152228475
5893702
411723377
1106648863
111587342
97773643
2261595209
516432515
2261638041
472966889
2333765223
1143153842
744524292050788352
20910977
75538541
96659291
40131385
440691898
619105578
3345485428
1015392134
2982641339
467389922
3200053252
566489601
1352301782
1174274426
4762981463
765933168
728807104790794240
180317088
712941879113949184
283636579
407003733
781260487396843520
75996547
123687106
578393872
858003427
705041923
748873325515042816
771387619360043008
382590107
131704372
83580262
428369864
457775543
742029848982491136
787684237
3398643791
447231795
2234366108
1070696468
2201016872
410206647
880920558
38032906
151246430
52356694
801499650222129153
2497742098
474120903
792356221684740096
2328166991
325127006
2427311741
958322611
439357588
3115484254
1016066683
1092508782
368340302
753877865645674496
498234811
2948943329
4472452815
1562752760
268850788
1311732848
564990448
1066107055
3155682418
712247530709491712
329937650
964810638
255666406
1704844459
397526279
421319874
4866958593
3082802711
2199539758
1521455803
1034417863
759428777793429505
1045330356
2255552416
474118642
783427641298808832
350226442
1157534816
3312303309
960087626
877487952
787941432267051008
1051114320
2460104746
2843387003
409444860
627128494
69947093
3457594222
4092809355
736896977749839872
513144334
757693715305619456
519270696
772166190
416372229
605614784
1037835342
2353752559
716735185409155076
717761771226968066
2498870208
1251326239
490251054
419396501
1038231816
2306993641
2753391711
1698522818
403273945
1107227606
431012446
2965811733
1135306920
783319162550644736
708028845950169093
754957121201004544
1318788918
4868432043
49756590
2334780685
151639390
3405634973
521337019
419500576
2613868380
1004482429
164371866
422468997
429313221
210822189
1492509740
531327471
2430411374
1185642630
1023906182
245700162
852687006
438700919
69532732
147543162
580422411
57439579
790625241856937984
3081135833
2427072883
291624735
401214266
2242100015
1086641828
854600858
1498271646
747062107636637697
3728578817
2363886035
3115905790
3971921128
292972975
3695767215
39454215
2186626514
733707640161861632
772074670208221184
2755001196
2962772146
724630872964665344
753570089094504448
96220057
790584598816256000
47163400
1898454535
404069171
251663248
775737901812416512
100513310
526382486
3418726954
2797440824
761203827806789632
2615395379
785089989692493824
1409217584
542064372
933043896
712713408806842368
4182142288
2479620311
2367130649
763044924526825476
794617750639562753
1354142214
723198319
52694024
506295828
780089815786283008
133207676
3300962806
303932486
3007811949
2876387074
798743088206319616
724648551561728000
481929883
892954382
2281231953
283080198
22005584
254969508
544270231
3168011729
2282008813
4579125253
3309946937
1367363988
2339917973
54188283
4702970784
2160871942
1370084306
767449120718061568
2658993140
224940210
875125242
797202470690836480
430033435
270816417
575654596
3342581884
1439464848
476121836
1050697136
457608453
3306953649
413786539
4243675906
2361360169
463192964
974726732
92236282
63708772
392169271
2769296806
264318097
2210084110
3046854717
1254291416
1717274785
1158164456
2865546393
27992407
401492287
4824798082
2204769767
1337288432
4133217027
2459691055
858249276
354125985
300148270
2786004480
1171279892
4212866417
365065358
2491997012
407296758
62325493
2592758547
2493423698
2548045884
1018001742
798635240889651200
551380257
2209414790
1542761893
440739435
455999497
1434038420
1249082185
429059632
398106338
712647058709155841
13065292
224180160
762727876286410752
2297030603
428411075
744731250
109034099
22484478
620351637
744167896985767936
2977102384
164223102
516802751
946249914
785165792270749698
706570580
2495110117
517802726
2722775576
497384675
340965292
416165363
1168618789
1134541987
2979240557
340717082
716326404707713024
428515597
3438227752
435136836
2437027374
528802425
753983674652196864
1611207038
485598617
1023807246
3500653457
798110925828059136
2520612618
128978964
2348140042
501779209
1305597956
1852391984
2318032643
123235814
383842954
362168367
710498404531630080
708008057981247488
3336714819
1286324820
1447215498
2804233346
1176909900
1030566912
766066296618414081
748764531455762432
429628157
427522940
3077127425
1183254864
620185318
379876413
794495973124874240
417111368
1368152558
240710359
424907920
1084193910
705813420973621248
855369620
717965900062793729
519786647
790670703016239104
1120077589
1296801535
2341083257
2359496138
447965111
317951602
541527026
1031528454
1627031726
257397349
48142375
1435872420
424241865
128311146
103152299
342681065
304598010
803884627400282112
545384133
40985455
1895353393
206595230
1004781943
3336826373
836055234
541759113
410733657
366565632
3041446144
17515524
1859667852
2467422972
469354103
1208394690
325760306
2245422521
851471263
396697870
456055327
476836933
96327061
738344440851468288
2240836459
1088677627
2296153657
708755015868006402
1311687600
1454233897
29460968
29157481
3038103838
411841520
2954613465
548616993
1658559944
2239071753
2431985092
707318418677092353
1231986655
550932621
748991771812724736
987121555
3413443713
777506688316411904
219953859
36039763
789443113651699715
418918882
1384230229
2179100758
3049813753
896261767
1401426434
430944569
591871935
467613883
2524404516
2967451289
780095104132509696
487816917
181469929
1280953482
712668381
2725435126
411312650
1297082756
888531398
723203630917136384
600136789
492663789
306727634
2866503860
808787629
3842098000
789101135323865089
65861682
184366311
13727692
3987937325
952533872
409309523
3295658451
784018784101212160
47626792
2495695665
2446828928
1092172458
2956272873
77240565
752137834077749248
340847319
1015993314
47880910
714184584787845121
54122393
2937209879
495011205
440129638
1044932990
278422359
486077820
516339626
557229572
4744618343
771406367471112192
412228403
271468279
749668349605515264
3684132136
519217736
135167434
10382002
75816965
178099622
2940410703
408704922
212393456
390868440
273113501
236364144
473027302
2318455535
799754734315782144
1129181246
2557985429
845313296
523757170
982628515
1252330836
408021280
3289975816
522328047
336091189
413025596
786809592
430475387
46626285
2185435235
1190127296
410245492
14210532
193739510
612984125
500998925
2892569338
250667812
563687087
2466589783
836271002
3382760081
181331996
701513839989358592
1085534767
593523410
426531095
900247297
2324434960
1241026327
4300930595
147567047
3349820218
17876465
147709032
1443706704
762338673547501568
3339999905
481457729
2322998168
2366082457
418809718
2924372112
1322551362
462427721
1449979988
3063216130
1098262302
788794627042205696
35581144
538358467
121424128
195792208
1058355732
2436608759
2180545696
218067973
782643007
712948986223730689
110218135
1312010358
98455636
723094218734862336
2862216426
943396292
2542889860
1146147427
2178157155
2280648054
396697179
1161191406
773215488
2508295280
302967121
571304184
327250259
711499772520218624
215278944
197056224
2558652622
716309259
482969926
541147498
11534652
1394225527
428588499
2957131078
743437317130575874
791562057183133697
717100825026379777
2331847077
733330743800258560
2800729570
2390797348
1260162366
449976360
416607721
2650582614
1224387126
1426350500
801181588365209601
770905842
471401393
2164608279
4155844545
756085177709916161
1176193080
622868610
416161725
1472353806
786778001790959616
2932258043
1978729974
410764821
726150285870157824
764853057909841920
2208172767
6832662
52150804
785397318
44950877
738895631897530368
711250614995558400
4806536835
14278162
3026614547
1169245177
448631884
2812859778
4909543941
730396590230413312
591663175
594882199
2949317921
49413521
1113395882
753571887314239488
425153508
1539407683
745025263679963137
4881267029
2355256140
31103417
3244161467
1254324948
217374235
489336103
3371326942
501526399
237816428
2422509247
2482482240
989322810
510430173
917261006
4899340798
2631647879
2235047637
1858061390
782217072474554369
196560266
1288497643
2272715355
142393098
2896156791
92639485
2800443747
1140098112
414646088
562816605
735788453737041921
2281936099
3208487254
2189633884
1198279076
1117576526
434379062
804368763781021696
711877336396865536
368862221
1472956555
796684613452238848
792685021354201088
2907756975
723538940502913024
1103450372
1545029150
987298224
4860590037
955314738
1642833512
2820278776
4838046849
819475597
766644219930873860
197763661
1556491195
2425442529
985118000
538134680
4185599644
60018865
271803051
889235600
3364072065
1933585807
922711819
19515882
1172545135
399467811
1386811099
2801467724
864457176
390593484
542573422
2201369448
3404776456
1270332710
2433378680
447863789
467597283
360868017
1068056972
783330667258142721
789786960470614017
215735286
56341776
780480247439450112
432551402
358143005
2635714649
3610537156
451610877
299020216
1009626624
774661708396781570
13899542
1299375126
2318610186
528940975
1209547698
2496519414
803155774096756736
456674882
989035658
2950936654
179568411
1117323301
1245949987
488582331
85636061
422068908
1239689270
2957445641
266213305
1166637379
3041843135
430437851
3051404948
298532531
3033453713
101180833
205840088
789842195775971328
3408589414
1140071011
2751256629
847497841
2187882296
786871864752762880
772848384961044483
4532828368
3384936640
2731905976
999278988
1077740636
1299807378
184936094
2861099262
2858759915
405192597
599456533
1596129524
3399848795
3325251946
264674074
318990262
731566352268447744
101180862
1109369214
13294452
2321252292
1114474675
2164822594
323449293
391450948
13282462
382650535
64167037
299220837
707301670246600704
730598124
712603584215576576
384192964
4697560933
3012090543
436870309
4125755319
767074850095718400
93947421
1062995012
405004713
308470596
3335169803
479645953
2485728489
72549997
57358236
708773624
377619841
2813412750
493239048
989645683
346498718
1153571498
1917758666
955821968
2960384141
2510430251
69310631
800808214283448320
1201651962
358808488
795950031916376065
1611260352
408374858
428068433
1074119437
987385327
321264725
261736361
551303014
2355931500
30632987
725881747
2194894268
943625054
296371084
4865359611
245715438
489551817
2425643790
2815038046
764006461802287104
1241565397
2768281341
770213977553047552
714845919288692737
3332448431
763718509805305856
442684129
175557941
1156611540
136971453
424981740
585588201
469760654
1631136115
2367157417
43746760
415387207
2871347159
3289645138
2220186288
540748776
1048144170
2354818038
2305058365
783613594810351616
2504062057
370895961
1074971400
2352059977
788472720036073472
452226860
1065081188
1368048013
2154746892
418028983
882381698
182767371
418301345
200657994
2775400715
772434643492691969
900076614
2806339684
440716175
1245767360
244582346
698226027756126210
2377048561
722317619022471168
253105663
1082984088
438542009
79287190
518840520
804058015
728265622363181056
2373222249
786276460080209920
3793353617
3948938717
85171931
199348405
318656163
325165914
609145539
736915646773100544
3294561682
1020770970
569492527
2978426715
104485125
753720514510815232
2885393529
472047884
446937412
1726668865
2788765798
2891197923
704431464524423168
1701836234
1365281197
459225202
2160946687
1972968930
762186331011375104
3237012287
3364129594
3257070727
1011151154
3052918302
612976602
149217394
194268217
2400465787
707605903328075777
407050794
560533845
490373717
923947808
742703335
96109716
1667596609
1223037354
4128502650
3541337895
703386818
297923898
62019002
467307839
3145265249
400273310
716259184
939425341
799352721254051844
1456631540
3324827889
2198334809
612793180
4000962629
975016903
87467449
443193400
1565351414
2244460336
394798713
263709226
436172981
475827565
2598012474
2882163783
2892216196
307278565
111243620
806305806
881165648
4147056975
2786595941
1049009424
784105196070854657
1183652605
1072129524
188787298
3322620622
3368018859
417275168
1037394888
813659052
2943733317
720515573
2148135826
1264769958
541071029
558053080
233325566
2538895314
1958640014
2390176060
396564186
843757543
782687052479340545
171651905
3176594760
3221712009
783110
2679377412
403444000
3194476737
488356774
2445346217
1241106426
1111272996
149609445
439245001
2374899158
765943894756458496
141529750
1222699580
807581581
2983119910
2752353844
3150260316
1278931370
2857413639
401600711
26492009
1344701089
3082084121
1036494895
2562535288
406545803
244477620
291605081
4089359207
769960650
1367868512
3860196976
496948669
407891527
345321374
1517691259
2319777925
444061344
206831627
376260491
763784342
2889852755
2387199067
28779568
442005205
431987028
2342272249
2361364791
771439311229186049
759712744044056577
123903173
231724256
3312600789
96580657
246418452
1179385580
871589084
83920877
907801874
464556427
766343560564248576
958750693
590188450
3694572081
407739010
1361634884
4504836677
419318448
421858761
16246240
2742709167
606259626
803916997058760704
4151307737
747104008268021760
991498111
3183670121
400630735
452909538
14942247
379828154
402749703
441643347
485841317
2574560504
802926949723209729
354832020
44882802
61292316
3036745805
4194885053
2180831464
1036938613
764140480775020544
779641199040798721
2431061097
1160092471
24184892
76616277
1092084720
753519234710376449
14145846
3676997313
788723015089524736
2784216706
500110521
526450548
1123148515
3314962654
1421251855
741592495155478528
491212220
4308879929
986140489
783558333391405056
557827565
3400288006
2255408790
757278078
2300805158
51752772
2384025086
3242281907
2816638404
23468822
2321180143
3254165183
801422494708236288
219361447
761582724176027649
72502360
972598303
1385223960
1124940318
68362418
2811089575
4609193302
3031672891
3169603576
1277404100
1425576013
622020182
929249360
1551142788
923427594
436567183
573872757
405658810
773929798192300032
1137449617
3816198827
760552902297546752
458347992
2265980124
627894231
566458191
2676171233
1369521278
800148156973363200
433717645
1915578642
418732295
39811956
485719283
746053497750228993
500096474
1472290938
744659342738210816
4743531021
489656804
61773288
266066911
175044831
217795515
1054906759
4195440875
265903575
3471435689
265278924
17693719
794302419203215371
359096965
536645942
477025365
612741838
2778061603
261838075
398023821
788368573471293445
378212883
1362473617
758178577909153796
464127310
401362474
4807461064
64144248
2300311050
771596356548820992
396762705
3069843927
1345176139
1872223814
3318877703
776304284
487914598
450778886
3564664455
1270735285
1926324451
1055604996
2267355079
1635529807
3601606947
2283818680
1895022302
1142996647
1275988495
464781062
303298353
1351697966
2907953530
2865648761
993110552
274703138
74399982
22052294
407299582
2557453016
738086816226676736
70951142
4603127836
1947465200
1521671185
804413111612612608
109659461
240671826
428418598
716422928
779999286042001408
4899487839
53139843
88215646
1732490672
48142731
119678008
453959464
2304855368
50318881
768815150837145600
96617396
515703114
714382420
930194618
4887827675
752853790508867584
705120695173390336
771997084039929856
1926843566
264449340
297903655
2776126551
288204711
798182778772852736
445414490
372722117
96838560
2917621780
3245465595
2429092036
483368442
872579222
231127952
472130584
2589309643
800431749691949056
471369382
3031025781
1234875217
565354789
2453297123
122016493
1024040808
797159309381685248
2205596798
118178579
3151943686
2951279819
2930991531
2473348917
180480028
714096155152486400
1130420497
802265762320805889
478647183
15073292
1289326484
16627700
319718473
794582375867052036
321313255
126926417
4702133172
696658225157029888
3081364798
1101963793
243665564
467232496
3171167135
916913713
466809826
3075318569
84130259
783740138660700160
763094873473945604
1186827446
58503950
1861652984
78971533
140945344
984744980
1002201066
1264018218
1966419620
13168002
4405643841
14236096
315428267
4867831151
46372795
178330203
517721087
1165460864
1648974740
3039742403
3021582753
932516012
3074122662
3032263864
468197270
766731574616424448
317769975
1190659814
432211151
2990123956
583980924
2878690973
22752409
3090856842
258412697
526341596
2987085395
796759446370271232
435173619
1933284714
485031544
912833226
2728896824
854310253
734839351
50068659
4866901048
1412500075
4919443492
2589059422
817440246
1601166998
773956774932127744
2365532641
753884370944004096
1089615589
989582592
2420044737
3088790245
2308162216
525752406
349457560
99361454
1311291734
1394582718
802606702805876736
3347934334
838223696
2396639005
749398034774196224
3342531046
2546560394
3299627499
1578337921
778944190256414720
1036719990
788768928751349760
789223655825891328
497752969
103571895
506393031
4872050638
2396793506
2993021697
437792860
899978641
490520691
4033150696
898298473
242071863
2884126876
802528237586972672
822160142
498085187
995642131
700406264937971712
1489965936
2292447337
3064945486
1544336527
2906554709
467361179
1227206636
2999484970
108262067
903701676
4871884721
628186961
1063034107
431649074
3371334340
1120206308
2422875421
31401992
1958726070
732911983
734381796
246855217
3318915569
383197591
1037152033
2320036413
293372970
771053343787679744
2432208854
1092846918
378489654
4244881703
345591693
851768600
487937304
48296648
54017862
50970568
1875163214
3279978827
454142762
1222000628
3309670823
560466555
476976196
2377259598
52007644
278210313
1527948434
447383607
2841016595
2862461084
475965087
777664636300718080
3377922353
2731197053
2256910438
2296057788
482783302
4060369233
435213350
785763689345363968
2281160869
2939472880
332885533
49271778
2958805145
200035831
481416521
2465000210
3192045783
448998373
60281313
868049126
382861362
815187396
410697406
337155946
787718454
1267065014
2230782069
3093445126
14162223
405682451
2791644545
1261559155
568209601
2269505163
3027820086
796145153991909376
755306573967331329
3051697142
4256965282
12490782
45346999
2385752304
328966256
742740487
3688803513
2588246800
408103322
396743688
1168976773
704666020754137091
2956420149
2527788012
2231318146
753510446800535552
721143737770971136
3862086448
1220930162
2361394675
794961451194712064
495036664
1675709983
294535863
784744302
2393193913
1037526320
739124324003643392
25676606
1602804482
298123237
1368793633
2282469222
10059372
409448246
327455219
96563143
419415644
1209210108
1883765348
1274346252
2338806398
2518419121
2316907202
1210007809
