54516798
910314312
406569640
762284905145438210
493011238
2433727925
742950892786290688
780133788001112066
563747770
427711084
170747137
791407162790649856
2511415512
2597512767
2333218958
751776180957741056
131494824
1154282738
3514746562
3152228475
497798126
2418170407
789859954048008192
532348218
932376896
2313554308
3928901475
1009689127
2261595209
300744871
746305585642110978
2191938685
2617684187
1247360977
210376076
744524292050788352
543866562
24145590
549269702
1953930264
75538541
440691898
708270672817082369
3906671655
774283382108909568
74707629
754658882551738368
412887059
2508896446
1112478762
440756482
499128183
2486434053
137281706
2404129330
3200053252
1082718704
1591945410
1230556524
728807104790794240
180317088
637195543
4528485567
54232520
128216246
1573078681
4695730892
3310422237
1307016348
4419765201
1267096375
1651093716
980074483
801486367544999936
3157875893
111933671
2173735015
769991132520603648
80411931
751315632134717440
171978193
292417838
172315501
329734973
3131346994
722256877
742029848982491136
520617010
60952662
1322376432
1256727248
945407058
1386334430
347912406
411196574
112262850
1104348050
4904948745
2413394086
413354451
3217393599
513335052
460507111
504625929
2427311741
803302762247319552
439357588
371310263
2629123617
899901025
710503452443615232
188865441
2236793966
81646967
538044261
429139349
63732939
2958873291
3426670696
395775680
707168537014624256
368340302
1146738356
3109897131
2987686264
1588323260
306064701
498234811
76383375
799956470
545008992
802990670159970304
1412896242
1562752760
85136516
1368863274
1319275574
522445957
711206425
765965375792148480
1066107055
281097296
789130468469899264
775379869215625217
970022552
2850543058
385413672
2182009663
735107028
2663697436
964810638
1012066934
143813004
3297837127
1946899837
2149606038
464538447
1521455803
65977946
805450038990217216
1034417863
402200260
1037393713
282624338
767772101503836161
417279241
795290773642215428
960087626
205638223
2323955682
371749840
2460104746
409444860
4256715496
191488665
3292008420
588126431
3978799463
605614784
997982544
1412456984
2766500357
1623140270
291018700
811059932
282240212
810651440
2411624330
3945774635
517635978
430200691
599940695
732290751380459520
1053176233
2531609483
431100290
399508912
603372731
1518874812
2767422555
2390989461
521337019
487816635
65869236
83326299
1004482429
582622919
398570282
703292399934644224
3054696600
1008958405
1447003466
2250752450
41434585
1492509740
117156334
776553725603307524
2941965455
220768855
147543162
708998418031644674
319552093
484837200
2925894275
266222825
1010789078
2497838698
1065654302
2900489815
91080189
2784159795
3290984981
265557557
563999084
3393519423
579042189
414184489
1363855172
2427072883
2474434594
50606585
2588051975
1406267430
3873332056
428368107
1498271646
747062107636637697
83386342
373997237
3115905790
309747626
149519170
2186626514
772074670208221184
2271911592
529606550
710044495748927488
724630872964665344
753570089094504448
4657932088
876660793
199923959
772520766885728260
2884873407
27600561
490523669
523185127
299837277
1227969776
164346410
595663730
797787538844958720
740922692774301701
395759988
2763483839
359468402
773219919588712448
1692026178
278156769
52995543
17709747
601062168
2864293466
94523416
3055759391
133652275
4172823213
370342943
464045620
531353736
236956276
306342758
44160875
1221818034
69565598
3028809503
2342101993
162686234
364189418
324946999
228051072
2472017715
349810156
1219977643
2192475199
767783947220713472
1205594306
583617026
2486847947
584739670
784753884917075968
706977832
3871871513
1209522866
1243604144
1065146798
22005584
430010328
1270339064
718254192
804512598771322880
2998534481
3309946937
880480675
982932835
793787252040142848
499227001
410234636
1026771830
1065387764
224940210
2520582142
81809541
364452450
3048816919
492688472
1542926724
256920776
2719244173
413786539
790099830
2386642032
2337708335
3317354183
397126963
2361360169
1470343742
989340356
2259459451
2822217403
2299665593
1045412220
3056392801
577023890
2210084110
1717274785
1106530849
330933789
1504710145
351139362
444061116
1861469826
4601698335
1260518365
763784557640507392
721604843861880832
2318171590
4133217027
4833429358
3334399623
414811187
925110174
2724474849
21965432
4703289975
4869185027
255047902
414660035
118053242
42604254
244500244
1421646463
1443750158
85657467
2319542538
216281928
1329293731
115887435
485762114
479942012
1048258778
1447143823
505883601
2175763696
455999497
383820352
3092514273
1719583506
408620732
1434038420
158017561
481287765
2759401901
2908032201
3031188244
13065292
224180160
777777871
2435959670
478607229
504329686
1179962942
2385799301
196518637
905834371
801130932
418218972
3291324425
369728921
33473494
185557505
514440497
758291580793094144
151087202
516802751
418634338
1070320147
3065821193
261602574
719103580247076864
914574283
1331672088
15051961
2482919440
1037954268
3121989501
2226318312
53341481
362476617
716326404707713024
3064387733
3227839018
108966770
1222640652
2315044228
55187309
1055797022
731252371226042369
804080566949859328
428212697
452828571
3467649315
4706925940
2394639802
482045811
2447574735
123235814
2877719301
2527780688
50625691
305523994
579271577
1034862121
460496380
356404890
805405547629572096
12165222
27231018
2372381341
280175586
782189550848401408
41361849
1452439404
133485233
2643664779
793353288716587008
148913303
1303573562
466494379
1248424860
1228034526
327606075
717319878542245888
417111368
3435663177
3373925559
1270383558
186472351
1084193910
584022845
705813420973621248
2806392479
251575467
1180392648
790670703016239104
545689676
856718436
38398195
2795242012
2359496138
1634956195
1145390935
797076670884773888
633577541
1215628212
2156763691
50286652
592688115
4081240757
1316198996
721338196639014912
332921113
2332651824
304598010
762290549168701440
545384133
3240372507
551214413
1910621256
735366894857916416
778900450812764160
801177795409932289
1327241030
50597132
57993753
2160789500
2366790998
145561037
2463100707
803045655270793219
742397759991480320
587416724
2791075913
41334221
176921640
2410911599
800347640
725557127872417792
748252291959037952
3345161205
225452143
107537459
1229121186
84824255
4119906531
313331114
801090468301914114
385651457
805406124434485248
322933929
1636496670
993157424
264565063
1088677627
4738000708
3162195879
545284832
4320139042
1007254188
571951597
2296153657
940778610
9584192
1311687600
1070288839
2644998883
2748424515
495448614
45662302
67300621
1341462944
720632435306807296
2431985092
451483593
277166478
3361208621
249778050
414993771
1336254342
284654598
300523330
775774416768761856
742455271
2179100758
4187885897
2277863537
713058194059304960
2385396421
838513578
3065716378
2942626198
1128807018
1709629910
1394277882
2385763608
3980123284
2455947723
2727239123
1246974960
1389805699
1074049374
1849696574
357074444
4077950386
947272602
3228121683
2218494330
740595177128071168
487816917
712668381
2343512623
16628464
162192942
411312650
1278790658
392626820
559883501
4438525763
1710955382
1180597874
225423130
723203630917136384
481381153
3290663879
1620754188
4643077173
3381622366
955966339
492663789
2835121973
398811249
492639680
153055032
779306269190553601
326616692
805199157627654144
799976592541974528
801845830483382272
717452216840429569
325152794
2298294082
3673796295
2964119115
252566833
123505527
541824556
409352382
753700981
3982429156
244596457
2692227380
2730593590
591741476
798202174190866432
3331059982
47880910
716688712579489792
1048802419
4178674281
1019817919
745033396850692097
890802684
471456126
247726328
702614277472034818
2575440461
2791785084
1019814889
3405224997
3873606135
2476498355
499876766
372562995
4372999402
236530231
156316785
1446871488
322037405
521798851
324805752
1111225376
408681712
3242084475
793074305420627968
49656085
268805828
2770811619
883353588
222375064
1058696390
3300444479
2888026811
1028662526
589407736
2553289698
29079049
574396225
982628515
385456063
1274581027
490602212
92937715
3448617916
1054597489
1070911692
557154074
343895398
1310209976
472541948
425752285
3434186753
2845429815
1016215621
94529815
2726780518
389076701
271407710
396819051
490733693
2466589783
409172119
544554212
836271002
582087196
793522021263179776
1221995204
2198193816
166285112
2321258784
755102530527457280
4777957102
70766956
938688090
245924561
3301295817
481457729
3290361172
747451360715616257
1563173221
434752212
2987950900
721406424333455361
1066762974
2872011039
3344602564
1015149367
2312169774
999162090
970054074
1127733265
22659500
637292613
786870784841089024
482495488
1017667801
1159825830
1058355732
2436608759
986811270
1505560448
4121288038
1690434842
270418337
47698840
1929877436
386500959
4866822466
584677870
1056262754
760806683564240896
796804571125469184
1843782967
484589440
3305490406
1402978436
3054451772
1230361375
1303711453
894992365
4234529921
1627870369
35186130
2485024156
4869095007
382034832
726428495413387265
1161191406
801871756160024576
1325008650
87248746
571304184
3165917453
2871007953
2295417636
1125109992
394957022
4885903612
3240122307
482969926
945602516
2418563325
1880399689
397573326
1056094116
715083557581033472
2957131078
488894721
522567091
585999327
883065655
545248089
1703205367
218021759
159032412
3345399412
852752916
1166877775
931508288
516890828
733330743800258560
2233502635
2800729570
10939652
256459113
4273172801
2390797348
1260162366
1460392712
4155844545
551331260
1055345977
163899788
2455915345
763394561968177152
1472353806
2328728342
2935219756
1672302936
1978729974
726543135136964608
17687621
726150285870157824
3141830668
405500662
402864796
480663852
3334600017
2596945387
2835053495
3079251951
48980680
401947052
4009875976
422844048
2438052497
394085064
1372461787
205276406
4184406562
769740390
1015790436
2342272314
3299490593
1134403255
1026948296
490736218
2768367785
711250614995558400
390753281
775983654023655424
203175327
413416371
713725818548199424
249167257
432943176
730396590230413312
301341405
3227318753
2981423489
30649504
2956811146
388284615
412371895
432637325
117065803
429974408
740255320023441412
424527918
725882047
427804855
469238898
2970225064
370639956
486456375
851456364
4881267029
458458943
39975495
1464788840
2446911433
157274048
1579008720
1186603358
2217674274
518991807
626381356
2495549258
789750300
9476072
756156933879525376
792308866449047552
464881732
468410833
702096941094723584
446106924
1069422908
1313490145
2365011298
1903648940
712949762857762818
391661534
296197775
799219281451958272
4925341691
441914111
3094856279
452496321
67107066
270050737
2967886673
1158224455
459446024
1624835593
710461435520880640
284405358
447352763
1369005530
473960090
721825898492768256
517934877
142393098
418568518
496861769
777565323344113664
385980814
2390747907
347764181
3424436500
435285639
719226699003609090
735788453737041921
795749937157931009
2281936099
1919132101
372877605
1037692622
102119784
2512354461
3764059997
1117576526
405659403
804368763781021696
785129133009494021
3432995584
2484948226
792685021354201088
2397799935
2221083463
276665800
868360100
700117048
450654477
412382577
2880084795
96366187
3133358394
722071954014998528
3356663781
1715836404
1064087622
2197620432
4658288009
2748283938
591417883
1222815008
794234183128322049
4446307913
1642833512
83557217
3127914066
1071492246
192277509
438358126
305255857
270877772
1048380457
710311520
3357190551
1578224641
624359831
2813029598
4023749218
2494379611
2238780044
2892298719
19515882
774150166584500224
18933441
731131129336627200
481902422
789577810637619200
787324638711939073
4888718769
1079226488
1234691580
410618802
565382686
63388759
568604367
1266792668
730962018
1594109935
1040080075
4220954363
19488600
1059881101
3052854105
1163858592
423582298
1348547088
2372115242
3299546625
783330667258142721
215735286
790164996667871233
2597062222
1664604020
358143005
451610877
56748540
209007993
1009626624
706086896275955712
420186908
2318610186
759511811964231684
947440454
2345353315
399337897
753897017479458816
1209547698
598558484
2792094531
81360107
2950936654
3059131623
1274289852
109848011
557545233
1068681522
4873500033
245960120
253164055
2916512591
4204167976
418636676
2730169601
118978778
1267779690
514575171
1307698028
730133859086569472
739538599918571520
3399300046
2902258413
222411571
477543705
1028678899
740883123379048448
772136635928633344
3221180806
916522718
815758254
528575431
100866799
2337395271
808924015
483384295
34556545
315374132
3360251476
1201691502
2728248539
173213739
2938235393
405192597
104135821
141709502
1331997265
4461491152
430169858
2236761742
224594895
2496989087
4578456569
3433414642
734404279
534655010
976243140
2485637116
253533898
210874424
748870907456786432
1289525113
2480053461
2174535898
559265836
265346620
412424802
4188671596
1022288858
2359548435
122644390
3052444674
543616855
495412522
1737574513
327379455
604899762
500748464
2561253733
831129830
1268082668
4340881457
2447487589
49322048
406347157
151400061
724068270
2246691160
412408303
1712610582
561473002
708773624
515548298
526809963
3399075250
487431063
698085001380937729
3164390831
1359735968
717689221696380928
2286669109
2809454593
1272454735
3321312502
941531808
3242519025
2320511389
3397375498
718346647
413426849
1176499273
454052321
361483811
1275799418
4830251404
96236264
3375604709
2260822969
58636171
985159742
570144271
2951349335
784318068889559040
63452476
353640576
4105925825
393385466
2756379766
2706574363
418013478
778321813
3332448431
445621349
1033506961
453812693
778753237721706496
26982622
140814256
381173440
176712900
443910842
2955118756
800464320484098048
785934232698904576
2798466252
2458034649
397512732
2992651660
1174346844
565547576
772030120097935360
3006171915
2792709256
563047128
101752682
769478656498466820
250624869
496208669
2716880374
84535718
440977656
753290282020511744
419316234
1065494179
212661183
2272151888
49303706
783613594810351616
694638444807610368
214892045
388739839
752205255685931008
319578825
1040351857
1325300101
2786277312
238331462
3606395176
742656572086747136
708653772030001152
118714798
281884852
247289076
448806588
3094278383
786233441742364672
452226860
1164081451
2345773460
30883714
39028896
2370797451
2652874504
516918398
1111669807
364903511
59720283
4354394002
2339947944
291850925
2154746892
584274351
487396163
3386751879
321926818
416124700
578906912
377310782
483635358
995565133
257665435
385604119
1162367792
706067859550695426
421758109
47448810
1462583917
506387757
527516661
3138188655
547050389
752387483191697408
429928689
961773410
2799355986
730034081698877443
3005907718
2228748954
40708908
432637066
1037851609
245328223
698226027756126210
1067792364
469516428
3056250186
711943370227191808
435697521
1082984088
68719786
3338622107
2482780253
561880720
496876586
851085422
805119209588006912
1060544983
81412056
1011561122
746263383473799169
989192558
72825411
2202015179
494475884
1634049960
97699315
613365688
313210260
707978044179410944
701509209372938240
318939574
2909504255
503353225
985080900
3173819499
3239066199
275628974
2160946687
1148239141
27199106
3237012287
2924515447
3309282801
1275456488
503250310
3065668461
2328923415
177937746
371245774
3052918302
1388900256
239411530
1096331473
24252705
1632312498
47605351
29949992
416465127
308536892
4748529017
2404859790
1683090120
354901534
2975094340
714792663308976128
721466546279817217
182411035
2955345107
3823074077
2545572317
1223037354
738389282415644674
99895525
704270968252923904
460386114
563773403
963290574
577936933
785400651878629376
743477715790077952
3708346335
39115395
33981321
266841916
457889747
559445021
748536833869484032
2312781154
2817131786
524453038
1249912915
532463016
3064962874
8032202
618174060
309901708
476591207
46928097
975016903
1192340720
426464556
396708812
275741325
731585914951073793
443193400
779568456911953920
803607670896857088
965897887
3207730047
4863618933
2540653035
549930854
201177957
789866400332611584
307278565
2892216196
396151080
2484510059
806305806
130851801
2786595941
821879334
728693657159794688
1858411734
784105196070854657
940908996
4142775568
3322620622
3368018859
712267861
257441487
2173240600
23919805
603005791
255674310
4829216056
194217573
2148135826
717022003354583040
708535368
383136928
4891899964
558053080
1066893133
3335478268
303109666
793496531508793344
791668052035272704
1274899394
447439107
727883501891158017
92956054
3973423342
143079781
2493142851
538341709
1544093054
417370434
28382943
396564186
2771005295
710864700851032064
843757543
726721856749842436
2559355769
2941915384
2511962844
803201447739453440
402099995
77031813
410749879
73949832
3221712009
1680632846
1103812855
126579485
49961429
3344426679
787295659074387968
336996257
321939235
3065120507
2945491781
3053055853
381971890
3305477253
781034881073684480
334874985
363158162
3359085957
1066344667
473938490
797769269660549120
421810729
28780525
439245001
3050600114
326451864
341422666
1266500113
141529750
136243366
377660882
630256238
2983119910
1107438535
763479199
3296304233
4867419527
17043013
3079676979
1706948881
2845221227
138772797
111875060
382608504
1037713867
3588475175
704779333307650048
1036494895
2994083519
470180296
515615524
1278858271
4089359207
762435750029688832
585538460
3860196976
703125442
786280190129283073
1889899333
1358611800
339618344
2986513055
306925405
1408430185
508645944
206831627
2165797386
3065857803
420905398
3318650853
2889852755
710589026840002561
416560007
805461886393270272
3243854397
324490966
1430511258
2841196901
440737015
315176785
2192427702
84368531
411538627
440949548
804008103222054912
576139081
1246270873
723807407261011969
2898075617
1001479656
148481393
86775879
278273822
579147580
2873213276
1409736301
2305196953
1256636192
513312094
2987000517
252184604
2369010655
1039384628
1586042605
886409983
2965116405
143934900
1400701532
746691972459597824
316364685
80593827
749279252
1557557558
791602493469913093
779870528
89659464
1316245117
296489835
1201470660
3332411590
419318448
2152240251
463347621
1259549544
368433206
396626479
535447658
713200241424646144
1260351403
1264974150
587623592
1296004291
602182097
269349550
713430888386805760
296475664
406250595
257499288
3689308343
464954800
315281049
752010888
432774773
492363993
95482042
322540485
250774432
543106365
4919832610
406555651
725817874602971136
2611215314
3036745805
963955711
333441243
2342517254
19592755
255939314
467659856
432688797
3907730538
798770750614179841
2774578942
2431061097
101573147
57596665
567380102
3228611806
2907520191
4842510773
3296497990
240700782
76616277
488864885
721937520771129344
4504076788
753519234710376449
800511027439730688
443344809
499197851
430995535
1384894520
1021660854
2959212987
2380531476
1546547437
460408863
4081845855
754226905864400896
733558771
111853685
797138085725278209
70728608
50645038
396756630
1159619754
418182710
1289227574
1086972710
985200140
708425080645279745
2236656979
2545730562
22887971
722053268587855872
2751236704
161414985
3065912861
503199826
786467616894451712
714376418055073793
2982639635
763353589347672064
490426715
488895138
3213646640
240255533
4329256703
3428472718
784461318531215360
3047652054
2356991855
508555134
765296385700880384
2291480669
1385223960
546255035
3031672891
48274346
71887780
1264774998
3297505190
2730162724
413217587
1425576013
437775911
983013728
929249360
418221631
17565436
3092389516
2810246253
415884853
790948562
3230165817
797171228092100608
2768667015
2572632515
1062997310
2420690215
251295666
2371021127
3192285299
1257819193
3165299303
3251331238
2461382070
317680130
2481748609
250336400
2306091538
1471608194
367692964
403308180
34237970
341335638
801808342125514752
445562103
3489267617
26255191
2310308158
2523568577
628772007
533567185
402997564
550205067
2221331347
96522273
1070697217
253714436
82065633
121106879
4069173009
3749352077
146215776
396823374
2177455281
759056540439490565
2962475685
2152381152
605303095
953258047
768783082736455680
703927942192173056
420427133
3662356395
359096965
3631947141
798914053989167104
703178296255643648
735939947862069248
2464797370
4264651871
229441189
431549777
3383981938
745339531566661632
2778061603
727850228829818880
593478988
3401227875
1416161276
932888491
391448955
2238798353
764073381532753920
257654410
1219027387
793166155112386560
464127310
3075980884
236939562
460275730
970835599
445687226
64144248
301468494
2178758289
798136006516109312
792776292370411520
3040064722
449868302
1076597023
986714714
496477841
487914598
435880626
383531511
1191157380
1044114469
3007504107
1086700214
407093504
91528810
607641744
4201108078
716217206753902592
4864902358
2478049702
1895022302
1226137165
970705082
999225061
2862664474
2282030010
1011101666
200502085
1235315634
411670414
17715444
112799591
212630588
2714596672
397436135
791301361128333313
222072914
187236805
317975293
727885202
1438986181
140747604
1474185410
2735797127
2900897831
537300588
557744071
768399420367011841
2941989598
3346047160
326226399
51434936
3051953546
1588777538
96389952
17152053
1252942627
1492031677
3613181357
385512892
978710568
178685251
2800392316
22387662
945650857
614694618
993973322
4745793076
514862063
714382420
69030213
930194618
3388751235
2968308615
2904967810
796311583077044225
601368027
2070321
3324452457
4861846160
4076357194
1359891794
434705268
258382452
843573301
468585900
2173408514
4254101320
272940016
828717014
379741776
64702834
3049826433
966699302
2218349510
3015642023
166161984
1566023431
258460263
2878097184
797837298406658048
736566716210262016
581801913
1532077525
172006433
3362139339
1406189706
201789369
766471224
978514940
1036983026
2703675064
3297842873
2453297123
805150779929722880
1702906368
2827362754
244107348
1357710228
34445466
1551594259
726108618051997696
969496038
222170521
2551094636
2153812941
779271293359325184
526126151
1130420497
2574452613
2885732386
448121493
242885155
2625302733
47907492
478647183
96342800
2328604034
4910860665
67691388
47760925
388032942
1171486081
147234729
1101963793
519453043
3402750436
278425671
774196908264947712
2785020203
467232496
802176344515866624
132600522
447158871
181518797
749173351999037441
454448419
84130259
541112195
783740138660700160
3183738556
267439693
611680497
571133532
49685654
2519061382
58503950
1374652910
259949070
320802018
1966419620
3182903687
602802570
3043362960
257709473
43503218
739208580360986625
1172851158
3176482660
315428267
495951549
3076910169
2478946331
3343429930
2363041650
930324210
2359343661
409256468
4326562221
464828004
1073841882
22901191
753627017518645248
630918299
302561494
1133836538
3074122662
60075254
612374141
3521388197
754620296993333249
229082336
560734182
3008526447
1316630180
2245662505
28528873
2990123956
797374091959406592
1225968722
1383804116
796759446370271232
3299152901
529745696
175389691
2224935691
485031544
838517388
3236277882
800316702583963651
854310253
1975150249
732278814093529088
1222653246
414926221
1595843437
374669510
491318883
23424732
1931440136
2361970348
312582218
462938464
1412500075
995021599
3068706844
1897681980
486794844
439389927
2212638076
1229455004
773956774932127744
498846820
792614406135873537
738311371255906304
4914915772
2746107033
2002721
765647763442896896
3341920967
3047866432
428415112
2767419671
996850076
430811207
865001173
3166156053
497230381
119896656
179096387
545448505
3347934334
183168354
95630884
318713537
501143308
2565231604
899952481
389104963
781930651528392704
2546560394
773378492
1036788019
895313262
209786311
4429540427
22037003
496150631
3257007001
481475713
3055410513
702128508835860480
393289136
50588947
2970206104
85300634
1109887628
4189348330
800126931463073792
2464828514
1178411384
2776262486
3036587481
3035692971
944659129
3489310096
415071140
613516584
1661880678
139514968
763820725
233489435
207939445
594767012
3341940117
793825525483442176
1489965936
805409336373690368
3082109127
3064945486
1544336527
702597457490927616
401537340
2352984616
915191390
2906554709
2999484970
4948941
4871884721
2335372808
417897223
1306691233
2822310640
1045072200
244053999
1234133557
799826440439156736
20694485
729301866555805699
1120206308
2356966725
749779490
579701946
7048432
776366439632605185
246855217
497009003
418615937
574021716
423435597
720266765650014208
2515144546
2333732932
2360340419
724573957781856256
516647086
3804312981
2262416157
569680694
988373714
2419312465
3307165198
2270460548
1332209119
1145911274
454142762
1222000628
1015819494
788016239188860928
2414500381
405498561
1353994580
112807659
2434259124
331047338
469772027
541168521
4216047437
710245497194323969
109578008
331683916
712098311625445376
2904770691
3001964055
402670015
261233190
312644183
63705563
3083483560
2332028285
87950192
1972410698
2256780896
447381426
632083173
43309580
2731197053
802561370445217792
297599017
76976407
2875231648
448335186
915566532
3318552736
221841366
1196515682
398928323
2329795773
244886806
774766990124802048
2505587934
2982299829
506253690
2588366118
1201012040
402230222
337155946
1267065014
353811477
2976062391
104270122
1088806153
588310965
1638278257
3183642870
382012011
1261559155
771434547762368512
516778754
461301109
3784465997
328140558
947879034
1294725276
216722162
251309387
1089979686
1524322628
1014738026
2532582778
3873538582
2973466930
3688803513
861204104
2437403432
4264298260
2588246800
2523336293
408784370
512851889
1249898532
260495719
335547677
744650508506382336
4791845897
797805269539520512
28788328
370940742
763454895865331712
379800904
407685967
2559991101
1448008590
2361394675
131534556
4229274312
230067026
607468987
732465793863024640
3103748006
377199894
298123237
788659428702711808
2282469222
409448246
2185641244
1327082838
3339671398
2263824353
1136344622
2987972555
366660837
1876212612
223575921
