2200972396
468583219
1696619809
132164537
2342630384
770333270
4074792743
599247299
167933227
2983489509
46136045
742950892786290688
715121732110172160
791407162790649856
402174719
18616891
352164101
1142469860
268899621
3006601383
1426493510
471962629
490110270
518430422
757989565600858112
2848098711
2646449907
4242838397
495373098
2480352662
1145584326
989351852
3904145790
2313554308
194972957
53306660
68421930
516432515
730389738323099649
342684653
433395124
452858854
715849387906310146
727054163520184320
53053554
3096953386
1405465094
1143153842
744524292050788352
360518583
1001652342
419339559
2792119504
728695134
94162446
869898174
441765625
3299061533
440691898
769434494789091328
769651270613426176
23724160
74707629
743898591597559808
314704846
2241896284
223881169
617395407
499128183
3200053252
393342562
4143635368
3081057804
1230556524
1174274426
2822852759
1894270790
180317088
1307016348
3844243173
283939901
2913450111
594777484
234659784
256968344
746647026939629568
3001084382
2332474422
2150969605
292417838
2865752314
1349514043
482288941
452010658
2574033231
329734973
425730108
462701585
3911482575
13728662
51875903
520617010
11418002
2251943851
3319170665
1322376432
1070696468
945407058
3400696882
1083889141
798261254536183808
50346361
1911946633
46073660
524372178
847536198
3126510327
4502381
2816606222
4795701676
906647966
3398394214
464516274
1417869506
1039048494
254402535
1734567211
2328166991
2427311741
325127006
771625791314546688
1117120286
553556334
492939871
1090175304
781539111052115968
538462625
403293960
2589653764
367898644
936533587
722122879
65311995
722130030
331648841
1278534128
2987686264
626845548
805665659900329985
536142648
1562752760
738092501853216768
1319275574
978137395
2165771
703046171703562240
423519154
2178600592
429279647
765965375792148480
806045948514340864
729277064147275776
2718407860
13056322
2182009663
735107028
464145987
197369064
137030093
2415687292
54871865
2199539758
422199745
4186758514
735201639674454016
777025956078813184
59913807
89455780
2585597700
520518526
798570804086763524
2922109269
3413519735
371749840
536244238
435737042
2206083227
359575076
55303604
2201962850
1046310979
2878408107
430633617
513144334
757693715305619456
519270696
795656034182434817
1180016617
796334964342194178
1037835342
3069933261
1042732735
14542783
1316007410
4881271245
1360232480
461316228
414341453
3041527646
136225328
437043850
972804156
1139825378
86342681
38499791
70054648
139765259
2415751118
789389029657616384
783319162550644736
708028845950169093
463969453
2400347005
475134082
4877601425
629281834
2412578666
2447803388
4858527059
3291493733
104430215
2194307234
1518874812
85844947
2753606067
83326299
540066448
343239720
2526968245
3053723635
3292705354
3229982559
2148746163
1008958405
2350692007
1192442587
589286587
2250752450
1492509740
391627970
589763370
602903174
2860101424
1306369771
4808335779
1041743982
3862648197
69532732
4365611055
2267806358
378467099
2569072195
1453384430
270896923
529277111
710305947
802287123470630912
790625241856937984
2168547995
1065153530
442294015
2563847123
2965000805
1363855172
3025726323
426908100
19531637
1331086867
2588051975
488234925
1406267430
514552306
22951542
4704298732
2513339808
1014675696
429496671
972619634
83386342
2363886035
1083812281
3216441514
289807592
293484907
745916794100125696
1171488392
1078976664
2451161791
1326880621
2850135335
750292500364009472
724630872964665344
53631979
1546005109
1495539583
1006198212
2874455566
251663248
2369483917
3662970074
3865428028
2508822164
926290832
773983087348899840
1327701390
2192271144
278156769
283951277
82138891
1008395305
787001238579740672
3996258160
3230354812
712713408806842368
295340364
949546273
4172823213
150819624
2479620311
1452545070
340778097
306342758
235438573
1331487049
429085080
2754622499
3104441007
418786570
3021204969
1205594306
584739670
806025325582880768
724648551561728000
4901364209
53082105
2429386930
82093783
372693517
107064765
254969508
3010886349
1205274991
367600267
2350811871
2282008813
621000494
539871980
176771140
721699643776704512
298586862
1025028482
3309946937
793787252040142848
4702970784
3143511939
417101186
767449120718061568
38846888
1141083709
2716739703
573752958
3063738106
1065387764
399246036
2658993140
2981965797
1639608654
776399540308078592
744518687617593344
624511807
1364231341
1301015124
418624595
229120963
572125780
599807864
127861545
3360210892
95106953
495466998
1367853685
593136453
87893299
1386751423
1351561135
4243675906
2361360169
924965395
1459506835
2822217403
716808332
1613251314
731173638435704833
3651338596
392169271
341097129
634832081
708429391
370642806
1116674660
1857148146
1158164456
503289984
780828728230195200
717367103532240896
867633500
4601698335
742705128533299200
738805650344542208
1621071816
3719207249
470185745
1707854503
3029285000
2874702022
1055240222
53415342
798269524663533572
2984198033
1219163587
779265942165544960
759346461758939136
889396670
4212866417
534135497
3023877706
2444235358
3482470821
397146585
775529738
1080657504
2873683379
436633476
85657467
3025353801
1883710946
585113241
3979802177
1681073648
755711201011757056
708581628201844736
805673295051980800
397310696
2332571271
3336455937
1607816904
268744692
2518805059
272783925
762934873057292288
805867690946658304
218141718
3079355507
3906735870
586804044
21825227
475788416
2257121711
501518665
2900503457
2244597633
3389194037
42663404
400182687
369728921
514440497
4184588655
2360515482
252250565
12179872
1880498311
151087202
1229273522
50773283
198103890
2365498822
496439143
2969955742
2453025136
3201907600
121190725
800750620818800640
796601553616596992
340965292
1093512139
416165363
1009225098
2680027245
1367526037
378159279
417353270
3321092054
55187309
788047861342691328
731252371226042369
788859641082089473
816959106
738359384355549184
804080566949859328
80200885
3887691934
2214275961
2348140042
802581982035247104
384948871
397346687
783038229167673344
15155803
2389687188
2447574735
2894832211
736331226496258050
38103794
455254102
2466369240
1896618822
159551952
362168367
3336714819
3340191082
192640902
2179652340
1268045520
109605368
561058451
2372381341
22252395
776003975921401862
794538355929321472
2272705066
940072826
423088643
3400352884
755225798
329710075
791384182056443904
452350565
416422287
797197311201972229
805706844165513216
3343278628
2910674200
805858685717217281
256553617
2696347350
3410104307
718337999474401280
420265631
2181953194
487711174
1064357792
1614960044
2813922736
855369620
422995676
34616768
979165633
497361522
3020571723
371825725
1636528548
554581695
535318339
486633667
2335367718
210820445
803350148143316992
1339529246
4358642595
1262704657
418709964
317951602
778703906356330496
791723764799209477
1215628212
451562803
3129266409
2748105759
444700148
379245447
350766347
592688115
2354395787
313825806
137656374
17268435
290715819
776453763624214528
1168797480
364165033
565630731
533293266
630459182
159488235
147938415
3035086786
2463100707
2363490707
425865474
2409382352
2368542160
804544873940611072
2791075913
381810983
240566257
184701836
783741519564005376
1721405378
123246973
480635666
1280566146
2410911599
134206590
782163778817363968
725557127872417792
489722273
141552396
1068491160
450621858
4044502341
198981234
4342029017
1498076587
778337514524409857
1249837879
2557983639
96327061
209618253
2289505911
1066629925
1088677627
2507799122
113424592
754694678314901504
9584192
1070288839
2644998883
4069116213
799504971502944257
2224962167
782558833835147265
2351775654
2854956753
103047287
2343281118
423612077
724894143688876034
478520272
1341462944
790675660926808064
46355142
2147638752
459441699
303365029
136923043
1373198504
431500211
1157043744
795555849892691968
524809983
1689149268
1828365332
724637713765421056
2640207038
2744371765
2374061797
4857416872
366180331
775774416768761856
1184045827
2797539111
792751011861594113
179863954
1052805500
1128807018
2593299788
471397261
2362146442
2765380206
1550260160
186755816
206150503
2912674654
341645793
4851423724
1707513894
4842523900
3031423864
62756558
488587270
2343512623
759091779375357952
3079531942
26295447
392626820
426094795
56064083
1911991346
723203630917136384
1126330494
441990177
113564851
99390218
4838445220
24150879
18618749
1470024492
2497394346
1264930363
4783051634
298739862
1901331644
1511040457
742002390929444864
2446828928
177596021
753700981
899443068
555420716
50316819
2692227380
2998093061
634301484
3331059982
704010538842353664
3148296225
716469300295573506
3436942246
2870669794
521450521
3001665089
2356251718
2360744315
197493967
498936070
2587937128
1513860781
503124705
2501545436
531307320
727840452150464512
734020351072567296
4069758477
1492164349
252646626
2776213765
771936129591414784
507792558
399964269
2716446892
2280378259
2386835695
499085030
2858986984
851233315
199413728
2216375970
795022163594137600
586498147
3380511171
3046775053
2654152260
2940410703
66006068
788326239329288192
1127815087
3052099532
2547681274
23384495
790621009892216832
1519266373
4038857799
775301877512675328
1712830392
2694982606
417227921
400103989
377405042
108717695
389459018
735210289784819712
806020907395411969
763274024675897344
3095233408
3065960398
1162661400
408021280
29968376
771197191
4229765175
1124778091
753901145366626304
1006949785
3448617916
477824206
3252260663
845468852
340614513
2456929573
507970638
492121189
398653489
410245492
2525778087
193739510
19392607
2179948113
2262040708
595836650
3619108397
800826550304313348
3394261233
452112341
778938314
396819051
2880129663
32130104
910465218
781169072604151809
836271002
127025568
3466428077
71366031
417202643
798164908865097729
1062799087
249862119
405170821
755102530527457280
607112247
3130552521
109216039
1194951343
486541388
553449880
394018745
1335942066
2322998168
3018290121
2734867583
978557845
1322551362
102200819
497949362
2679205663
401438300
2283780786
167322468
988375248
413935857
593582642
3772059801
514917907
2437339851
1339067298
3289832699
787902572
4349301027
398180854
195792208
190177750
800613462741110786
1056293419
747147930742755328
775294620259483648
1690434842
606147435
472185426
789480289944866817
2981594310
4888398719
1312010358
3046930360
789012950585643008
723094218734862336
1282855974
1914286562
919871334
484589440
1420443511
47303133
2319559369
1230361375
1641098160
1510536295
1146147427
2178157155
471306404
144141513
298248825
212748924
423406374
2778824457
220996437
785027790961778688
4869095007
747560489220177920
382034832
73345879
532222780
4321227377
2776380137
3225158405
2203506110
22743702
599850928
1106363018
2479844721
3068039679
1647344210
2218697421
1084054124
2335336118
415686111
197056224
1067756382
2612089371
2899382939
760915205064892416
1221983672
3052778868
2359338077
3430000359
423024537
2449274378
444566414
2420586324
1365032677
1101847890
65939345
3294876563
2922539446
715083557581033472
390754622
803737951683416064
585999327
882872700
469562937
754773415106580481
318601197
4299066556
784340188679974913
1703205367
1388884027
2302888393
1344866701
377680158
143486021
404820209
931508288
1032404179
2501851306
1960868090
516890828
3053183649
3065717673
2559910725
356050856
2530704138
791111994
733330743800258560
458632561
37653224
16156600
799492756158738433
1305307284
769629854
805682417755443200
567278450
52354638
390118819
387198659
740204367400337408
796770054511661057
756085177709916161
923060941
3019629387
1417495747
85049785
3217923085
4172212191
1076835426
4829874545
2775619198
786778001790959616
2935219756
1672302936
25477483
726543135136964608
82653459
2221404476
574053138
14376973
788468077079977988
777682398
2280439274
228249426
358199427
1482693858
425039950
2982994527
2342306520
284657297
3010384533
2392065983
1372461787
115024071
4184406562
2532627856
489233306
17288700
1134403255
421155334
20430345
413937982
3392585361
558031145
765631835086917633
805885666546581508
3359348968
372264289
97962621
870647947
2812859778
555956189
791366730069213184
135259165
444768003
790800665501175808
3227318753
2780597242
3227683351
211435254
461016354
522292867
952525316
1109639072
725882047
418662548
2970225064
2755345600
2883671135
745025263679963137
4881267029
398611235
2355256140
945403489
439386203
500034455
796131837374500865
1186603358
133175963
2217674274
2255399935
1294174362
1258981104
2506823304
805588085618700288
2365011298
237816428
4038805637
712643100590620676
2482482240
30849011
989322810
799219281451958272
2447306083
4925341691
372448589
852301178
2978230006
801700087525216256
67107066
2967886673
1001303996
70410969
595356862
2246569281
1885976930
1298737056
473960090
2422131402
2534585173
795358524809367554
455500859
479421317
777565323344113664
421347689
2270706898
418192481
730638114310488064
798886486712131584
749364032310743041
2375003982
730485660570812417
382539264
419951447
1919132101
2298937636
3081436118
387165791
799375069642444801
1384265604
43157996
783035081116049409
145351696
4821654207
146000057
369762590
1623490123
3432995584
3458620516
1179979477
1472956555
3295153623
450654477
595865268
96314541
1545029150
2173027221
417292578
290963421
795564464829595648
423738002
520370778
105602878
8733352
10438412
806046063643725824
3231724695
2338081003
745522720025128960
595426729
2989253800
2465437060
128998224
550807420
142807042
2508685276
92973348
396583648
536600780
3510108957
425728632
430775309
757373697741185024
4831023773
510451452
2332403320
4589805027
731131129336627200
331292864
3657151161
624096392
1444460232
912248084
3357308483
2274450562
253018480
3060142246
358576525
51040020
786474228258332672
3303241126
2907408035
373878543
3404776456
818183167
521625330
364734939
334141591
701650211391848450
444551766
2316301654
785552040244154368
274014643
712356892945866758
360868017
210410386
883210339
114695244
618244710
789786960470614017
56341776
2322849823
744479400524136449
133030062
1043011003
1219416210
1475936965
1643461826
2837970855
2494263560
2507487144
4548863842
709573328
706086896275955712
2318610186
3050467693
788675050992009216
602340681
2172574355
1495775148
2438762476
409446270
42671353
3115299356
817413728
409427594
776076329519292416
456674882
428041816
1117323301
496165502
2280764604
4024081156
423308449
3991656856
761516705445183488
418636676
1166637379
459438013
2717902222
452087285
2587763006
3356858639
712430129763512325
612924968
3322478014
4404028463
230453692
2176059259
4066807079
4861559277
72522293
805770657917206529
2751256629
1485497036
1962674090
477543705
39051363
2612119279
2988086885
2482305961
796763568
916522718
815758254
1006685844
396697525
801313759
1216444724
1593610880
107820528
483384295
2863674411
2181843523
2856545477
1418004319
929354702
245927595
805791194462691329
781279397772988417
173522276
537290044
394952261
411696745
60159920
1067801792
161740961
447869043
2766606807
796648335654404096
534655010
1254790184
1225205178
558085585
1171509590
2816273194
1068700052
724171094027042816
748870907456786432
3075234466
1460451570
604760466
405792460
714736755816185856
535489574
62285010
4640857347
722794470
603513371
822157436
1943087478
348141611
416392009
419888220
806042313143308289
1694641429
700393601
29236274
2357228447
2230228079
318488169
2221318495
1151711312
2954087235
1387920018
1318295995
2270497896
1085676949
91559209
1214739008
753173071515836416
479645953
474746645
3375673725
798168900592631809
2979676497
156359333
390955003
1259113842
433725175
4260050973
786333824431034368
81897527
4835674227
2487938827
3337795559
2855767750
708773624
410803921
493239048
1061750210
580042949
3091548909
192353315
1355407830
1403137261
784372637497688064
3016981881
96089113
3164390831
332959014
417947467
2324464232
354165740
725949864
28533668
801062327810461696
2597273655
24319564
713625460878483456
53234289
1275799418
720897240366194688
489421781
805945482036051968
708931171577634816
1006905228
4245136732
272467769
803997177957810176
14189919
570144271
49522536
4188604709
570833587
4249591816
472186470
754321990257938432
561391482
96340114
778321813
1098221046
3332448431
47885026
473994961
421723841
411574224
1347511531
411775601
176712900
3883172117
54918431
800464320484098048
3024921597
206180236
2942381427
476053480
450639758
1362517861
2320321929
526552069
50590345
55376849
4385116702
453507812
45532597
4024562895
415387207
2668512045
720592519
185607318
4759055535
431603447
1425825901
2895077031
2343678391
2272151888
49303706
387120328
472003825
274591337
431658112
396459358
404088514
728733122695725057
784687238974144512
482275881
281884852
572936933
1085581699
2919591365
927916422
478622166
556169238
2703729438
1021727540
2176349201
1090504092
578906912
257665435
182767371
421941338
2942105237
268183904
3345672868
969698839
3138188655
547050389
2604440050
531169902
1931510983
387762782
539098109
2558496329
398996708
730034081698877443
762326924
46059944
2359624218
781405127366303744
418153325
2180427250
85793992
2397844595
1556455656
1276951700
423531049
230824333
2324049793
1059761402
4611199415
768019641558073344
3015242813
204256316
2343067570
2221319742
270366109
105355320
469516428
3191176588
177654794
3056250186
3374386924
72857016
1082984088
2446945421
2310569711
1034473320
91348491
2350347318
789368501903495168
585391357
805119209588006912
4195803856
747885089812525056
388299949
989192558
479346137
581167908
743514238493278208
724245672434765825
66114621
52375621
309265389
487332189
415047353
526735998
621728989
2880664491
1418015090
81310857
2150833213
512049329
3333764236
505705375
14335321
529561745
446937412
2377047254
1726668865
3148498593
889249333
1033384861
50265477
1531397095
2891197923
392937274
627236979
769128592299134977
435791610
1222677294
802804101675384832
3151825048
312616250
560405524
762186331011375104
749325100718100480
317659038
721303651575341057
2346535719
2865595678
3060987945
570844631
3052918302
1096331473
362550965
24252705
352331515
2708071882
433671269
2336290420
604628522
4204183834
2220089080
2499834158
922694484
506049158
2977934441
429241235
2975094340
136982977
947689230
3823074077
1713647664
980154938
2745834673
405482706
397144202
577936933
2993829604
785400651878629376
2231861522
709104359905300480
2597695185
1104380844
213205186
142593220
400480143
4256871616
1296505926
879626983
533019074
800448907029278720
3431405176
2993675883
130853128
870521268
3406074509
504249100
973456609
2158619688
256569319
711323552054697985
334661979
2244460336
1053075751
219273566
77863297
3225190005
1066882064
2401743697
3404259215
27013062
718402632126197760
29990130
1920377047
1134804595
107737376
821879334
481344798
400902983
18396815
3075686139
3331301680
4468775656
2314102182
2982251703
2423236055
3322620622
428436187
3368018859
93953682
720515573
3134914471
4525011809
1644683106
524735883
743782951285043200
4103471667
1283688798
888815552
195374632
209891777
1382197603
2206549446
2156097694
793496531508793344
459664582
2509319063
3973423342
2654085878
2921043755
801740235050778624
2937388577
2823377296
144973074
827585288
4187567045
2803441027
739885032983154692
740277257424523264
726721856749842436
2511962844
3166034463
808531951
1114722992
799653873338224640
564360716
1344131071
922613564
270951173
256508868
788860282126929920
47310459
480257030
2296705165
299075878
391246325
1103812855
3089989211
4825857856
2940223193
4713725061
356219289
226491336
610814425
734074574275514368
488356774
536434724
776315743520583680
1111272996
789773192969748480
976742690
878586168
1066344667
793249535657205761
854335436
149609445
3812572893
2865365393
597752798
39941540
2744006027
141529750
344639125
377660882
3109843485
2472634306
346029264
2358132044
2983119910
2339491366
63431013
725810364995231745
113380928
391357374
3079676979
2964821193
243772835
3095435091
2845221227
803307689526919169
379812142
801436023389650945
3982426332
211631890
194275021
799185635999412224
704779333307650048
2395909131
476028957
726716655594815488
4872606058
311059477
626350749
740122819657359360
1199673588
227749617
279367690
2441189676
608063632
4256665371
2318283220
1517691259
1358611800
3387135933
714929777090633728
926151210
3018738275
1032237176
1165769694
420905398
4063380377
213616021
1631206938
8483062
1725558426
440737015
801786034728079360
783020674952626176
458549603
151390694
329817290
2386643558
2557627068
4229963363
1346676926
371335893
2898075617
198089759
1374582042
258375186
725051865159884802
1283354216
96580657
474023066
520291889
93691257
290512047
3356662759
1255611302
1014870637
2301175841
483921025
557127139
389025458
409787762
1623834145
420194671
3182253213
791302394864959488
925583479
1337519239
768282703107989504
59073202
593742754
4915900165
2623465378
3332411590
18578213
1284161928
463347621
485634584
760790168358031364
212402248
2872113525
711310994
225490204
232968747
776116078124687360
3086030505
2716661991
255786441
2849367177
271515786
465732305
805714800621850624
16027813
594106386
782530039338401792
396740288
541178236
199717852
778089012
602182097
48667774
608420247
424540306
973551056
1945087009
604293321
384198329
1388859108
1346566790
122696300
752072327748345856
1015929313
2163623162
419285776
3117151365
245764369
246804879
846987439
709784455876100096
754009621724012544
431438801
2359426044
250774432
2363057508
413756995
423294786
420533831
2990249578
2611215314
2973245817
402803669
3036745805
804484172777717760
484665449
255939314
636587517
587808438
432688797
594364753
324262863
2664981444
2180831464
2829928707
2263606787
3047911372
253045926
2485515915
101573147
3309729695
2182923351
4622527179
1374197772
2161648892
998138210
571812056
248633006
395908244
500214625
37892753
3224669813
4243924102
721937520771129344
293964664
3074652513
941567396
101762540
782577416548020225
1384894520
583995439
4327300043
2611677391
841606890
1042817496
788723015089524736
348079509
416825993
2784216706
1063032426
45439845
1558587134
796967169808592896
182379277
385361791
437358087
2540910636
1165895616
741592495155478528
3423683705
788827713624735744
805406150321639424
199226452
389725831
2213627417
22887971
416542224
896973488
720686484
490426715
715695040899710976
2469186961
2163358854
487048219
733026190689210368
2451869940
746539553771651072
331059697
1377932563
2455569297
2307296066
2948897212
972598303
428364426
3363562053
332522093
944721086
71887780
1386861416
707424884
782126365315371008
2606389745
263046135
796980229768093696
515198309
413217587
806026081274884096
2302778172
422739514
283215401
360748546
2739787766
418221631
543377842
1010807990
83622909
391424539
3230165817
790948562
756886608465502208
395990396
3046433745
3319305760
2746079253
803539173898653697
3192285299
101773481
621073071
896179669
1448165712
87649529
3165299303
3300735423
596228713
3251331238
613567387
104744629
2404087721
2306091538
3403081833
474058758
378831710
1171395356
2689665578
2193790769
817505778
487824356
1316655810
3002999651
910601880
822184940
2263675613
3290183709
2310308158
2664509675
316493557
2477603211
1601839914
402997564
1142540912
596778943
746053497750228993
1119691334
2221331347
831665582
4743531021
61474009
61773288
253714436
2479357085
428627361
2513123235
14792524
423804948
979100648
951216578
330377596
3004002945
479289781
793604649634988034
416439103
300362067
1635753799
1849342003
183287158
2778061603
128568030
407898601
1356673152
913261728
265025787
1142378659
521589863
147611968
788368573471293445
764073381532753920
805710328625590272
208792626
2456846400
464127310
783735608325836800
408277343
157474913
2858721511
64144248
4860423380
3981639861
2300311050
2816882335
237241091
381088822
805826300426457088
2248969512
3069843927
2148663592
1381129718
1076597023
455544183
504173977
2170390380
363542054
485521993
737964567737864192
1127964432
1370605363
801754674877628416
1086700214
1558839894
155300542
4844733082
428357975
2267355079
637254997
406443794
2444080147
378741753
349177126
1275988495
2282030010
1219137853
796668992651935744
1862710801
2252247568
3309458867
3382239311
1192260607
2751395237
1849298862
317975293
2665954830
986583032
1438986181
2348543166
462346050
453482376
2490176141
498212917
1396237206
3092183353
2761214580
738086816226676736
551104825
1347733026
50657628
912221263
855180290
276064646
33205675
2689925565
397433071
304467533
545474882
358175615
634999260
435693275
406856918
1306999220
2319258554
452723164
786432845111635968
1145608902
1601665908
1728932216
953901380
488321355
1154034913
4208755703
2372509834
784137711561109505
3207511185
4882825911
714382420
220806987
2375471990
2225431370
1079126036
2741727190
796311583077044225
271541039
447097837
23740366
737302189929025537
96516447
1926843566
4845999597
2935457749
1405789050
799906643815317504
420548533
3806075187
484778446
183622517
3015642023
61081513
2152572284
776016576
103707187
1566023431
1064168858
109573130
2341872502
1008540553
2854387281
394729845
422447952
455283451
353575520
431515921
978514940
3052113163
1347622963
443975641
1188804643
521394197
2976397431
1357710228
2906264861
1069080320
214240583
3230974558
1971972030
299059994
923671178
3345309321
478647183
479575055
448056904
4920588358
803590719432695808
2294122020
968512015
415820835
2935579594
491284250
2921447206
1023765146
1171486081
1035311467
1960736604
1101963793
326962678
407079267
2677135680
796057575485820928
1384301958
366252148
784265755508420608
593752035
29185148
791278673529823232
1241515435
2344799433
2263030717
2359142030
2359153168
2786310392
725759263025577985
481304796
933089870
433287204
1374652910
421166716
3446733917
814747711
167458005
522135908
22656265
373893572
907687309
3545192475
43503218
721068668944314372
3043362960
257709473
2221331701
455094599
2243869427
2478946331
434442622
2159452392
2469776817
4885620221
549566404
188426908
534616483
18114610
3030465038
1073024695
774267120268050432
2984894152
49475565
514478368
487668041
29220492
302561494
2893477857
443794900
496343408
1362144619
1086749148
209228950
1278202914
3008526447
317769975
3392159079
1316630180
1190659814
2226258544
797374091959406592
1920965048
475973576
634434387
804953334000001024
768745544843988993
806036756604850176
435173619
2363684405
2762061357
560462597
63060955
845114430
2728896824
854310253
796249140531445760
1159457418
22122962
2435476444
1975150249
1089391746
577928462
2836485897
519702233
2788303634
3430565794
15712835
1412500075
995021599
426716463
593719448
500881322
2225283196
709427870419062784
225334286
2304164031
784288703422222337
775299421705732097
462869012
486781554
326207248
2735109711
302708364
447990031
493991580
1216216104
2744135452
107020880
614476004
55238295
2390925721
465631373
804232472477233152
179096387
3330461728
3874001362
395327805
2412990049
483304367
22609483
743850585410121729
3332720836
1492828722
749398034774196224
130478454
755386736
2367128011
764164503860903936
476290271
2698941508
1371655940
895313262
1886228065
2375736855
1960821662
768341665862082560
243702611
2288632603
498306432
424123129
702128508835860480
722086969094905864
16213811
1093904449
429565076
429292267
2993021697
744062876512575488
2434070997
2464828514
404022377
782482968581378049
413968010
134559413
402863215
242071863
919308710
590833841
1121935962
1563980484
4220893533
2884126876
103242506
379224837
987172572
2842002796
2799227808
1593643915
371215185
798181337433829376
396645282
107537984
544537996
2190915769
2715411465
771042114188742656
1883273444
1346600790
56747423
404394458
2185783204
107443647
785481697462718465
513080000
590966023
3759723689
2372994106
1713220644
429144484
960924277
2958925781
806030742933438465
417897223
706057101
1306691233
1918247922
440247035
881565745
2422875421
269255378
1958726070
2160731013
61751856
384104103
436978029
981989335
720266765650014208
167058261
2525278324
747076722680528896
2294163321
1258745312
4610932577
2432208854
394837520
988373714
1157650220
3307165198
15535691
2169771406
428424005
765577612441817088
3080949119
1127618904
757860425451077632
788016239188860928
585439502
4203607113
2302079794
753717345512718336
584096772
1276838551
261233190
857508649
3083483560
3011035791
2862461084
238520291
775632857993797633
317214523
2238062646
4182092081
1085177582
105538883
51455061
759049972700487682
2194731016
4756502391
503909782
732472848128712704
2389476284
604477428
979279446
89651876
1227597085
60281313
707136160116690944
901555177
1063570993
3148753753
711187023
46479124
1201012040
451083998
572997879
532438449
1063634156
425774798
340341529
788452070185693185
229963288
752199246997258241
112250850
470301417
337114179
2362829526
1368738852
1870961815
2946666304
1601594792
753441108361961473
1294725276
1699665619
2508778031
3331606390
456219686
2197686876
766375475166011392
170761931
820134716
3928015222
2449354764
205913262
400383332
1510136666
2921940052
273056277
2455541630
1117558933
2964938091
2995507655
1975163550
2588246800
286722567
340803178
55925583
2764299866
2193033043
3023266619
2386237696
2527788012
2870840601
2269438757
2994679426
265961838
1347344792
263686293
407685967
2616680851
2361394675
516395917
1213116002
35442860
16120863
1101446990
758028983208468480
3085347732
418634231
1829960281
831768450
433338399
486746374
25676606
552976390
273316238
424355891
1101913508
481355521
1368793633
2282469222
376778181
761237376601563136
38617704
4536244588
94361919
1209210108
1169460013
532178470
133032441
2320558507
2987972555
1339157467
541142373
1109274266
2338806398
2728402871
2940913042
164225638
1876212612
3294159100
