369490296
1204973796
2789385720
2359270292
266189786
799248233981759488
76390097
788124436406923264
13382082
777089880417501184
110414714
4842610353
4384279288
757989565600858112
2262017616
419112828
31580856
1389042925
485505586
422340734
194972957
434558035
1446911749
1540142966
751074752803004416
549269702
370172207
728695134
51733848
800698016768233472
22000320
991663225
849022136
14341395
2242408249
126137269
74707629
1633720213
74544145
1591945410
868298592
192258181
2766360395
1230556524
490777586
773148016488411136
1307016348
2888049611
791269727830237184
3433378229
497021694
820383907
2364107448
484010722
1058019872
534669109
361790675
133461180
1583259805
2504129001
1338839544
461567074
3398394214
1039048494
4252198762
553321184
1327139821
2629123617
371310263
4590614848
437635996
314537220
2589653764
2170742693
781366033231802368
623993932
759675705647063040
3426670696
1686581238
730081615804796928
1372078580
752821878453141504
147166182
350256698
1319275574
2265249203
711206425
1065254220
2182009663
394598844
454915627
3155684650
101031118
2927551738
250608984
1513455144
725657324
366747858
4419158368
767772101503836161
186221116
420654713
536244238
2197727347
4859931532
473848168
379867059
1683547854
634575700
2292906164
230319200
732286939316011008
442641618
3041527646
231098857
466678823
2841747857
390622095
211721790
700397826824654848
1114675362
38844748
2648038336
312572813
463969453
531851126
475134082
45316640
796059980
2427827258
1183340959
1318601540
569330691
400073548
537504735
1375491199
969973250
405432237
343239720
582622919
1444286834
3401876698
501784177
1447003466
589286587
852595651
3026213409
2245355560
1041743982
355545085
906349453
1399002776
136342937
1376730776
803876371164499968
1226139085
3909032295
131867712
2497838698
1555488049
34705503
3290984981
2200551363
1397374658
1180254084
1331086867
760548711701282816
306058431
2402581961
507697095
67986502
1392993504
83386342
561823534
4332140086
586654722
548010759
293484907
1857779947
917243564
995341382
773869687465803776
2850135335
1288700246
710044495748927488
2446659040
804515981976551424
801532114139250688
797036042838802432
1125698682
1133516726
1251213175
773983087348899840
3000350134
985254589
4017915148
601062168
803974869415292929
434933690
3419625731
185274610
3028809503
371781632
21302947
22842432
4854132653
345488835
2820617440
767783947220713472
2376928902
414629229
2242244208
1366883666
2572209035
3871871513
3731438296
3326316339
459149667
1205274991
265385204
1343953026
501122906
368458366
1916781434
1017057949
1583104512
793787252040142848
499227001
2562280077
59475391
740672271619084288
541596083
492688472
2212485620
2917603617
2719244173
3010269323
1414076593
1386751423
924965395
2313296774
1213759908
2729554988
708429391
4818884571
577023890
2192778853
794092015634051073
1116674660
976455469
102804357
801071186461474817
717367103532240896
292635684
625802529
1318670960
523387439
1707854503
801457403808088064
4833429358
411018458
3346569904
3217711420
1269539851
443775053
2364563704
759346461758939136
1367758146
2400294800
2444235358
303810430
2873683379
839776178
497382403
425686235
2634843893
2319542538
216281928
2666051378
3368385652
425210961
1139368074
2774751706
1028897996
422665114
423795748
553445487
225168723
248674195
2509301951
2493940134
2199795114
870218785
139681145
3263800121
1667689482
504329686
3102185913
441149399
369749865
789752828097069056
798640448558497792
1888044751
4885325417
369728921
2471692167
2772740636
1617496921
2874066982
2365498822
790249160779919361
800750620818800640
595517608
702901779512610816
1093512139
2214232422
102688383
10331712
2558940949
731252371226042369
3667010056
802581982035247104
576999728
476089720
706097800040357889
133391525
482045811
2676441156
2984266637
434279064
482166007
573977989
1071485604
579271577
751725458631327744
554336117
1049954743
2367849601
1386808813
2872452713
133297534
2973508025
2910674200
2316972126
717319878542245888
964876040
1064357792
584022845
2842069119
802979230409719809
761303645518499840
3230326396
2787508709
4383590596
816389954
803350148143316992
2986947023
3361115747
603531704
318660927
504894136
2851165852
3374467005
1215628212
3129266409
2748105759
3036352179
752858490985734144
315787968
3880024059
1008382820
332921113
319822986
17268435
1111297184
776453763624214528
2546064788
777531818933452804
3243909749
21100803
412581816
2160789500
630459182
758935701698191361
390337126
145561037
135447392
861799729
2865791827
742397759991480320
2344865535
4245105094
1357159903
480635666
799224985957134336
2410911599
889444711
3345161205
1922926831
1554098461
733250203021676544
780493585
3201052948
322933929
109608945
4817987205
1114715887
3129948658
799504971502944257
2343281118
303365029
1307992418
1300370167
932478324
433694235
1854556328
800712721498968064
804694899136270337
2287988926
613387563
503452485
733258234069458945
125248235
1394277882
289400495
2186217137
3237045227
606186463
186755816
105092185
2197175103
510211619
711651132628672515
151106698
162192942
329607652
26295447
3091392485
1710955382
67006079
3042211947
4838445220
564693328
44358785
2676363277
27326931
11080682
798086349316378624
786647301884375044
1107302042
478806476
2762345533
800020664484855809
537966128
2559192629
1147328154
275434452
3343111983
1153173667
712712005287813122
2302034329
2512327216
2319005124
713392370742591489
415629977
140867097
800969617082552320
703875686218522624
764494301766291456
2369487328
2870669794
122476603
4069758477
485713784
291692348
522457817
3034643483
499876766
4923691078
522329714
730859423803924481
2716446892
4372999402
2971568187
753856766639824896
2925423826
134554873
1272617930
1111225376
738491898688622592
5676402
2180163853
385088302
1712830392
2540480404
427209531
1275308629
3001281077
802052868119416832
469212336
574396225
58868395
771197191
382265822
3026585639
453531668
52172571
337171830
3448617916
2896170585
864312458
189612828
3700502176
492121189
1239185874
429848799
2525778087
1386793261
767993102661521412
94529815
980094828
1531171376
2835640580
385614406
32130104
459219907
2823849070
542548905
1035803582
2913833871
1062799087
3067877405
755102530527457280
752910174277537792
2494175436
303217957
784949792
434752212
1613475049
1015149367
2312169774
523343629
999320468
462772665
22659500
986673500
1890955496
802293571693019136
3238508633
1169506849
1068405199
574185238
1357263476
760806683564240896
58241595
1006529666
1420443511
1402978436
1230361375
1303711453
3686608235
1291656504
732206617341595650
1923616602
4869095007
726428495413387265
123712076
9476932
1377320102
2476119007
22960578
2782316723
1125109992
800684353126735873
9055772
3240122307
419588067
2745818051
2359406918
4850369241
108434084
715083557581033472
803909156595974144
2785334697
221147459
2222783701
1360369249
784340188679974913
2302888393
467573735
931508288
2501851306
58453980
2559910725
1930695714
1354935949
775636532
764195579081752576
1172281572
458632561
233546601
3906755599
2455915345
420644527
2163708479
730660405761191936
1672302936
613298142
2316186746
4827510405
750612188688154624
706823258990055425
561493985
4160599461
701456941894266884
426719729
117863568
1554450631
4184406562
250697308
485924654
421155334
421050354
481267605
85060556
452151464
554397803
19067940
3227318753
2981423489
559609344
2608779441
1243846381
457592928
490635649
494169487
406860321
28667984
461088423
1464788840
1971399660
1024976264
399374372
1552494224
1579008720
804257184536297473
1009031150
705213484238282752
1294174362
746974202243256320
487350871
3987990022
16145985
2471307470
268905980
1103389747
471428838
801700087525216256
952009314
2211353832
2967886673
63123584
50692934
247722432
1071260784
1658134010
728188723075158016
53481195
1369005530
1228485109
2707254209
733695386846662657
724628269333635072
102090951
248453535
770926273484972032
804243421682601985
500937685
398809701
469584786
1037692622
1680697170
410001580
1030314744
3032822771
785129133009494021
1053093684
221111568
2168716042
863020105
3044586266
414354427
206671784
276665800
3133358394
732900685
771613884
454052150
770466882
333358286
4920828160
49397445
4923500123
78553388
1137051529
1345401194
489760837
52332450
305255857
72657937
3085895092
58190435
420419717
1234825501
553317766
21419159
3510108957
1883696546
1357640916
975087818
2376908430
716771729
737254862799441922
2825355747
94594903
79984224
3104344534
1374489680
818183167
99645256
417690170
3075395735
702921914
477897185
169393661
204041863
792349473548697600
2372115242
3299546625
1183448389
2435916027
564148431
420186908
3310494263
3067642931
1283811182
1039654752
803115076672700418
1357773991
2194346187
118978778
4787676166
489501389
431480206
3105108137
1119822385
191245909
1125077892
739538599918571520
467246076
1342578204
1063009350
4602580341
500243289
351555225
260626836
619258906
333923672
808924015
483384295
2872332023
3065958947
374509955
47154019
350184411
141709502
36612294
51457032
617234985
1692004472
537290044
271890712
471229424
2211388062
1221719288
3107574627
749624647365365762
587948551
533692413
79036955
1022925253
2468168978
775275218172510208
382133673
4842729813
587521626
4924594492
263158083
2185789423
99556902
1022288858
122644390
394850579
47942188
342077520
3152000205
297060762
475325454
797134962453581824
1039674703
4872258489
763479233146580993
4827481564
763032032993742852
2189827138
164255352
791583592799404032
479016805
84534810
476812303
3242519025
491140594
801062327810461696
122497273
581752139
66305303
720897240366194688
3008953167
2260660337
455700963
1366648526
717579320
791628536557793280
15453624
474251278
972337386
482228231
2821597763
778321813
601607662
964333646
334777310
4493808615
67286398
782793637
799197884361166848
425659307
157947389
706841301
785934232698904576
3024921597
2250627476
1958062022
786967430191022080
930776294
553772651
373887841
24528997
435042656
3824253808
1370308218
2498399355
307791956
760986919891271680
3187555726
803617893464215556
392191824
1219572878
705133475737812992
566540382
3130035911
724009561242345473
396459358
281884852
487403439
367045287
970274028
1444784371
2848348516
2340386652
2473312438
795707563190976512
732223510546767872
2703729438
992998202
577226307
501874833
2562814182
1168703221
4526847503
506387757
3138188655
713448101785288708
271654618
429928689
3909677536
2525599681
755313289
1556455656
4316205317
4054106297
4611199415
595878183
194308406
312175988
631843453
358847239
777075864248913920
338959743
107517248
948171079
395172198
2763791466
2726498655
995345934
504684904
405443137
839698230
171844789
4818340347
746263383473799169
841214047
743514238493278208
110409975
526735998
712367299
1396678406
252676505
794231577114976256
370345381
30248306
461190832
469408654
90534916
425236969
794072831906775040
2390930591
776366037566623745
539637351
187185454
2205658849
965980400
281651828
707218166250864640
570844631
3256407237
2976226983
748154038370377728
433671269
479604138
2170527625
1069206085
1040719004
2353564274
254092558
2977934441
354901534
747404363027652608
514377723
486787100
319116894
1003775976
182411035
1022801072
193327240
401680400
272531118
3080004435
740314382824046597
218931858
1118851009
2719186852
421408360
437510208
1260171894
1248044209
434839840
730098624907071488
470687559
730132426110992384
706217983862054913
437630901
562823508
781377673
761663528
37955134
2272916900
422858171
28073305
4863618933
617201169
312666968
3024843525
4755949588
404934378
1134804595
81296978
400902983
1858411734
741762693972021248
2754565029
507006278
524735883
717022003354583040
2976609286
759145283716538368
334768369
465921722
455349760
499778382
766709913666150400
725773249846599681
447439107
722684492
707269014200909826
371140710
2787225059
2937388577
517469921
2609290294
429715292
3166034463
2511962844
808531951
3889607309
1423876909
733722041585655808
1332630272
171453953
3038785617
2945491781
3053055853
776138965007073281
433192298
1266709873
310216032
87286001
373563902
716980337159569408
441651345
4576031421
138772797
795977260910186496
249625261
3588475175
1037713867
129135649
704779333307650048
1252946868
239434137
117701249
618449781
4664853389
2374250211
373307727
196337046
1087090213
755077129554059264
738033666811678720
306925405
739791783111077889
202978046
426918182
73065144
4063380377
3123285591
1585593872
1869414950
526838409
413005339
585072407
458549603
140810792
970153256
748179751660052480
203007837
1357675208
1488338479
1346676926
2898075617
788754158241378305
2631427167
430584884
4821193318
3663181830
184015853
195787575
802901865407152128
1955313932
2585035709
774691439435481088
797923040692535300
366258436
503303414
316364685
804120628618022912
726333230526373889
46879002
3072009003
714440237276119040
964256845
1043319710
1009243501
3332411590
1586673164
778703684054097920
225490204
1960528369
552156917
220308940
136232653
587623592
1067982564
792385901586477056
3586852035
2383716168
1462905630
484158845
545163313
1110202813
419285776
3523449201
95482042
2359426044
2363057508
4060056862
85590368
2785196062
266700017
19592755
279056147
529454290
914050591
306180757
324262863
601130017
2328471661
842378066
4405181775
4823641894
500214625
47991037
3224669813
4248771682
546202998
782577416548020225
401687825
1384894520
71326041
4818092890
1011390390
3207310307
164272724
3152516499
468260476
2241274927
2842050328
396756630
3841392257
2758218200
307819050
2998311941
2396676379
796237284
9497072
3001188891
429127192
164780237
118035662
2296569134
503199826
540176252
763353589347672064
1555974456
2980207475
2350203541
746539553771651072
410631936
169566296
3428340375
962612156
801109550950662145
1055931559
3022012884
326144852
50251798
71887780
1849672393
2687289798
966592213
609462000
791920705340182529
931746146
449619945
2172743300
2331849409
1341901291
2302778172
3357091883
211191573
2423933670
3334148349
714968789
3306971873
803539173898653697
1062997310
2420690215
289823072
723521787359825924
190742111
2484303523
3251331238
2481748609
4918665993
1471608194
775421050054139906
1171395356
2398143679
3004141911
173430456
361960565
412637230
801808342125514752
1015313437
2577264482
3261467549
984979652
715525255972917249
2856598563
877896098
2157209369
17645693
4069173009
732773769824047104
414676913
492031787
373277341
450583311
1377558510
501757998
318615150
768783082736455680
2276998618
413060957
746811384063737856
355122344
528865870
3401227875
795199918017130496
758605186919268352
415366638
51522357
420526736
437747012
137785529
793166155112386560
4459087695
155588864
475956693
460275730
567159863
488706755
2469248088
424473892
329152979
396218442
40633397
496477841
756606084413087744
481225656
3030593777
941772781
2521671494
637254997
804354408
2505767008
4888582030
1039175150
2282030010
2603715699
2267611574
2364603574
1342072490
2714596672
500923718
791301361128333313
605499197
493235188
326226399
804304134
2767355170
1470706141
2354862727
767040529100079104
2617285068
1476718243
529380279
3613181357
1098771386
385512892
1197742358
469398862
354747398
560046823
601368027
618382051
2155070496
4076357194
4845999597
2363670784
307536134
113075421
2447883613
96364636
3015642023
718159838178574336
1053575598
3056847964
109573130
787550937430757376
394729845
2516428571
453821249
353780336
160136129
34445466
945729890
2153812941
708587318786007040
3300145985
2374267118
3306600977
1704854190
137315106
789137491190226944
3034640596
317879179
32937876
526894466
3402750436
781359137909248001
4463441
196945505
3039628433
3183738556
2273277140
3224046916
298996098
202256562
857753196
2290139740
2898918520
1374652910
229969486
55663775
778693643976581120
157950019
2612652422
602802570
3043362960
257709473
2322841699
1540767944
4885620221
222475722
1246598190
498658028
112805407
254646788
773533953521311744
1086749148
770500091773845504
373528809
2245662505
28528873
2882526197
556976779
697883940728782852
425759519
170303091
3373853703
2940585718
792352719499657216
393278455
453851050
423631055
4063692863
1231624994
2965159078
3320285157
1294265473
3382799745
995021599
771813207853916161
3346445038
579677765
2501148630
1868341807
3027987772
3973104981
720871070492807168
2209486779
756135654627479552
765647763442896896
546715205
607517520
4897360193
3330461728
882235051
597720862
85161350
899952481
505985485
3723326176
2285007224
244654932
1225509780
2419860820
2927018079
2391598947
1088498461
776900392756084736
1239672679
3029974462
702128508835860480
113996806
393289136
16213811
732146583198928897
421336323
773792248735666176
1178411384
1357715070
3121661467
1593270115
845781758
1334865294
767307970594140160
1879889592
1372944860
2995932370
4067152936
430033517
1336027495
1907744952
433426566
2339316667
320964996
4278193949
508816367
1418976222
440247035
3325539275
464171932
783280828231086080
251235949
216361540
795187955430264832
1425809204
733011210547912704
1030996831
379305863
1870986247
394837520
3307165198
406360666
2169771406
2281925530
434761742
4076656275
348323243
4054730097
2434259124
1224116798
397444524
109578008
53868926
241289430
2870220975
3320655053
736127149803995136
964460408
68943667
22074836
383052987
1715119512
1055346697
267728903
448335186
142201916
3654961996
453987138
461127452
2442517233
702845775617912832
46479124
154924260
332233057
700901262
4328724748
2858584827
430743919
45301618
1638278257
791569798790582272
1115538914
2281017456
516778754
414319027
1063955917
377272505
461301109
562846287
3233336236
848795028
928202780
1521273655
419739649
908206586
3001581299
1264056133
2336993334
1295218646
800074358538399746
1510136666
2455541630
17688757
2995507655
828107509
2587418206
2359448190
2386237696
957427112
507768657
335547677
1044233354
797805269539520512
2370723536
2346783988
4905762309
774133777412923393
144210805
504631659
1021541239
1064232619
524493374
144238332
3103748006
1829960281
797053138326945792
289825793
2282434144
624543149
761237376601563136
8266162
3077285593
2935726162
391219296
474021846
2728402871
1876212612
3294159100
839635759
599247299
746638522539466752
170684718
1667286782
82578103
2597512767
321898067
345698303
281104969
1111515590
1099276674
804309721201213440
1510231602
396841926
68689180
1530798872
3152228475
2480352662
562805089
1630204784
932376896
703708224168599552
97773643
4048644567
508008536
732561151
1265172517
625000187
351514115
315818222
1879973286
526589536
702455771670380544
1015392134
70376374
467389922
487792546
3200053252
723480201599045632
752127985155801088
803024020094459904
180317088
213818443
2262728705
3110991701
2852316766
1262157433
98732981
731021730
25666697
283636579
418758587
206221960
795585541
439222604
2574033231
329734973
962311958
774047754834313216
4129589421
403077847
595372301
774210914409127937
410206647
38032906
440137166
2996647597
738100774710956033
3217393599
4795701676
464516274
493949099
462882815
706711917
471328170
2328166991
504723957
1166066197
434481487
575833305
474657743
936533587
2831439225
4354338921
2987686264
3586601835
406869976
1329123577
460408246
920591754
1114098782
1562752760
1659473750
1066107055
801348354760474624
757950065466015744
1168596805
3155682418
1016105090
964810638
990732973
210501383
1946899837
1704844459
4866958593
1521455803
419743304
1034417863
852579139
501598774
423280813
3555782356
402819477
801536179145424896
3312303309
371749840
2460104746
4092809355
736896977749839872
710162008180662272
70993476
800335452079173636
1151882539
2353752559
275637632
390565306
997982544
487473538
403273945
1034360414
3239041887
769543337527345152
512506306
1198090770
3058272267
1567861014
2356846439
610637342
1272968256
704418409723904001
3405634973
521337019
2364819052
419544191
422468997
495033529
2472029332
210822189
3244676116
1492509740
420254187
581963098
3091747443
14170643
1341865640
282643059
2729520336
147543162
1405748826
540264278
755574364133662720
442662989
2911731604
2561421959
2990072992
837129073
2427072883
328172814
602918666
917889090
2588051975
2904311573
368885612
2363886035
2176747811
2907136619
3115905790
2186626514
772074670208221184
4910534572
574547398
778668476332474372
4326503175
149183666
2191020414
2605945762
876660793
2776118607
4733150242
790620156963725312
56674519
728178382006005760
239002248
2822999261
1143922956
395759988
801009914546188288
359841194
785089989692493824
2355147860
2946106409
538382007
4182142288
4185928505
2479620311
1196339694
763044924526825476
131517252
764182411563368448
1230470216
44160875
783023868378279940
349810156
133207676
398291306
949741044
798743088206319616
434505068
53082105
803591105413545984
230717920
283080198
1080302610
2517301839
361748780
507021681
140066629
2282008813
135547288
3309946937
1367363988
4702970784
319166186
1288175718
4911191667
697447492112269312
1065387764
2658993140
224940210
342604080
345460028
1112068350
2270299820
575654596
944269080
2410447644
2706476465
413786539
26781477
1162582322
2361360169
2751782307
48555881
1327639712
1717274785
1158164456
2865546393
250131497
780828728230195200
2223966992
547781607
3481946428
354125985
1254165626
2957157748
118053242
4073641030
897054630
3639353537
485762114
4912745338
2987441667
719828254371106816
318575239
1943435372
551380257
711229634
2874984064
3034201259
90157200
1434038420
712647058709155841
224180160
428411075
566142199
1080423679
754275355100413952
337185218
766372571180888064
4220464763
2340110677
4688664552
726770253645135873
151087202
516802751
774874962700238848
90849691
1176112362
2530314205
1292021606
497384675
1460749387
998065292
609872484
4735423054
110454337
984608412
131105980
4603979663
2979240557
525733847
716326404707713024
435136836
3046529709
485598617
2438105965
1023807246
804080566949859328
80200885
2348140042
1675230540
3042283259
1390254751
123235814
2496237324
2527780688
367192807
3648147982
352321483
1357793023
775340473875591168
1447215498
45514913
1379254362
137273382
75789796
766066296618414081
416422287
797197311201972229
76615199
1368152558
1200806024
1084193910
2739348212
717965900062793729
501811802
930273956
19643514
8505512
135554444
96312612
200146354
1433806334
44926477
323889720
2577315657
1344773354
1627031726
449850313
424241865
386210229
414682647
2865919767
342681065
19143837
304598010
545384133
40985455
1128760278
265494725
488339106
778900450812764160
745784576719589377
836055234
1066017044
70110877
999371760
2463100707
792810525533044736
601876444
2442172829
3041446144
310907747
2394145762
3468355577
1208394690
57479575
748252291959037952
2442530351
750670310
789441140932087808
224226820
313331114
771442568664154112
1112122506
2432146794
722067166380617728
780092964244783105
738344440851468288
1088677627
1135323564
754694678314901504
35289844
722098819110985728
89459181
2644998883
3411693136
567490347
2351775654
1000210050
2463065714
778386953846816769
2311967105
3038103838
763704163373084672
470257543
548616993
1068648510
1059528432
2358153341
2706185665
395548966
1867361222
1101694626
712640848
799682512301633536
74157617
789443113651699715
386590405
207952142
2881504282
2797539111
1384230229
1039599080
3244817577
995982720
161983199
358169568
755320994131247104
462131304
1334520595
309750549
3208231775
4603645649
780095104132509696
590176994
2356163072
2313667127
488587270
799177228672237568
417800630
225423130
888531398
14308495
723203630917136384
2341649206
600136789
457387356
802059051064561664
24150879
789101135323865089
454914850
1274882076
698863047235018752
13727692
3386078415
592546016
3295658451
724627244879065088
800409968021098496
434387464
541824556
409352382
404951630
1068545209
2249959502
425365839
485187851
14900051
2862904246
2937209879
223549496
440129638
702614277472034818
785910725185302528
522228631
260150517
529431381
559517964
2575440461
394293884
420627699
102359703
288339892
716591970106417152
271468279
122363556
851233315
135167434
608149538
1234001538
1356882974
272402900
2365219877
963073442
911093208
2343894636
1530151454
2940410703
2654152260
1127815087
1595653056
4038857799
707643839343939584
1410209468
282545544
473027302
1028662526
4876039581
3095233408
845313296
131538215
140643619
490602212
3620529497
2772829228
2532491303
247609737
1374146521
721242552469479424
2466589783
387906825
836271002
701513839989358592
124518866
103908511
2264200452
249862119
1443706704
109216039
2887792900
747451360715616257
418809718
2751139073
1322551362
462427721
1540881331
352576987
22075599
130537001
3384471478
2968750552
121424128
2436608759
2899427794
4866822466
608125539
2954907201
421332919
2854853057
1843782967
4034460233
1146147427
539150646
124576769
586487449
763737673613840384
538974240
220996437
715597025404968960
380449282
1161191406
2776380137
32957242
2871007953
3137320963
788762450439135232
391237371
4754556873
1880399689
2316947536
146010269
476857175
791652252331147264
2957131078
522567091
743437317130575874
355369075
776255018181722112
1274322852
483990953
81707635
775801548794363904
603304951
2800729570
2184969053
387198659
4155844545
2164608279
163899788
564388390
2197080899
3227077433
1919454733
720691015594688512
763394561968177152
2860637063
2959917485
1472353806
3328977022
1978729974
4280485636
410764821
300496676
470392811
764853057909841920
48967204
2208172767
593237139
425643681
6832662
417920790
38695490
20430345
94294891
55251007
268994593
2479999514
477844210
207122050
427804855
39273093
743041027712405504
410208486
389473754
745025263679963137
4881267029
39975495
78697576
439386203
3244161467
800421706745581568
2217674274
396892501
792308866449047552
237816428
863232396
510430173
14490966
47449932
386722621
67107066
747187674
204362369
223868628
3402774227
3236218886
771382993076252677
3121162647
219406236
142393098
1367973715
1079983244
787391210377928704
321989589
787227720094736384
17777533
449736439
414646088
735788453737041921
2281936099
112600567
799185920939401217
3202597630
804068008515764225
2365807541
418776445
1472956555
3785335761
544245306
464020852
723538940502913024
2880084795
519667200
3016866141
296244924
386426178
887055386
3296908558
459580953
1642833512
1454614525
4133259777
4838046849
227431559
1193947687
192277509
2275249630
197763661
2288157877
2216179636
3955231894
3439568590
3424517146
431904458
985118000
4845403365
1664406763
576362054
247789962
209583572
497067598
922711819
1213959710
3018112143
2669111564
493524331
784066684852310016
2416044272
2230346403
2277583123
30873105
1079226488
554095642
447234708
3428700177
222431192
381714246
447863789
2373624002
274014643
968871944
2877751768
397326726
715991586543374336
789786960470614017
215735286
702134290470072321
358143005
2400067920
1009626624
299020216
371619032
61162279
167046497
2318610186
1206027301
390004968
710956626220552192
1357782474
409427594
456674882
1109152964
2280764604
4024081156
85636061
1011327860
2480323358
262100774
607544044
3131643700
1392964417
215899420
75299581
3664116256
298532531
85543043
355402185
782574373534392320
205840088
3424352055
847497841
2363694009
1745966046
2482305961
4532828368
1422646956
1006685844
801313759
558010244
1077740636
47555976
566361704
2337395271
1208620304
929422430
942010068
4085028641
797136508293627904
55360087
3360251476
2181843523
3364459210
104135821
1596129524
430169858
3399848795
3297601040
2192431237
556650372
1353760267
1580176014
534655010
939620869
3217898110
13294452
748870907456786432
473166234
545978235
3306834975
1041804853
347778847
4523452875
25529201
1055333070
908126539
8332522
320725662
1244162966
1437949255
4188671596
170944795
557803659
2309860201
436870309
771429034504880128
4112673143
801762901769981952
376248879
795367212328620033
2561253733
897918854
2720583173
4340881457
742634833541750784
289538124
4643882248
2485728489
415432396
539110707
745228268
908147456
708773624
377619841
493239048
3439750456
744514206360281088
416945846
3164390831
1057840633
2924455714
862978044
3342653327
725949864
1149376610
1573352107
1020931404
12403482
916711892
701167259813879808
2194894268
353640576
749911474496217088
4105925825
570833587
4188604709
427739699
4340888903
754321990257938432
413010349
2508437306
763718509805305856
60608418
634629867
618124225
2458034649
4227664641
2320321929
708077520999079941
3025669096
492928982
1511474462
331572952
251093963
1048144170
1855275732
1057386960
484982241
697418738220535808
4894984156
968757018
633831925
3408525531
3094278383
232590428
798939482
452226860
1274855814
1065081188
1203455516
266711908
1368048013
2154746892
2901242702
484147648
1011559662
706067859550695426
406947360
729775229598351361
797171468002033664
3345672868
533510595
406453295
456110418
378594294
4098447160
406947369
70086035
716368613070995456
799543436768641026
101057515
1180247125
761603087274536960
698226027756126210
2377048561
492136342
528649172
722919613
2446945421
3338622107
739432651065577472
786276460080209920
1515511260
778304305434595331
325165914
769509046227496960
756921009882759168
703338796826365952
492310172
609145539
1521649369
376995200
201654791
704986438
918959929
1047826945
569492527
532909892
3415778469
380342179
707656621795713025
763146166620057600
2788765798
2231676521
1249472208
2788788411
283152050
318316637
2270541645
1701836234
15191260
1222677294
1607823997
2767302037
3237012287
1148239141
367195342
2328923415
402190569
542327855
3610344497
82881849
757902800256917504
2318991212
480531196
2463497702
318601090
4868655040
785779065617846272
703386818
2350495204
2603234317
3758739195
64139825
423537634
748536833869484032
2901023978
1456631540
3070539136
428953891
612793180
789046049788821504
46928097
2214610401
1192340720
3402520873
730380067637956610
2559438244
2244460336
39610983
517400567
4142636141
3035652573
307278565
2892216196
2786595941
160011017
156891379
784105196070854657
3075686139
787264983268749312
87306292
188787298
1402708182
3322620622
3368018859
1253010624
1357718432
428300383
804704678202273792
713372677151596544
963144078
744819568909029377
1644683106
1229651126
743782951285043200
521564908
3072664510
35804051
1274899394
780100421536849920
2863121903
91138156
708312172619808768
68640468
1286206279
396564186
1262939593
464615450
471141787
843757543
50662478
726721856749842436
3176594760
751920799964098560
228879550
2561533980
125927136
1092670394
1233824197
336996257
403444000
785812924350726144
986828390
1222699580
377660882
807581581
2983119910
412254670
728468647048404993
2857413639
2470879507
2674941708
22172093
555791920
2960484382
800566259561574401
4755350878
1036494895
486988544
4343971877
3300222131
4089359207
410876976
1074786902
142423926
3860196976
496948669
786280190129283073
1517691259
2942183974
2986513055
3305521049
474239930
480023608
2889852755
802937898739888128
3094312457
602574015
440737015
419046277
2631929255
759712744044056577
751720869278445568
721432104396025857
600847079
1036846736
3349425333
2608189724
420931672
474023066
520291889
1238556302
248669477
3356662759
418798723
590188450
14703893
1400701532
832767270
550060279
1357254163
539167684
62087941
3016230237
803916997058760704
404048864
776116078124687360
2812961
3183670121
2765052793
752944386472865792
2848339965
14942247
1193333923
752800121138581504
714226829071151104
343442484
2163623162
485841317
2995763703
538529568
752010888
581006334
158470519
754009621724012544
424084271
537644015
376869096
995457626
963955711
804693786945265664
729981130007531520
1036938613
512534556
2431061097
407817837
1097778030
863845664
2907520191
637111332
76616277
1092084720
753519234710376449
2780350163
1213474032
2342856875
1385514882
212947664
2258041135
457700602
2784216706
3365915002
2738342715
3314962654
407685623
2540910636
741592495155478528
557827565
751662668327583745
581069910
2545730562
2294999142
1065974568
722053268587855872
3977951957
543602727
2816638404
303278808
484729953
241554024
2475301375
219361447
1011183535
924222074
761582724176027649
1385223960
792729282544013312
385132187
3169603576
752117556077473792
767364312054792192
732896666
340890379
782126365315371008
602704576
803881178096955392
1425576013
2833623327
501225131
929249360
2359663543
2739787766
1032967056
2341272574
83622909
790948562
60875634
162073378
405658810
773929798192300032
440966841
458347992
2394684582
4876302513
6827962
3165299303
139188966
322920844
11813882
1499773538
807579925
1139640792
367692964
2345206182
2480246000
422586035
3262192089
3349890172
359541795
2445766538
1080507391
846973561
380000975
402997564
1083273792
744659342738210816
551122649
3010276522
61773288
390887380
60241214
2565703480
849872575
1054906759
4195440875
3406855018
758304360543707137
291021897
2901676730
794302419203215371
752726608272846849
2247492535
1169471665
424153335
385252844
2729672105
425310939
1142378659
2584797425
794648418014658560
2341908197
776151189381578752
618929613
455345649
36624443
2300311050
2149489765
560546180
469495566
3318877703
82349024
53374435
313390906
888908046
482100150
407194493
34932457
1055604996
1240919455
267169059
1635529807
1275988495
1116671611
2589915440
446903999
309554233
1008333511
1357909922
446090752
417216609
317975293
1849298862
1675839859
22655342
3030052815
2735797127
713737407636586496
855180290
366643529
1661464812
523613502
2798863589
734725512950603776
4208755703
3232946595
930194618
426706142
1079126036
200440164
194632941
3366092747
749984254923243525
3014477295
771997084039929856
258382452
1676221394
1405789050
513695912
1357615280
379741776
2728828858
2960217431
2376747126
483368442
425209016
1308112182
593494121
2395995116
764003692123074560
792709410955067393
2786975403
774612532036329474
412080599
2330062987
314566134
463690982
4902671039
2951279819
2271999013
488765562
792762283697004544
1130420497
715925457774972929
585397603
1301159155
2872098802
780806706066395136
803590719432695808
794582375867052036
392589513
1635582812
4702133172
410300839
34681960
3534080537
3448215203
284706444
39976483
802176344515866624
1450171
511750340
333733826
431143908
1715047068
84130259
706796463045656576
607249138
2365638917
388741637
1068801092
1966419620
470003688
4405643841
47778217
3027220066
907758559
2296638619
3030465038
194706083
105433403
1362144619
2279399816
3008526447
400798557
1316630180
2843581449
1190659814
3061662743
1432794030
2574266145
2704308742
796759446370271232
485031544
183320673
854310253
474738435
2301561164
1377648812
258862717
737918135584620545
1412500075
257064557
568298608
1204999254
256027951
709427870419062784
773956774932127744
498846820
765890238946443264
725666037547556864
989582592
794535156291866624
2482345727
3179765383
3050280106
725624402562392064
2983707267
821581256
545448505
3347934334
838223696
776488765183459328
389104963
781930651528392704
510611092
495176013
1036719990
428447147
29416653
2456331929
506393031
289324170
3236308146
4922341
1247099534
2970206104
3426491
899978641
2464828514
4853472419
705029912265097218
241544501
1632825432
3291044750
759717599328411648
517717792
995642131
1489965936
804094800282734592
430192436
2190915769
2820331583
3064945486
431600605
2906554709
467361179
903701676
544352838
599114492
244053999
412094285
354896841
261542509
232221555
1037152033
1186190486
713852625867960320
3405485543
1092846918
325145422
1273496268
345591693
2152343369
569680694
992119471
1145911274
1222000628
2273200191
399314100
593572152
432926462
278210313
142179135
4120255757
2928096323
475965087
374365563
416534525
500582673
482783302
377274712
434280541
799171599828131840
1048569343
332885533
4909253914
720789192
919526072
1267065014
1100350039
3093445126
2791644545
1261559155
716513342
125851628
3027820086
1026025279
385846198
1166496446
2852272811
69323186
474132230
488399950
2385752304
742740487
3688803513
2921940052
943572877
4264298260
291850624
754232386259476481
792394614665801728
529676279
1151876744
983546060
795964357893046272
2361394675
1875161478
1205923694
519407953
4892218558
1496349728
701059824520396800
1101913508
298123237
39574144
1368793633
2282469222
409448246
442675224
174210451
460483165
