1120118342
491255447
2850074284
3034434386
4074792743
776300610740219904
999575790
405792460
3395459769
1254580586
742950892786290688
2433727925
2418350499
2174535898
348141611
16986506
418531608
2930108555
472780497
804573803527491584
288764479
524453451
99885525
122644390
4112673143
1087279381
701647912686764032
394850579
793592565241110528
1145584326
93947421
2972138392
2265525949
1179157244
3035292231
1062995012
1444752530
361270492
1009689127
520423421
412149814
574174264
763983425569034240
122033909
81075901
756574354721439744
460959521
448402028
2795593730
178659273
557868390
982401096
210376076
2245274046
42392050
3399075250
4885821551
24504702
4855564132
796343050452795392
1622970242
832669237
1664957023
128685360
436124417
891828164
3164390831
3147441667
2242408249
1359735968
764525968623071236
2982641339
790714456934387712
476812303
426460313
2636664434
1336542102
223881169
135211574
122497273
386576472
2604042187
494442505
499128183
482306466
2343993217
1639987099
1174274426
1198029061
700469676846018560
180317088
728807104790794240
2262728705
350791815
3630722294
1573078681
58636171
1307016348
283636579
457499223
1267096375
2764203485
383955971
103926920
594777484
353640576
211090942
229089974
2827084763
3433378229
1272928376
2418921020
166475743
778321813
2879539541
1349514043
2490943567
23315720
4343359779
473994961
617911302
3911482575
26982622
176712900
931280858
4129589421
304945509
2364107448
2970293500
469747259
2693917236
1256727248
412372084
3309113574
380294340
553772651
524372178
769478656498466820
50590345
3014521558
720297033651863552
413354451
2388245224
2828225637
398717205
2328166991
2220186288
2895077031
2427311741
3253240709
2305058365
694638444807610368
319578825
2872414576
431658112
1681239037
2170742693
701812518495330306
3426670696
82902889
2873716210
1274855814
452226860
1008565081
498234811
2370797451
827801822
2898881230
516918398
238697794
2403776046
59838693
2166946440
730673331851132928
1659473750
350256698
96361290
1311732848
2165771
215224614
343557294
2562814182
3155682418
329937650
964810638
1330005582
969698839
1946899837
3138188655
547050389
713448101785288708
2325858169
2434012031
417196887
464477643
2790548972
1001442932
762326924
3314219367
4098447160
2154499070
798570804086763524
272473332
432637066
230254846
423531049
371749840
2460104746
49787793
4054106297
4187641697
698226027756126210
3015242813
473848168
1147448544
505814912
2184144110
297548565
2242602102
338959743
4866412145
416386667
318379212
1082984088
1318423074
3338622107
535591667
1020854767
1623140270
216798636
271838807
2760622125
397593095
4016361339
2492666427
2773268453
325165914
278663070
742469305976098817
787588319957966848
412481648
551428995
475134082
1053176233
855012044
371154850
429026802
416583838
892912476
1318601540
151639390
471334188
3387206505
478277622
370345381
847370024
1262249239
171447577
478835343
1444286834
422468997
3053723635
203717084
1601235282
1041871652
1534786369
44395683
762186331011375104
21852199
2969224684
581808635
721303651575341057
436640636
485823259
884010841
337060196
1008174356
489693440
265597067
1012822723
42020911
131262995
416465127
524807407
476161307
514161086
514377723
486787100
411041852
381526818
3823074077
96393039
512982776
1223037354
337228742
3909974067
602712735
467307839
410808584
171482120
3080004435
999469686
259206260
1074173322
67564253
3369711303
2607487320
517385690
723818739712581633
457889747
2877804497
1260171894
1065664580
1249912915
407746253
229880702
8032202
1517788118
3431405176
50713554
4919311773
1326880621
710044495748927488
2180128512
2438522153
514794207
131820687
256569319
443193400
390161953
2175297476
4726174575
1898454535
4038647320
36991673
2540653035
775415010004701185
3297108689
2874455566
2416492224
3225190005
3024843525
402352368
27417914
1133516726
2780653621
396151080
1328976937
2149665647
22006895
541622566
733681649133727744
721942034
785089989692493824
805145682063589380
10692902
776009506035736577
428436187
450957612
2391603191
1644683106
4829216056
39140772
2148135826
2479620311
465921722
783405945791578112
1283252311
435793849
1382206622
3028809503
371781632
437533038
1106446418
447439107
722684492
2980651536
773684083117490180
583920508
797905198811381760
767783947220713472
3021204969
1205594306
2968660427
4184943027
83912604
414629229
716631581448867840
1036560565
584739670
798743088206319616
517469921
2570957394
481929883
2572209035
712640136081776640
1719318895
4871676707
710864700851032064
216308253
283080198
3176594760
235660726
3168011729
458460908
1205274991
1095937459
2734322301
368458366
405817197
110654085
1347527786
3221712009
3309946937
485088788
391246325
125927136
793787252040142848
4747943075
499227001
81637419
882708728
709389043
355608779
3063738106
3305477253
1065387764
184379260
488356774
751814461690900480
2490104707
430033435
740672271619084288
452294805
364452450
161795148
492688472
3036997071
23049915
782584298964672512
526832298
87286001
168796358
2706476465
790099830
3185645604
1386751423
2983119910
1348851210
1083726745
2361360169
1125370914
2857413639
161967179
2845221227
708429391
447854508
468764915
781315176
1327639712
318549168
1717274785
2960484382
2831366043
415133530
1037713867
1158164456
3588475175
277460126
557366826
1057882938
2762868863
1490029824
2865546393
73971750
129135649
398155946
2252899982
3124079014
3825308554
239434137
766462243
464780621
246668793
515615524
117701249
3198028097
4833429358
2802157801
4664853389
1519896589
244705592
277675174
3860196976
345918295
407891527
1358611800
2200374792
398036674
1610183600
765884647498735616
1665372661
3346732175
2319542538
480023608
780826146883592192
2889852755
4063380377
3368385652
2502131693
505019583
1039152966
551380257
375179336
783020674952626176
585072407
26722048
3082030787
2203686361
451365630
3216517384
748179751660052480
230697282
270844902
2774751706
759712744044056577
4229963363
431026896
1434038420
2898075617
2509301951
533628186
712647058709155841
551904422
24428317
2257121711
2391455356
51465605
1192856120
2217996483
296528124
586680141
348072023
287430226
804965440594255872
1179962942
1924562743
1014870637
2369010655
369749865
2543019165
328022080
2312996169
143934900
115350022
1734308330
2205598141
2841208083
1373902572
782138334
428376870
800750620818800640
4905992363
470917335
595517608
3242769959
758327439558836224
1063063351
2751862871
64692701
1394460469
1093512139
110454337
984608412
1009243501
772749836596707329
2881788614
716326404707713024
4687054969
4906981425
226857183
491156990
225490204
731252371226042369
292089465
1351237069
804080566949859328
60333531
2167915761
704062364077916160
1679375545
4012526097
2499039877
1930484058
1035376896
2527780688
2201663641
632324504
573977989
3336714819
714226829071151104
320246595
1110202813
2450147531
2910736343
315102536
561058451
752010888
3331413322
512664948
2464335277
368533605
423088643
85590368
4578440908
766066296618414081
419633448
224837196
354003815
3086975528
2921663680
353031276
1456556520
3377131258
914050591
962462347
324262863
4039903701
717319878542245888
2369091619
361403479
1183100450
2431061097
44103891
471995227
477548046
991727834
859927674
175127426
83905283
705813420973621248
2161648892
802979230409719809
554581695
535318339
155514374
2987269049
1179455066
3224669813
1139875363
104768009
438849246
488768033
2341083257
939484063
2986947023
1168160534
2810009016
2385918867
632742781
1021660854
2386527144
1433806334
4797073893
759601758
116871279
633577541
1627031726
782622314261196800
397495359
2560820463
48142375
781954997806370822
765693761011736577
323715534
3036352179
722050091624833024
292649689
595680879
3143810488
470951423
592688115
31216192
2722863047
4155749909
257123663
741592495155478528
396756630
2249430114
1168797480
2339382066
426532936
778900450812764160
2788736669
581069910
522195863
126502749
2395351240
1004781943
722053268587855872
899524722
1025169505
766601799155449857
1263818557
758935701698191361
164780237
2463100707
210573372
742397759991480320
421406745
1932231254
2426934927
2791075913
459908865
519506055
1192428948
266842437
423831266
1280566146
746539553771651072
134206590
325760306
765901369547063296
2948897212
962612156
761582724176027649
972598303
4768175920
1385223960
1229121186
955733516
1490793978
4119906531
224226820
428915501
598650191
89212874
3201052948
313514631
736441270881640448
268001006
1910176993
2606389745
1418786191
150433238
2414596461
791920705340182529
478092818
474873502
413217587
2296153657
2919170415
1311687600
2983270319
1064261450
238718282
418221631
406622289
251524754
425193883
255384728
1492135807
3147058299
3300230453
528699157
317278377
968158926
67574568
1423857721
3038103838
702690830
1341462944
97650801
1070407046
548616993
2147638752
766995488025436160
805173835456741376
1157043744
4432360889
337767301
1314735973
16501369
1247496404
803206110912061440
6827962
411474522
1017974048
3300735423
932478324
710193656708333568
1334463464
4794977182
3251331238
3088659569
455777345
1471608194
418918882
402995375
2480246000
309178760
265576861
433717645
2204805173
2722803953
335595246
2885630548
742259446764711936
3075547941
2201613873
1001239345
774539006579187712
1286675653
465753888
84416696
2523568577
395236219
438634199
2709633235
2975464317
4851423724
357074444
1578400826
1327803948
50244275
2349153735
391034680
488587270
442225392
62940685
426094795
732773769824047104
1710955382
3191192553
723203630917136384
93719647
744169355806646276
4195440875
120713042
600136789
768783082736455680
519863811
604613783
108780057
3662356395
794287344715235328
3363915879
359096965
3631947141
58016005
1926446076
599651301
737750588247658496
714373889204350976
18618749
3385105642
183287158
753910937770418176
13799582
833742794
440152678
446415130
2400326462
796633906606964736
1477768746
717452216840429569
522780512
126049704
2322261107
226335102
51522357
2882719697
974118121
2516234993
200888646
370278925
753700981
4414946656
453071336
69834006
17864679
3254233961
792430148
396218442
560546180
2842640571
3331059982
986714714
389500881
836504312
165789892
866416776
1077627415
261705959
188072000
481225656
2476955115
3436942246
264695144
1103152945
745033396850692097
495011205
407194493
272112410
698805851751108609
800021935
1044932990
485174785
886667504
1275988495
4874924663
1905031909
1116671611
394293884
202513062
522457817
1328396414
2749566881
507792558
170781140
756972694571249668
515507237
1039524522
411048509
2714596672
763388821677469696
2214539367
79223440
387597747
3353011379
271468279
2386835695
797790505614606336
191574580
3684132136
378461293
491471672
138044681
586513270
489601463
960086424
3928749496
2834036535
326226399
65377234
792731002900709376
3937406775
319782293
1162603992
553392203
497996910
716422928
1410209468
2540480404
2279477919
876541483
799754734315782144
2975733075
53139843
2610299144
3360852207
2258689712
982628515
3302069128
2798863589
2499630632
3289975816
758205897915113472
59272021
69030213
714382420
472014480
877388786
1849153957
4859438769
251351863
796311583077044225
271541039
710915223721525248
601368027
33226107
2372863064
589261384
800826550304313348
2835640580
2787878581
732013309877227523
390313526
2466589783
4845999597
582087196
258382452
454365633
3401622281
292204573
147567047
249862119
968433782
4415743515
730899685825601537
1369658370
462226444
1443706704
952399856
1883029429
107832131
1194951343
3339999905
481457729
1170278395
9568772
547890554
471369382
434752212
2516428571
2283780786
256213996
273686840
795317869131268096
353575520
2786975403
427734966
340972113
279018654
4839141616
400899688
255662125
326183542
1499706972
1357710228
2906264861
733383127381487617
4635942508
408118133
726108618051997696
222170521
1929877436
2951279819
4624496368
311475243
2153812941
500184959
2223036664
714096155152486400
3281239550
152673484
574185238
161428463
58778773
1704854190
554263314
627383485
4910860665
2542889860
793955419815346176
95490309
914779435
2177262113
96696594
560468376
29723197
764071712950550528
1923616602
475254497
4031918452
4273349056
2369487383
1955153960
91522905
781359137909248001
2273749855
548474855
3225158405
1199740002
571304184
2768214803
22604733
2218697421
486384806
763094873473945604
3458373497
783740138660700160
926301210
1125109992
829507466
342332426
4885903612
489694873
4754556873
495717341
4069067369
3064824634
39021064
541147498
3361200257
78971533
26504043
99702635
2362415546
602802570
168672956
2612652422
522567091
1193780617
3043362960
490449494
1849639560
412587936
2359832450
455094599
2322841699
3092809936
1011030956
2810483745
1274322852
2343390020
4885620221
544670018
178029740
1166877775
2309237552
392041682
3053183649
2501851306
2339922708
1930695714
2984894152
127435541
733330743800258560
2346647000
1275312618
731040814143553536
299660754
799492756158738433
783162012067106816
23054148
1443830137
2650582614
801181588365209601
198526842
429274652
4155844545
205627167
1417495747
3019629387
2455915345
483258299
766731574616424448
485546674
332678373
3392159079
1190659814
2734112026
432211151
516425565
726543135136964608
4827510405
410764821
22203964
726150285870157824
1045573032
2310410500
170019149
3373853703
4861481447
63060955
73912465
3108373833
797871034535936004
250880308
790103174925393920
524192096
250697308
171678019
703872863665782784
631465083
20430345
837208824
986111888
431084648
491318883
2999932538
1412500075
794903125
995021599
435300845
3026614547
1169245177
496028168
870647947
448631884
1166339754
2812859778
249167257
3417233499
582909177
788860048768458752
3227318753
3024022989
2608779441
278982651
49551708
768860666727919616
1062966253
2365532641
439487431
1109639072
861332947
45618022
607517520
804781187524947968
2308162216
725882047
418662548
1660188204
4861365023
3020578613
1315995308
1394582718
235204181
4881267029
142454786
3330461728
804977898369249280
765851485133418496
3347934334
1024976264
760935300189356032
84018589
862812493
45400255
8873182
220330731
223951506
805179553090072576
489336103
2520000468
410910327
2527331874
754664352855236608
374941410
151205711
1069422908
4048087467
348137712
121612157
799219281451958272
729615752752447490
1036719990
1327684639
1018416800
407134896
2452624252
154082631
452117960
2938313507
2967886673
1678402296
722086969094905864
497024295
2942054782
2438113823
3156185302
899978641
4853472419
2350177590
88008523
619798896
418639778
3121661467
1084360147
419768382
455266241
398032197
423726677
1121935962
2707254209
1472638976
19447964
1089800894
2884126876
3995124705
254683319
2931731932
3424436500
393647707
237012591
2504987971
969981643
735788453737041921
419951447
537202185
771091767697534977
4893362397
1318760557
3064945486
1544336527
1680873980
785129133009494021
805179730110611457
1266649207
467361179
3041218581
1170061058
3785335761
1356872376
794309169197305857
2822310640
338548347
1918247922
440247035
255612179
1120206308
202086398
318988340
2994896470
784759793349234688
478565327
734286883182813188
794234183128322049
751148634398490624
4446307913
1636129136
1642833512
1454614525
1410963865
794957025994215424
49397445
1222676508
1038092534
637057911
2521301199
1428381038
466602032
787611145083518976
486478353
510475430
715130347852283905
97241568
128688814
3077774103
1189981854
3088893988
985118000
311434296
177616381
2243936725
4845403365
760729745948565504
2762991057
569680694
418886119
2154033305
988373714
3069792910
765577612441817088
256891601
454142762
3050234032
900201739
425728632
415017482
249457691
788016239188860928
560466555
2414500381
290525222
4203607113
2792078239
296732220
68492512
109578008
2516807525
774150166584500224
1547704086
406907214
213274510
716771729
1007092986
381422013
476063450
789577810637619200
3590404697
787324638711939073
27606971
3305976862
319074916
701064343
87950192
3245319177
1079226488
238520291
1296656894
416534525
188029214
1715119512
4129880776
568604367
2959472392
514803990
3434577971
799327881252007936
105538883
448335186
2191221171
2492674834
576539396
362432939
447863789
332885533
15333818
702921914
503909782
782171126168481792
789786960470614017
2262991946
448998373
771232888381550593
387043149
2435916027
3001660931
995799343
804961884
1331128747
767753587632013312
1603515306
4913717650
2759477819
2340093135
432832773
1638278257
347953519
461019019
3090685900
410892254
140149955
2577527823
1209547698
2417471190
1283811182
2295579267
781833692096372736
3843650115
4024081156
461013719
245960120
216722162
1012135158
1010820098
410345597
520256703
418636676
2781784450
801870151549419520
430437851
3299183837
3051404948
75299581
2415224956
703575563
800074358538399746
88017073
2252744105
4001003939
2455541630
92996440
717970219596165120
2466390186
1117558933
1019758290
1030992019
1071451754
2588246800
430765955
953542285
411332075
565500674
477187357
920435114
160498055
268793564
2594867485
988749812
2386237696
781136131140222976
797805269539520512
2775981333
2482305961
370416519
774133777412923393
2201641540
815758254
78943556
999278988
3129162854
351555225
1006685844
434311922
1077740636
4853784417
510681191
2361394675
303443930
12944132
488618381
294535863
2875322452
797136508293627904
793079724088131584
1201691502
570043126
1418004319
4892218558
350184411
411323343
104135821
270992675
2480462256
298123237
339814113
2282469222
409448246
760061452388560896
598279585
510360682
2447664170
1353760267
3107574627
4578456569
3145299803
380535081
311694861
542372059
