260925269
1323345139
27448416
2946408573
729214200925532160
779336944916504576
16941600
257491066
563747770
788124436406923264
3090970077
16986506
110414714
1042807543
1031222876
757989565600858112
4924288984
989351852
2262267598
422340734
194972957
3928901475
1009689127
859494601
2228600094
2187201314
804957123557883905
1540142966
730644364641325056
256697871
780154819
210376076
793017516801007620
2200336955
273360926
1953930264
2872007299
2984502441
3356485570
143755904
2748927413
412887059
499128183
192258181
1230556524
2757620145
1426298784
232798646
2360523472
1307016348
3570337828
2336431904
3207920045
3433378229
407747764
452010658
556946532
363916807
845726376
553715474
376691595
484010722
1256727248
509220970
2589042406
133461180
369585128
2504129001
1014884664
87967184
1039048494
707558440235888645
255669937
862766647
779211695239655424
2629123617
1219456740
4558833628
2812760284
437635996
584529887
2170742693
63732939
781366033231802368
1159837046
3426670696
71217188
1588323260
752299549637668864
2403776046
870156012
892929787
394263454
2182009663
2758461707
4494073469
726161324355510272
2219220328
593623163
1035435139
417196887
725657324
2303644001
1037555461
1367894946
2585597700
790540888237830144
767772101503836161
2679522658
2197727347
4859931532
136960523
3555797841
2984387777
1238622974
390622095
4814832225
139765259
634887537
430200691
1065164258
463969453
531851126
184425554
614362165
877434170
802770632
475134082
787954994171506689
486764261
723484151794569216
340573242
343239720
1444286834
795562880104038400
806848326
288094317
2454677914
779073210
514899678
383790840
2216107671
20940320
1387006716
1190936910
291245199
436640636
734721829747712001
2957376141
602903174
2941965455
1012822723
906349453
418169040
264211609
29164255
3909032295
1108369927
500835651
2760142246
999071468
2318573988
3349425513
1331086867
17880873
428368107
804991669972176896
83386342
1083812281
804827612619177985
588208330
410796950
53538705
745916794100125696
759383486730043392
789181592564404224
803249243242766336
1079703907
402819013
710044495748927488
704718743419658240
2180128512
709291269135187968
1324385052
2762706833
184489591
568860199
115623241
3345343780
2333745212
325170333
2258170901
396237618
3300878565
1008395305
2671785441
105100430
3363987292
228051072
722850803464015872
1283861509
395242306
64522965
4854132653
923347921
2820617440
767783947220713472
584739670
405658492
3871871513
3326316339
804255964178345984
1270339064
1077110826
1343953026
539871980
176771140
790133846
519360327
499227001
741024105386893312
396143318
3365672806
4705974935
1243172797
452294805
711343781644255233
49318571
313199623
418624595
2212485620
432009958
4062893577
249762131
1386751423
2360900988
2259459451
385571810
3025368046
3040108465
708429391
577023890
1116674660
257859835
450010911
1911974670
713488995267776512
773444545342234625
445567589
442642037
523387439
99074298
801457403808088064
789531619
1100783203
411018458
759346461758939136
1076974416
3324571887
255047902
2495079298
2465171211
85657467
270211310
3368385652
3028742807
715828512
2428289656
762934873057292288
2908032201
259732177
251059714
139681145
2483717565
4150539809
26723126
346161795
3480866369
401650330
369749865
441149399
4285369709
369728921
170455300
9106262
305481008
3051247218
1070320147
3243222784
414970005
800750620818800640
31091958
70490565
165348110
1444057844
864123438
950796283
756427452575080448
461978652
278558220
731252371226042369
521680063
2543754356
752153072370118656
1246808533
1701198374
554160145
3887691934
315911398
802581982035247104
776479770502651904
706097800040357889
635283342
592771212
1053181256
478026574
796246539668692993
2986125545
248887130
2921922543
859521930
573977989
1071485604
289858783
2450147531
233245609
1696504896
1314132968
356404890
3005861171
495806630
705377386746015745
2367849601
509260299
781883137
1143781171
432524169
2574183237
3410104307
186008438
717319878542245888
361403479
2889609213
953887928
745937591158071296
370182507
761303645518499840
831981618
803350148143316992
2582196879
471150852
4838146889
221183293
47438785
237392330
116871279
59200159
2748105759
323715534
1039581457
3143810488
781061479793647617
2354395787
3303635176
332921113
17268435
776453763624214528
1168797480
889099008
2310515650
767276669925224449
2546064788
777531818933452804
497175650
22038827
470359977
3063911554
4706663313
398090760
1122659574
720617956540026881
1197644424
2791075913
423831266
932396101
2410911599
134206590
3189500505
3251588698
1173008125
1229121186
2250674359
29230342
1225619828
4297885697
1228391671
1317829602
1007154330
4069116213
799504971502944257
3299563144
59165953
2343281118
1356675511
1341462944
307741565
740167265606336512
29205423
303365029
793096447914827776
574871295
1854556328
480757316
1645553184
787432374237822977
4744344981
3010467274
796428219301953546
1215471452
309178760
2888908630
2417683973
1026122636
2201613873
415832180
2593299788
189801758
396043184
891474049
2177287618
485563568
1080493914
357074444
50244275
2554661857
2244779704
26295447
452985926
17439787
1911991346
500053935
93719647
22834067
2768661999
746008230757867520
2437309637
2322261107
712712005287813122
20972053
277932088
2730593590
543546376
715992854196314113
3436942246
521450521
1158529614
779976176416722944
727548236710481920
240401072
365304824
2459519979
523138689
1019814889
737320028270415872
756061004556042244
77789716
499876766
3241512717
507792558
2716446892
2386835695
4549605137
3166511230
775000128600043520
134554873
1699586232
98921343
1111225376
486497313
1956171698
2367811931
1015937634
436230438
881890537
437710793
4570489414
49656085
1712830392
2540480404
427209531
341001184
2279477919
400103989
2975733075
1334529307
419862356
742366704
771197191
3230597396
4594905000
768892852017438720
3760519041
789431766591340544
507970638
794581992759300100
291678033
1637833237
94529815
3141185441
397122109
271407710
2767985158
2471096019
1015732033
2297955914
3466428077
1221995204
908951064
556270195
40948942
622842157
476047791
2792814315
1702719008
2312169774
842320472
3297867930
108764403
2785117733
1127733265
22659500
637292613
337372191
408329555
1159825830
1929792140
351609587
47698840
2482396225
802293571693019136
1169506849
530969708
1063910054
2197813964
2417353110
703292189913251841
574185238
420593314
765113425882218497
161428463
457395367
484589440
1402978436
97279759
1230361375
704558982
732206617341595650
467291442
1137389269
502904251
4196122397
2754543846
1325008650
1471642706
597408853
1125109992
22179579
701388779114930177
2475530527
3240122307
99702635
741172638345789440
2183402061
481046302
1140535207
2501851306
1930695714
4318680568
522203766
28116095
775636532
764195579081752576
458632561
3297456253
230680774
755805851328413696
2242877744
13815432
233546601
446480030
49653884
3019629387
3906755599
862986014
466714383
1048083020
3018797151
710609693
730660405761191936
711096585418088448
2221404476
448343412
4076059463
775470837197631488
398108618
2174230349
1179221580
4160599461
1372461787
364970872
359555283
3299490593
797871034535936004
490736218
421155334
506544504
452151464
4024983855
798655170875891712
3345594861
386145254
3227318753
2969343543
305473579
3684760575
117065803
1109639072
2172871278
630524940
496193538
406916341
461088423
743924448
399374372
247209095
1579008720
804257184536297473
504877529
1009031150
771773707085832192
92501125
435319489
374941410
794970488158224388
1313490145
4048087467
348137712
1086442256
226627338
1710334843
3355557795
799219281451958272
801700087525216256
2967886673
744941794807414784
63123584
595356862
3077112633
774526172201967616
220976355
410117686
14340947
4737081682
724628269333635072
1076089766
864546176
499936088
484914037
962439266
1218936162
382539264
1919132101
747071486482055168
1037692622
90124895
1266649207
3432995584
385119817
2397799935
206671784
4008275807
450654477
2740806982
2984790724
2173027221
514124269
2995844008
320737259
3065092331
2165389231
3939431595
467464606
105572105
608435854
510475430
540101622
305255857
3709809921
3796440797
710311520
2465437060
2762991057
142807042
519379680
739824323020607488
60562876
2320276583
3201116973
97448438
3434631431
400154764
2801772720
703827041
21210455
4204098099
27606971
1568383296
514803990
432030644
544183052
774727208212496384
1020763140
804261576761081860
1072331106
1465195916
363006275
3011033356
1043011003
709634135288111105
2350677641
146858634
706086896275955712
1238596208
759511811964231684
346632822
3026266861
1283811182
740257403178999808
418084273
495243061
803115076672700418
1068681522
634756844
431480206
1019758290
1307698028
745866738403770373
1119822385
147293373
4860992891
63419089
1962674090
477543705
2370233666
215686278
4602580341
500243289
75341933
1010781937
706397427
2760251254
4513753401
260626836
107820528
483384295
3065958947
533176044
247344442
454009387
3169486113
2754525981
537290044
1262703662
3107574627
4200887327
802615953032880128
533692413
3145299803
779645231285301248
976243140
2816273194
1650664062
574117698
405792460
387694120
624879488
420464238
2494635800
346723006
802782433
481409710
363616701
356975403
394850579
3299269745
1367914478
164205065
2978019477
426114352
742027791990968320
91559209
4318424669
769257998
474746645
1594040222
29237598
561473002
798583329872347137
895702736
797134962453581824
204800066
1314367554
3399075250
3046968035
191828460
2849566250
291976089
245694460
3091327516
50233016
417947467
794138420020920320
187238066
725047425812058114
1534486934
783222186622455808
713625460878483456
2768324587
790054314328940545
4851430133
4905617759
3042240317
444637440
702775260849033216
1317255619
18122537
696738123838070784
32982389
195193212
2594958926
2418921020
778321813
473994961
778753237721706496
1062780343
140814256
2836615967
2250627476
2354983764
4655248997
476053480
786967430191022080
388480192
199384585
99540505
2357343035
3253240709
3090093706
3130035911
67289408
718185423571390464
4890120945
145771436
58867324
433532650
472335341
4187607101
456894487
2680541218
501874833
2562814182
114706508
2882255068
257665435
4696957188
1291622634
575688660
3138188655
859534544
429928689
250564609
365932392
3909677536
1111810363
725370452210794497
730034081698877443
1264022826
762396908409253888
2180427250
1556455656
713105357757874178
429743373
595878183
472979543
254998344
3776006296
728295648
2509994134
338959743
2726498655
51792460
405443137
4818340347
1068702612
841214047
39744088
2186313922
2373340799
788046798896201729
3386435099
829417766
97699315
492460290
1366614380
482107935
318939574
4474043243
291290398
412410683
3105750287
769128592299134977
240310965
539637351
340427756
372488770
198600936
957926748
27083314
1096331473
489693440
362550965
433671269
479604138
432558620
792334186057170944
786445441
501137418
3070745903
1219577718
2977934441
4827279141
76904458
2986885877
486787100
155696776
81694801
431976775
963290574
1913892218
2597695185
331763256
334715057
1260171894
1468326630
1527250062
730132426110992384
383639966
706217983862054913
15387167
2951587293
2362418930
263092501
2809762856
418861332
2272916900
390161953
53368287
4863618933
4308941656
296913774
4755949588
428521248
28433379
4211706467
2181304610
789866400332611584
3065861489
1134804595
400902983
1617818378
622270454
96337794
1902963848
1382206622
499778382
2206549446
2460156105
447439107
707269014200909826
3296477548
708276706
2937388577
760392779533053952
2407034685
710864700851032064
2609290294
4775882567
2941915384
109061479
421845819
3261842987
460034102
72058480
1259876935
52387663
407598164
742445565368209408
2945491781
381971890
785924885755428866
1223811840
1546218236
2480721025
1050548238
1066344667
3036997071
795640773073047552
87286001
4211779384
421121877
792721026094395392
608259202
1257520999
1159982192
804939395522555904
2859044374
1402684926
574765497
1037713867
386695561
763971087508004864
704779333307650048
4106012295
3086983167
798493336462098432
720048936
393519608
738033666811678720
951867901
1358611800
474399960
372746457
1855414472
213616021
771114116035543041
1413220182
794179234122137600
2203686361
3082030787
732192637126623232
36079217
804008103222054912
1081132770
2211154277
1488338479
3930476356
775770350386814977
462069435
2898075617
1103968124
148481393
2814172805
1031879690
1461760566
184015853
231702460
720157781324656641
3308422191
2975144398
2594365060
2205598141
330459823
366258436
559481937
507569769
395941261
2200075155
533311301
59073202
2761079639
2438650607
38693336
29045944
2382128702
225490204
580344256
431887124
14712388
329516948
495103388
4815678869
800031968348041216
2484857381
193672948
2656833795
2203488436
108959881
4853446637
539174332
504993602
2943507749
1052139752
797322522
257499288
1110202813
419285776
191592633
1462020710
390276369
1227261115
423294786
85590368
266700017
149823875
19592755
2342517254
265399668
774917832228343808
3972000731
324262863
803315900304723968
3099708933
2328471661
101573147
514604251
1596116120
350368337
3224669813
721937520771129344
333498140
782577416548020225
401687825
1647504440
793749599899058176
194138920
145563443
110190828
434988195
755807871640674305
4842381857
708997585139318784
1154012262
944245758
28724819
16863408
783613497749938177
1022123316
2267787658
1102070556
2509748538
706596340306984961
501757210
2982639635
488895138
396686981
258457223
477582182
467473645
746539553771651072
1377932563
51061269
60995609
504329845
1341254522
598650191
71887780
11170692
2200331127
451991982
1264774998
2302778172
409145118
4470002068
836324732
1010807990
3334148349
3230165817
752786587
2897529063
2768667015
211226743
788276220660178944
1679279490
1062997310
2255386492
1211212620
540717953
2288451561
534504035
632811560
3251331238
150185600
436833006
1176935226
1538732857
141876243
775421050054139906
1171395356
389638623
361960565
554504621
2228739276
1316655810
335595246
772522039638908930
801808342125514752
2993303818
81229368
2263675613
1224013488
394241598
738095532166553604
119742732
353492673
715525255972917249
1142540912
725353317535211520
1339960975
773161248099803137
4069173009
732773769824047104
115139827
4560243317
513450320
165500493
1362170430
921726217
702767612
2276998618
775318412507643904
2301960876
2904847577
355122344
48182327
2400326462
2212226706
36176128
795199918017130496
147654699
932888491
51522357
4074742552
2650759522
2601957063
950513972
236939562
6820052
3457524023
4864664511
1081038630
986714714
589899714
786538326438227968
501808339
2355253204
941772781
496779040
411530100
51372388
91528810
637254997
1095015379
285840456
904244798
252585311
2417805268
315970979
411670414
195063290
475248885
2714596672
791301361128333313
701493349983903745
2665954830
528493399
926398490
326960437
857730480
748799089567862784
2724374409
274554049
2846820109
3346047160
3089012589
326226399
1134720390
1042922816
2792050237
876085555
2227239038
568078380
3239005467
3613181357
448039159
2527690677
2319258554
191383270
1142192286
533073973
4228423811
3229831023
4386339226
490232626
523133624
1346199541
3264497747
3763150757
2741727190
2225431370
1608809730
560046823
271541039
22043779
4416648267
118358954
2155070496
561995743
4076357194
49319803
2317495928
932393936
925569967
2363670784
1234446558
994877034
512170866
173925687
1351222266
2878097184
787069568086867968
514499246
1532077525
1406189706
766471224
478765683
3055754503
359968999
324231882
1357710228
757297363019001856
711908751209537536
2231112056
495869416
554553427
708587318786007040
2374267118
4210429707
2900333043
1283249520
158136785
3405599800
855410450
3136165793
906331746
2385290202
756726681122004992
3402750436
2498064278
790459201717997568
221786478
357374751
749173351999037441
541695689
3183738556
2273277140
703163427947040769
433287204
1374652910
421166716
745595735966613504
337333658
2892315400
26504043
602802570
469645909
2612652422
3043362960
428219212
200235787
460611317
4885620221
405516333
607981040
961048572
780667395002118144
2569703055
822269940
153390934
209228950
1064161034
3392159079
2734112026
123589310
326774832
797374091959406592
634434387
586437384
146799199
425759519
1246208215
751379826024583168
3028306714
63060955
453851050
4063692863
3264794374
1231624994
786215749035720704
837370934
710440429
472893871
431084648
491318883
700817890497310720
777653605
15712835
3553383737
3317129771
242490259
771813207853916161
586429781
768834311206346760
242399306
2847486503
1868341807
2744277820
3020578613
3330461728
238578479
899952481
484283827
3613300157
418106267
244654932
1225509780
2419860820
239779690
773378492
3842035588
3534312448
727039199883481088
1088498461
594049874
2471273369
3029974462
403629825
29099633
702128508835860480
427456064
16213811
486712575
800126931463073792
2771382189
1178411384
704078981591646208
337555221
802931004700852228
845781758
590833841
574433501
491353254
426903849
1945057555
411406380
583687484
2222816851
254475889
107019869
734163322950582276
372937945
3054088155
404402024
298588711
756834230940893188
508816367
762595238452006912
247204411
706057101
195279027
1011351750
1306691233
2809827694
739778677722992640
1060233126
440247035
729372507392847873
71797055
2202860345
1636129136
3806382809
986666611
182745707
2294163321
455556244
2515144546
4909508512
1189981854
447896469
570925801
2243936725
2169771406
2448279086
348323243
493278355
4203607113
109578008
36182841
587805027
186305968
2870220975
3320655053
3083483560
396727185
257953952
232559332
447381426
43309580
383052987
2238062646
1055346697
105538883
139678228
89651876
876655723
224759311
776430344841101312
1201012040
4011301000
451083998
354138304
2219899278
516778754
1092887894
384236782
114712439
2358353824
788082979335704577
928202780
1010820098
2506822612
419739649
908206586
1009171508
2236456577
3928015222
2964938091
2995507655
728267401
2764299866
387121961
33521233
781136131140222976
4774998749
797805269539520512
1880083801
407685967
1021541239
2521249817
1926516720
16120863
2875322452
2280679352
391620881
3103748006
831768450
349555564
2234822984
79963123
807552572
2789453243
376778181
980614603
4860759339
1680114756
402846288
790269417603162118
96355894
2898802661
703711187456937984
2433727925
2418350499
18616891
99311786
523200808
1074741745
4284476963
1283518398
360001375
2257832343
550987681
407629213
14273179
3360851079
2795660401
445473517
932376896
1475312670
4048644567
623602877
3065729321
744524292050788352
976598371
784477672944635904
985140906
440691898
3126770075
3345485428
1015392134
1013535530
1364516803
566489601
1082718704
1037651766
1174274426
180317088
728807104790794240
98732981
144199196
777600540444389376
1154788808
3310422237
2462444372
283636579
418758587
858003427
2807370949
515681310
2291700139
499888275
332223277
392546739
781046072865087488
1176618985
4829916737
2780202521
906647966
4824901653
155175769
471328170
1032520350
784331797496631296
619084943
63403202
562947998
2987686264
306064701
408738224
1168596805
735107028
558831374
392589825
979960242
4186758514
2199539758
759428777793429505
2759114062
2905078605
151241578
371749840
1051114320
2460104746
3833101347
409444860
627128494
790650964004970496
4092809355
736896977749839872
2207285738
189880084
3381526636
411001193
1251326239
3131316279
16867526
597944505
985298582
1566301262
769543337527345152
2582158936
988846506
742469305976098817
1216009520
4868432043
3291493733
151639390
2356846439
865163786
129124707
504900046
3053723635
430673327
1008958405
48768732
38573759
781749446908477440
397902445
1023906182
2330689508
2825510190
2427493826
754269659998855168
497249239
993553692
147543162
3201479849
3027478686
434309073
764201799217717248
82653082
724646324772155392
80040362
418772810
4472938067
229821777
1034285594
255955670
724835013959815168
1498271646
2379204922
518934318
3115905790
3971921128
292972975
1171488392
3421011273
2755001196
508680506
909082868
3388648768
102485345
3020323600
251094642
443647219
1898454535
81318149
251663248
3418726954
1003031718
1514342701
761203827806789632
108298869
604249475
799300362930974721
868671120
2355147860
2807459157
785089989692493824
541659611
44487069
3915475522
1286298164
712713408806842368
4182142288
2479620311
477540924
1219888831
340778097
1219977643
130491008
32406847
943120548
583920508
75155781
2549528592
421319924
724648551561728000
798743088206319616
434505068
481929883
53082105
367090986
1387662265
2517301839
361748780
68927547
2282008813
727938981120323585
405817197
110654085
718386886172110848
3439290718
1367363988
512049031
131768380
3022681938
4702970784
417101186
38846888
225718519
1065387764
224940210
2638919492
18100097
430033435
3590525597
2164429638
2386642032
593136453
2361360169
52330988
3050191671
1158164456
2865546393
2729953324
3318635481
153086571
28820399
4824798082
230518730
411525579
455673855
630783289
354125985
436499309
454699877
4212866417
4164038717
3402412755
575127542
1397232085
365065358
313196161
302244679
2548045884
3535552281
455999497
761218843482157058
71361061
3034201259
712695926
1650257054
1434038420
481287765
1385164772
725059657295912962
331781734
432661736
762727876286410752
566142199
51271311
585968039
3389194037
994626132
2340110677
1342378488
406469071
1880747821
3201907600
89992240
283932101
1292021606
497384675
154587914
416165363
225105585
795271477901791232
54187793
716326404707713024
435136836
704317090749161473
2315044228
804080566949859328
537263615
4883535952
2389687188
2447574735
2970014416
2496237324
123235814
1896618822
2527780688
430060194
159551952
362168367
782907556159221760
34257738
2942625706
3058851983
280175586
195005069
1379254362
2804233346
2358348371
2243490855
527576859
496159385
416422287
797197311201972229
429628157
404756677
290093767
1173010872
1265196404
1479710359
1064367553
151482583
1368152558
417111368
1522338079
343382353
477548046
329830899
487711174
389554045
424907920
2739348212
786135013729402880
1296801535
2394225674
2341083257
65690709
19643514
2359496138
828570210
783406451092033536
1037335069
541527026
1722370458
2577315657
1031528454
1627031726
868645789
794906422320447488
103152299
592688115
978769022
4081240757
367170609
20271943
385304137
721338196639014912
3082158451
1128760278
759147924374728704
3122280521
486663050
1327241030
2463100707
462336529
215549448
729704804868599810
25105210
783741519564005376
2867114314
2233436648
1479702782
2277784675
396697870
750670310
48971201
1847905999
224226820
1627351170
313331114
297866031
2781366593
737762849565626368
96327061
1701151104
443458193
154638502
104239528
415706033
1088677627
545284832
2296153657
3299837380
708755015868006402
1070288839
2644998883
2351775654
3300230453
725665489628856320
102031293
411841520
548616993
1068648510
3096956789
1059528432
737715899554226176
337767301
1867361222
250064801
2679507545
74157617
734800573023850496
2358680459
482915224
783366855952064516
2575324780
394780039
309750549
4851423724
600865001
346676055
2356163072
780503676666413056
491322691
22009205
1504034676
802059051064561664
2966503372
581697530
18618749
4858753947
330574100
300083934
3386078415
88014506
717452216840429569
3673796295
2964119115
434387464
1000374344
409352382
107775064
1606480278
2249959502
634301484
3331059982
904438754
193786720
14900051
2356265088
1951613647
783599386785972224
2367326215
161450764
798643617602695168
283107590
278422359
522228631
3085062651
529431381
288339892
716591970106417152
716911634871160832
795360958340362241
474724931
2969670790
271468279
4481864242
29556279
851233315
322037405
2365219877
521798851
1655302813
778567251528122368
2940410703
3242084475
971780588
14460264
1162603992
1035460693
2694982606
2170637596
799754734315782144
1028662526
3095233408
734482973790212099
2603850468
982628515
726166828028989441
3388720763
408021280
361341817
790626445278212096
3377613693
747064355682910208
520263936
1038941972
564584652
1583613260
46626285
381369966
149510682
704330777190907905
433597260
7426572
2845429815
744828787137839104
161627357
966157914
2927049323
9940892
836271002
842063576
96350254
3424495275
786568292
746425402957135872
607112247
1443706704
245924561
1194951343
416970995
481457729
747451360715616257
2164878096
2751139073
799003630758219779
2338003979
497949362
22616757
416290762
73341052
713803328
195057236
592489826
788794627042205696
1360367094
1326332772
255107842
2885125256
733383127381487617
1409866195
606556971
192580291
796340446221963264
608125539
723094218734862336
2954907201
3042356055
2848456047
1020431113
2508295280
22743702
3142790127
1036813327
2154291479
197056224
474688731
1221983672
717393342686961664
51032068
2420586324
775126274960416768
1731978230
776255018181722112
138825055
574017966
377680158
2553584834
1166877775
801164245090058241
2331847077
733330743800258560
2800729570
526896427
238990492
3030182237
532253531
1419854173
551331260
1398174300
783307585206222848
356898366
2197080899
485546674
96746296
407202862
137695496
1472353806
786778001790959616
2932258043
552851153
1978729974
3503051356
176541363
594644465
448066474
1283872520
942307356
32758692
425039950
376130704
228321602
205276406
421956560
785397318
250880308
68695059
428897370
441253433
3228211917
97962621
3026614547
870647947
2812859778
893322829
1599296083
2366924144
39273093
487521897
746354834329182209
486456375
2909313208
3041231505
39975495
217481916
2819557083
398611235
862812493
2355256140
3244161467
500034455
217374235
591884349
465771339
535496510
262539190
237816428
989322810
387745397
2742019060
67107066
423733162
499633425
459446024
790836272478711808
455500859
1367973715
777565323344113664
760382732602048512
418649567
2360335217
2958660693
613878603
401208512
1126411814
2995908064
730485660570812417
518892155
789216204590309376
712363182761877505
1472956555
553445128
2407084437
776767134844219392
2378868702
1545029150
2202172361
107488386
1071492246
303883951
3298985147
470030560
353160476
910243676
4227017272
1899976812
2346832778
889235600
428433185
779077333
731131129336627200
2230346403
3357308483
1079226488
2268685606
51727698
33249393
2864655706
2201369448
827499890
72653116
2351925668
701650211391848450
19488600
274014643
2364035605
618244710
789786960470614017
3935935456
1331128747
389395835
299020216
264333523
2647295110
2294843719
2438762476
1209547698
730702691425456128
341954217
589911268
440382143
1274289852
245960120
747288606608240644
487564934
314843317
1166637379
615532397
217611528
772736079925510145
4274769735
204479365
790275258
712430129763512325
55619032
2340842151
306134369
250285557
2347290581
3053773990
444914964
115125066
1189770253
2482305961
1860435552
2754191277
999278988
1208620304
1216152762
55360087
3360251476
220724497
411323343
104135821
3032760082
2236761742
527624443
1860109214
1016320381
885303356
1353760267
534655010
3543518537
68735558
800318031398244352
748870907456786432
714736755816185856
391450948
2876249524
1048503306
730714544
355060090
4188671596
791713072549335040
384192964
557803659
436870309
349554491
701647912686764032
4652479816
328513958
597758871
3091346249
256835865
532545883
519731238
2748801657
429063865
745228268
460959521
2973738196
493239048
557642784
955821968
2455570740
96089113
550265670
800808214283448320
436124417
419131342
1359735968
801459575153184769
391937038
1372167474
408374858
118183154
38314752
2604042187
489421781
2845678707
2494551224
742000041305505792
2171004471
489551817
2951349335
4188604709
4249591816
2378922296
464835038
763718509805305856
2546075732
421723841
2412665353
411775601
1446761334
734311008672612352
4197239783
92609877
573986602
772030120097935360
79385667
4227664641
2320321929
1226056380
50236559
249723261
1099126754
1365340050
49303706
694638444807610368
1461433142
829177532
344954159
1536207708
3350423657
4599183023
118714798
704615029572825088
416975680
727069597833289728
445332184
2464482982
2154746892
4081934681
418028983
390374002
1162367792
706067859550695426
73855053
547050389
305224209
413352483
250569060
4914013611
260876844
2218411411
440716175
762326924
116190223
3568595656
3350553779
799543436768641026
797449817148575744
433416785
698226027756126210
722919613
1082984088
3338622107
383783096
3793353617
545193639
252161195
3022844337
325165914
609145539
201654791
263059517
3291727493
454058027
1919237072
104485125
464792665
472047884
542542254
2214537264
754269921949937665
704431464524423168
985080900
15191260
788291127384367105
524224872
2160946687
3152402907
3610344497
295781571
560533845
269855245
490373717
80871910
2528983773
489721603
136982977
789150741650747392
351756292
335970126
846045162
1223037354
4868655040
3632667623
2331609421
743477715790077952
120206776
3001670111
3145265249
3758739195
1315150957
2236180256
2210612407
1380510872
1062583370
2559438244
77863297
2401743697
3035652573
2978044079
2996368373
245372363
396151080
192268572
2892216196
2892534323
4147056975
1044156366
272941891
630063443
1049009424
3322620622
3368018859
101456289
4525011809
1644683106
521564908
719542156126498816
427357728
321463844
481095617
558053080
3813276377
780100421536849920
340128358
3316777688
2751680561
134522688
493833883
398739728
1286206279
4187567045
739885032983154692
4874754473
957962750
740277257424523264
726721856749842436
2504004971
2467466788
979266637
2196817251
490725675
391246325
894920761
1092670394
493854798
391661638
374392352
876454694
403444000
506586076
488356774
595317798
776315743520583680
363158162
2333790099
785812924350726144
2948903153
3812572893
141529750
794219562975760384
168796358
986828390
2965770017
804759689707847680
2242442758
1348851210
63431013
2319505332
4414252179
725592726025154562
1283058698
4089097761
118488399
2845221227
1602815845
4359734896
2866061393
4860266019
562730933
341729250
1344701089
22036033
1036494895
420264131
149097320
4089359207
159012643
1534748126
2315669589
608063632
438243458
3256271740
786280190129283073
48981619
407891527
460226131
1517691259
2319777925
467353699
794889137845366784
1372573350
206831627
301913724
722005653779324929
420905398
763784342
602574015
440737015
3985072012
783020674952626176
103272004
2482335605
3136144581
1241555917
278273822
2318526504
1409736301
96580657
1192856120
408354431
531259552
749166528898228224
139682642
386222471
420194671
106699882
461180122
4007851
791302394864959488
429235317
557076383
404335163
1657435081
269425726
731840430774599681
83354169
316684906
776116078124687360
2275495767
2527227066
786241444193468416
2354777003
400630735
3387034282
602182097
482809660
784717763587739648
14942247
1040332778
752800121138581504
715543732217626624
296475664
1346566790
1015929313
2606637891
485841317
3117151365
1039838694
1636428810
846987439
538529568
752010888
790567158489153536
1715430884
3241670374
424084271
250774432
484106374
77554140
995457626
1245505458
2180831464
475887245
3291626026
77889072
2431061097
29173778
1124867449
2345467323
2462621524
805375471
294652639
4783916222
2780350163
941567396
2342856875
499197851
1324201430
1021660854
242392452
2825937448
2895666573
67863892
204456385
765223385320263680
724560206152216583
754226905864400896
1040176664
368935338
741592495155478528
1499347417
397314888
917041897
2386496800
717894055405961216
4633772304
1260385676
1430162268
1339993381
2534314678
2917451476
797138365162389504
778206259145244672
1420698048
3047652054
503351518
929956693
1874790332
1385223960
39592910
2891108139
3569863816
3169603576
313514631
2464999802
256143387
317209595
796980229768093696
1425576013
252039915
418221631
391291922
1071185384
17565436
790948562
434150529
1039429350
500602731
3121230182
264300089
2394684582
4876302513
706545045449678848
3300735423
3165299303
317680130
367692964
2480246000
784072358923558912
1566803234
736205254560231424
480453928
3349890172
577098234
436101698
1025143716
130822947
729333970261946368
1460362758
831665582
4743531021
37434853
2872330055
4195440875
3471435689
2190019526
2962475685
416439103
1635753799
4136435007
2778061603
429847277
302259113
3099485283
425117279
584857010
141955179
594855576
464127310
147371974
64144248
2256723448
2300311050
203422688
400904268
785128857070428160
59564555
1270735285
485521993
713449513088888833
1926324451
238501588
406443794
303298353
3233822843
970705082
102672182
402890008
2206299803
1639783585
865157341
915386305
780621571
417216609
3081612340
3399351406
466895759
1474185410
253175429
34607171
1586159210
157611373
876541483
53139843
1522918213
2798863589
734725512950603776
768815150837145600
714382420
411490873
3011800271
409821771
447258483
724438831
2238224184
464067391
420445452
264449340
710033402074959872
258382452
304329439
288204711
1104311228
281966090
4833575914
478007140
4415743515
802503264080199680
795312936906555392
503366650
492916204
2854387281
1422648553
3031025781
92807485
700592900544053248
396467245
2899554531
706768881625513984
4902671039
2930991531
180480028
488765562
581184148
1130420497
3345309321
617683
514592290
365463230
1295447916
51006810
748139485335011328
4880423020
4702133172
3289084404
3081364798
1101963793
4141927199
284706444
39976483
802176344515866624
428880267
541112195
926301210
4488729981
1461815022
725759263025577985
97526668
1857295158
470003688
2214804177
43503218
315428267
3076910169
2763984905
620248001
549566404
3030465038
1115449826
4129718181
524616182
22901191
2568929007
238604711
77207264
1190659814
432211151
2150407082
30624424
2990123956
2914303918
899887304
22752409
189853406
329051107
796759446370271232
500592044
435173619
380405533
253595597
344159343
2510576799
2728896824
2401536942
2207932479
171849165
329920477
1043140386
1412500075
1204999254
709427870419062784
3001638185
54314372
1037498628
2365532641
1068728030
4914915772
2308162216
1351574334
2744135452
409462574
4902342166
426064773
3435243441
1394582718
470625015
834021516
2625335697
3347934334
483304367
1598347068
2361214418
1129269444
3342531046
1371655940
504658270
895313262
2375736855
609063074
209786311
730492350133317633
2396793506
1109887628
3527260401
758329839573172224
980577650
2464828514
547883408
782482968581378049
463118989
1858960344
585883841
254683319
759717599328411648
3367479099
987172572
703580095693385728
717446834134859776
1489965936
800650112
2190915769
198683785
3064945486
1544336527
1232067242
804788082398609408
3217218965
331483630
2999484970
987564762
140772582
2997976379
2958925781
1063034107
431649074
2822310640
1120206308
1127862950
4353321141
1648199708
261542509
794957025994215424
1090249998
720266765650014208
323737885
52065503
486478353
2415685429
2902922074
713852625867960320
1092846918
988373714
2282354028
1222000628
256469568
483199277
73193003
454209425
1513695745
261233190
351750061
738311035
312615662
108024320
2536995346
2731197053
802561370445217792
726031112632471552
626636550
435213350
3168904809
65922786
3230561559
23547999
601660948
2365306980
53634013
230849160
337155946
143440934
353811477
787800174328414208
3155718400
378489692
1261559155
383392161
125851628
558651454
1699665619
3050619279
2560462612
131870202
2385752304
3688803513
2921940052
711909518121312256
874365966
4264298260
754232386259476481
2940755837
255752744
1151876744
2527788012
1037938944
418210914
2366872745
1452474535
1156714753
392117332
448826586
925874496
721143737770971136
3862086448
2361394675
729626196577759232
794961451194712064
294535863
3230539624
14828588
1101913508
701059824520396800
526606808
298123237
2601961486
250316913
1368793633
2282469222
372178559
96563143
6443392
2758638762
