421974447
2557719974
999575790
762284905145438210
3182081069
2340131659
410264989
82578103
2511415512
402174719
498645635
1474213489
179059785
3094969685
288764479
396841926
65335565
1624989181
497798126
2175102489
411723377
3904145790
1630204784
932376896
2974517662
422340734
2313554308
2198515964
703708224168599552
39239835
53306660
859494601
989463211
2261595209
730389738323099649
472966889
725797268536852480
1026285708
950313325
2734369037
1860935300
467808427
1143153842
1313991374
1247360977
602216944
744524292050788352
360518583
96659291
2872007299
440691898
849022136
4824031401
764525968623071236
773200264635490304
504355470
74707629
3356485570
1036930460
4046146715
1223079336
499128183
3200053252
1591945410
83684008
192258181
1037651766
1174274426
1894270790
180317088
728807104790794240
2231871937
1573078681
3898934153
3310422237
1307016348
701425649169338368
2336431904
461297042
58440383
292417838
1734368941
452010658
858003427
566179919
3054098656
771387619360043008
189229826
794538327085084672
931280858
527752168
86311986
304945509
4866039789
376691595
411708151
1322376432
945407058
50346361
411196574
133461180
1583259805
489353341
4824901653
471328170
325127006
3115484254
745231964488237056
797416558951800832
2236793966
2320420238
2170742693
63732939
34676096
2744358657
3426670696
4069821075
2230070580
2987686264
782360828
1008565081
76383375
802990670159970304
771696450484994048
3134594627
3310355760
2403776046
1562752760
85136516
1368863274
425234585
2265249203
3317075583
765965375792148480
3155682418
31922220
22018055
1065254220
290723075
2182009663
2458355676
134046168
1012066934
585455321
1946899837
2149606038
256982601
2927551738
4186758514
2754292189
48090650
2905078605
4924035922
350226442
1934445032
104275102
1051114320
1481011574
3833101347
600638391
484127871
409444860
4010873177
473848168
254803562
513144334
736896977749839872
3998283268
710162008180662272
191488665
956969354
2353752559
605614784
796334964342194178
766676178556125184
4154714363
219283583
3408879825
739042129230614528
54589319
789567191708565505
211721790
418169027
139765259
1492549380
1106034919
2376999356
3065332473
561482122
325473654
2648038336
599940695
463969453
791309619478032384
475134082
3988102589
584826275
329562118
1053176233
171018891
746316843607015424
788049329403506688
3031943085
171905235
242339687
1449247608
3188172256
743608392883769349
394611552
521337019
478835343
540066448
343239720
1709866242
582622919
60585080
422468997
288094317
715593055789826048
2533217510
799004893658959875
156340908
1008958405
589286587
381575136
2902692352
2427493826
4705505042
852687006
860222119
602903174
754269659998855168
776553725603307524
438360919
906349453
541748806
379262450
2151237468
2569072195
1555488049
3290984981
4627513637
1295326790
764201799217717248
3393519423
1037624108
443181203
404979028
769498283756642304
264774390
948505447
2242128824
999469686
2377444536
788032666599886848
889666248
2847348915
804991669972176896
2363886035
416618561
636139110
4905419657
745916794100125696
1517788118
2984621871
772074670208221184
3239016405
195398823
726417519964213248
2191020414
1495539583
516552856
568860199
1139871650
712111069
81318149
766664451223330816
1143922956
1328976937
868671120
3313351684
2149665647
803945815546925056
408059944
94397549
4182142288
31093722
2479620311
1145616823
340778097
44160875
310845038
3028809503
3868874836
364189418
453165039
801841062763491328
96383439
456756618
398291306
1205594306
2549528592
2376928902
798743088206319616
2215701370
724648551561728000
405658492
125070146
2970456022
851734538
1283446118
760572539278090241
39594048
1065146798
424388863
1073285989
254969508
2517301839
796033080335224832
718472766811455488
2282008813
265385204
3439290718
718386886172110848
1337596044
2189342688
793787252040142848
800724388068749313
499227001
4911191667
396143318
3063738106
1429014151
2717738283
224940210
118202238
3319758209
740672271619084288
575654596
492688472
3342581884
572125780
805061228125192192
157529661
3360210892
95106953
2212485620
2410447644
1050697136
495466998
380232689
944665938
404063825
413786539
1414076593
2361360169
2525782668
974726732
3056392801
708429391
1717274785
426555682
976455469
1857148146
1158164456
2865546393
27992407
867633500
721604843861880832
1558834609
3719207249
1707854503
4833429358
354125985
1100783203
61046134
451353863
3124240699
550061396
744263355536392192
1397232085
255047902
303810430
407296758
707184555887861760
1204749252
3346732175
159528333
2319542538
115887435
2548045884
715828512
479942012
1042524565
2651374166
1642789244
2332571271
3336455937
2371530239
2163574795
581185063
1434038420
1734072200
553445487
2257121711
2435959670
2500017885
4150539809
2298394045
504329686
468806146
1216455108
337185218
1041926774
585968039
1179962942
506113159
3243183527
406877049
731863278062829569
369728921
319095713
1098845929
4688664552
406469071
516802751
946249914
1229273522
186369811
1880747821
4305700001
1241472956
914574283
47733738
1292021606
800750620818800640
416165363
165348110
1111625298
722122786936856576
3288265978
379169704
244995106
2881788614
54187793
251554105
463938365
731252371226042369
2981162500
138364373
1162245110
86519478
706097800040357889
1308083862
697888828955168768
2447574735
2318032643
2367306607
796246539668692993
253224028
2544957299
859521930
356404890
2252065378
53027331
2198055140
128870883
2358348371
792789788143325184
763694739854090240
766066296618414081
470384931
797197311201972229
76615199
431901295
402637348
3056592447
101445331
2445102772
2931182735
717319878542245888
419181815
361403479
991727834
477548046
859927674
584022845
705813420973621248
2970015723
726834822052761601
1425132966
1256994919
1296801535
438849246
210820445
48317081
708307651269148673
2331085157
2236674193
1339529246
37507247
38398195
789419320984166401
2408803254
1145390935
1244857718
200146354
112769437
323889720
59200159
782622314261196800
754296809883832320
777453230318059521
416310352
915969295
721338196639014912
332921113
1037936886
1111297184
111629254
3122280521
4501774163
515332055
197355796
2354558477
1025169505
229804443
2745045699
258760456
861799729
2363490707
2791075913
3041446144
494243167
484257494
2346899992
462861866
1859667852
480612566
2410911599
202220952
37907656
134206590
515350705
889444711
1479702782
354284014
782521290
3425678355
33513756
1469198210
750670310
1229121186
221531806
429700379
3201052948
788063079418499072
1320668719
1228391671
377992089
1088677627
1704116298
2296153657
2837446354
1114715887
3299563144
1317745008
891432866
3300230453
1278423985
2303222014
2869496771
1341462944
470257543
1277394462
548616993
432451617
434253661
556818121
805042719252942848
1304597005
815415421
932478324
787432374237822977
2240116653
3900401302
4857416872
1259100200
418918882
401449031
2460461574
939421976
1932186163
397064533
1460088601
728905817194418176
485926036
3307547255
1246974960
801158279690907649
356378416
2501808527
376765802
2197175103
112810232
488587270
442225392
2277815894
61435918
4379409015
1379900528
1911991346
723203630917136384
600136789
29059869
813055092
746008230757867520
1076496552
84300444
133661112
801845830483382272
2995540995
3068312621
2964119115
724627244879065088
718873030676582400
581285865
434387464
250140879
2774661425
93822447
130510445
4414946656
704734346800930816
431663224
3340971070
2730593590
836504312
23460272
2469092594
799220357303562240
1106167964
192165373
521450521
930537542
321440072
711833597980835840
965105874
1044932990
2167116718
278422359
1891583048
4069758477
551908573
2353092296
1415199168
2575440461
803658403503570944
749137898
2417474756
3034643483
4914382227
437290507
627669651
1876743998
2971568187
792757569139924994
20432064
2386835695
519217736
2833760769
770987858278674432
10382002
4555750349
619162465
1699586232
746826249222430720
2940410703
786217307622240256
786893011191996416
793123877387927552
448338914
1320936355
1712830392
451425647
799754734315782144
2258689712
700841898
4713876442
4928491697
3855307522
722313522437300224
732317340092780545
4516116863
1449073304
3448617916
3377613693
406366657
2772829228
96319859
1190578578
3084719191
2942209786
2953240439
389076701
490733693
836271002
582087196
3129412768
1221995204
842063576
544700808
1035803582
787449824777994240
4850195242
1443706704
1075391245
851318875
3945154067
418809718
2338003979
434752212
462427721
2283780786
58719148
256213996
22075599
416290762
714417878
4204326923
804433043700076545
340972113
4839141616
479804548
1065306211
1127733265
538358467
1058355732
800613462741110786
1314231894
747147930742755328
103235958
236565724
2261320772
431089246
776867281880178688
4866822466
2223036664
152673484
574185238
760806683564240896
765113425882218497
484589440
1146147427
1291656504
586487449
926031224
3136185147
4869095007
2754543846
8356242
1161191406
380449282
4321227377
2508295280
1377320102
919333159
3068039679
3458373497
1229387604
4924190242
2400560849
9055772
2419772543
395970571
1166058295
11534652
2483784853
488894721
883065655
2222783701
607333435
2394836599
3119071163
1165845739
1166877775
2487377913
2501851306
104492086
133998087
733330743800258560
764195579081752576
2800729570
756883418
2452296161
10939652
3297456253
4174063036
535562023
3290952204
789589519
2412144013
416607721
3049277276
387198659
706567951428808704
1398174300
233546601
2530670296
3019629387
714509054215905280
2810679525
710609693
2328728342
1672302936
25477483
1978729974
401161443
4280485636
410764821
1079446351
726150285870157824
3334600017
4910051933
448343412
2342306520
1384962734
171942005
419552991
701456941894266884
2166381300
593237139
3299490593
507652780
933078536
417920790
1596031291
4806536835
711250614995558400
1853857640
2501994231
1474855951
115523877
3026614547
761997788662169605
268994593
2812859778
2174691850
515625469
3227318753
2608779441
2956811146
759853330692616193
2949317921
510923375
477757835
3014148579
3297346753
528946243
725882047
3435973289
458458943
4881267029
1898384390
1464788840
1024976264
84018589
1646281124
1254324948
1579008720
1429916701
2217674274
236138836
771773707085832192
626381356
773827612800147457
2543316675
1324830925
1034897761
2467497190
348137712
2904229025
2482482240
471428838
1050994172
423610783
4925341691
519495055
360779424
3387294747
801700087525216256
270050737
154082631
801009522798161920
2211353832
1044579342
367114874
247722432
728188723075158016
712157952430448640
447352763
418639778
4181995061
196560266
455266241
385980814
2883830458
14340947
791339969667293186
2160492571
796749199983394816
710743506520829953
735788453737041921
2281936099
2979805078
405384428
1076294167
1117576526
434379062
804368763781021696
2436424545
3432995584
1200882961
4834916637
152336863
1121815128
450654477
3295401159
2374304431
318988340
2840588789
2532257517
539203633
777855788882812928
955314738
1642833512
4133259777
2787493962
766644219930873860
2298886449
711433591083941888
113362743
2216179636
2470692079
214823847
1556491195
2375216695
251509876
305255857
2425442529
4902492328
1420759189
197793098
142807042
536600780
44856884
29421881
75030804
498067576
2415872238
73717605
558032072
3357308483
519746098
1079226488
2799326845
2435906219
3434577971
818183167
347500628
2673334859
1594109935
417690170
47368925
274014643
407675976
1385372534
96297956
4180762211
773980492031004672
2987364213
2262991946
469483334
215735286
3930529876
2918273481
2597062222
13899542
706086896275955712
342663113
1261316370
759511811964231684
227632733
800125454
3007835170
730702691425456128
374385397
417218607
2417471190
776076329519292416
415423066
803169294389510144
76087269
179568411
803115076672700418
753199104
557545233
427575546
3902631803
1354437403
2480323358
1863123950
701058764850511873
3051404948
153342663
75299581
1182937591
1203189763
144040138
953542285
72522293
874131660
441227606
222411571
477543705
954041064
3042269272
55038103
2201641540
916522718
815758254
999278988
351555225
2306340504
1077740636
422229625
2337395271
483384295
1315046245
97984412
487921167
2805383652
1552786279
942010068
797136508293627904
1140378518
1201691502
473021625
411323343
104135821
406415143
3297601040
426060124
473297998
744169435955625984
101180862
2496989087
556650372
426774983
398058716
161740961
4578456569
476835728
534655010
1120118342
976243140
13294452
748870907456786432
1538261798
2355023489
405792460
1079603407
481409710
418531608
400919857
705631911473864710
4924594492
4188671596
363616701
318488169
2868772072
2733882387
3099675839
4112673143
1427710298
2733451977
3023835220
798164626844319747
1594040222
745228268
2246257107
754423644764381184
760930917204590592
57358236
910807754
782271812084326401
982401096
715979798275821568
562081610
487431063
832669237
1622970242
4436365575
135862050
730795311849975808
436124417
788752905985781760
45420793
196508522
997500716
1202375064
720345343133630464
535455778
1176499273
2535752901
119006593
52335591
272467769
58636171
4188604709
470242115
4340888903
1272928376
402287600
2706574363
2418921020
96340114
778321813
456762671
421723841
4284240269
2233203519
778753237721706496
26982622
113643008
473838165
763658919042551808
2181825023
294756310
984929054
222157419
3024921597
1040112655
4655248997
791755612979888128
769478656498466820
50590345
417260423
401258888
3025669096
492928982
787567284
954347947
2948698869
803617893464215556
523331583
2220186288
751124618832994306
751912807
788070635356422145
1933657962
1048144170
694638444807610368
319578825
2541601227
2276303197
431658112
779388069921292288
742656572086747136
3350423657
4440761727
247289076
104450083
3094278383
2345773460
39028896
2652874504
516918398
779049756
763745686982692864
1249365224
2149345188
795707563190976512
1615551482
456894487
2194791385
992998202
608541872
738345206056128512
501874833
2562814182
706067859550695426
319592759
1418916492
797171468002033664
1291622634
503366546
734083116919365632
3138188655
1749764352
859534544
401619375
429928689
2517660612
762326924
781405127366303744
1556455656
423531049
2811521884
4611199415
698226027756126210
4039856781
4568818943
728295648
1151527296
2184144110
978937369
3191176588
4866412145
1082984088
3762684742
3338622107
215419540
4909482065
576934973
778304305434595331
1068702612
3793353617
493416891
1372859420
471486462
989192558
743514238493278208
702284183
1089705342
2265311957
10686632
2202015179
731451681855143936
2995754453
433664513
334655254
3293586330
318939574
110876052
303887968
24855530
446937412
256700990
432027097
102099568
852990302
2473872080
794072831906775040
788291127384367105
3151825048
1041871652
414198874
762186331011375104
757949254765834240
3231826833
1623270990
711113439003942913
800763609059966976
433671269
1069206085
254092558
906601957
255603048
210787486
783292222846427136
2977934441
391311521
1261872931
419313596
514377723
506153021
2348566523
764402685617508352
381526818
3823074077
1474536614
4868655040
1223037354
704270968252923904
51757652
405482706
714085984091111424
772962268157968384
1118851009
3758739195
740314382824046597
716259184
2719186852
4910362701
1456631540
731908101750788097
779798718455377920
540078690
774281375402909697
1260171894
1249912915
450982008
8032202
2856925336
408027768
798986980159692800
390161953
462082356
422858171
1053075751
61765111
4726174575
53368287
722440741
2540653035
617201169
500040155
2416492224
805076650866180096
742029008146210816
103290607
711204723110645760
2266409233
446445046
2261924345
3024843525
428521248
598974424
790153268269879305
798531277116862464
134573413
2892216196
1365046711
245372363
806305806
1134804595
107737376
2852952899
272941891
423349502
784105196070854657
3322620622
3395014151
3368018859
2787549467
720515573
797599806319448064
1644683106
3072664510
195374632
846418970
3346629027
470113437
4229498536
447439107
1544093054
4187567045
4866219627
609790313
802320974
1638708829
710864700851032064
2896053209
415088731
740277257424523264
4775882567
1172609270
3176594760
705038728302092288
3239351711
3221712009
54823933
2754433723
81637419
2679377412
3038785617
2945491781
116174976
803867149831995392
781034881073684480
33891215
404236943
363158162
3371417884
230790398
618357689
22031608
410278490
1192998770
439397412
731480135505969152
2983119910
1348851210
4286270548
3150260316
1039731007
631458447
2845221227
2674941708
138772797
318549168
536720414
2831366043
3588475175
2363253090
73971750
58211648
426053339
4755350878
704779333307650048
2408772318
550370900
3825308554
470180296
117701249
393519608
4089359207
303739576
762435750029688832
557520229
774283739027369984
3860196976
2161584582
345918295
2318283220
3346552000
483846892
2889852755
431987028
440737015
3216517384
2943393603
1246270873
1346676926
2424302604
2898075617
2163607505
2889945755
2354462598
788754158241378305
3207714897
4821193318
1179385580
1082264935
83920877
788838624326520832
590188450
2440218877
3380255259
1019759222
705820717556834304
483132230
2768212373
1021540020
3332411590
1009243501
452351631
39773427
899672546
719815038807068672
2896345199
2757197728
2203488436
919940846
752800121138581504
1015929313
257499288
2163623162
1110202813
485841317
4736806277
3117151365
582038138
538529568
752010888
777684278
790567158489153536
1038142573
413916151
577169108
95482042
1225904144
158470519
452082534
116290984
250774432
484106374
77554140
83185672
963955711
553374200
860205385
2219331032
2726505142
3972000731
306180757
432688797
1218811038
2888678625
729981130007531520
2180831464
369200086
2774578942
764140480775020544
1017310213
601130017
776306961604284416
842378066
101573147
172790792
2454968384
3224669813
721937520771129344
1427233322
430995535
941567396
1384894520
1324201430
332934650
1318108844
198959588
104491887
333410580
3207310307
1558587134
110190828
2625445767
3314962654
716196822453198848
21929177
396756630
1086972710
717894055405961216
708425080645279745
22129679
202946046
1260385676
1430162268
704259717833613313
796237284
546791475
3307303701
2816638404
111327481
394861796
346734625
393501472
3436645745
467473645
216073612
2920441331
3058454202
219361447
181907487
962612156
3319178885
515650307
1385223960
799874546862014465
332522093
3022012884
389642629
3031672891
89212874
752117556077473792
3169603576
782126365315371008
2448071614
2835748534
413217587
1425576013
3092389516
2317777141
2965035839
432329081
3230165817
69218842
2768667015
773929798192300032
2603427143
2170606681
458347992
1086493584
6827962
3251331238
3297278041
436833006
4918665993
1469353392
1471608194
775421050054139906
3238930005
487824356
422586035
4197183543
335595246
2435083828
2993303818
2147605620
2264827413
1244867058
435152397
1885749720
3166382357
483132641
410972234
719601133019336706
2310308158
2523568577
119742732
402997564
1083273792
500096474
4743531021
2180547666
4069173009
732773769824047104
492031787
1054906759
2480041390
4195440875
2190019526
2962475685
2152381152
1254101773
768783082736455680
300362067
4297575155
2178861689
1318605636
612741838
1444738142
2301960876
805110136180183041
408039228
183287158
2179686791
1353602473
407898601
208515764
424153335
471250754
1931211852
2171028731
1056109082
126049704
31854945
51522357
4074742552
4220059354
788368573471293445
2361772625
4459087695
1392155702
464127310
1047497299
488706755
324568388
2300311050
1644456139
1964443686
2320844457
3069843927
2752389489
793787716727140353
59564555
383254576
697799370297774080
363542054
94788246
849274159
1270735285
1156641295
941772781
1926324451
700417503944695808
637254997
804354408
3601606947
452869670
1275988495
605720129
303298353
2278958635
904244798
475248885
212630588
1192260607
2380592546
1069414741
104919938
522208816
317975293
727885202
184018328
3091275909
1438986181
738086816226676736
1320360776
431862853
704666616
2866417823
804413111612612608
1586159210
855180290
767040529100079104
871666933
947730906
2792050237
88215646
1316738234
742013658268598273
219540465
912336356
51285035
428118967
2437403087
2161865404
236843404
714382420
930194618
1067863765
354747398
2186181725
243213767
2225431370
3345796306
2155070496
1104732752
33226107
4773966268
706171154092924928
2467758148
2501199751
49319803
4845999597
15167463
4768044183
549935132
366684418
4813403428
266778712
307536134
272940016
4833575914
113075421
561310353
797135342474248192
9437162
68668560
2429092036
872579222
2238011889
783067495582359552
72331470
472130584
2389029271
194247825
261291536
978514940
4256026096
2526747198
1036983026
253210156
717714341915729921
1729830307
41820644
2571088997
361268657
593817814
1166270324
1105753646
1357710228
2906264861
743075984350543873
222170521
2951279819
736882892505251841
1084044583
465960856
1130420497
219995423
313517712
3306600977
804733905685413888
2625302733
415820835
797123652487696384
748139485335011328
96696594
232231711
2921447206
236794333
2529236481
278425671
784265755508420608
802176344515866624
525200575
516542964
366025992
1251322195
541112195
768556411622129664
783740138660700160
906224444
4063913308
1300968402
1374652910
1205482028
984744980
395216654
976952114
26504043
2612652422
602802570
3043362960
257709473
945141198
1480630934
434442622
745015821605412864
460611317
4885620221
220603109
18114610
822492199
3021582753
89286782
3074122662
4860349336
209228950
2279399816
595306303
770500091773845504
774695874630909952
400798557
602111192
1316630180
797374091959406592
738690837027131393
796759446370271232
529745696
2363684405
472989062
885661050
3640747095
509994762
4889054428
1334549226
414926221
491318883
2351678732
1412500075
995021599
257064557
519619381
2400871240
702206768840110081
767028974174277636
3417233499
1562890188
3205922975
500881322
223124652
4859642074
773956774932127744
498846820
2760801606
769560748905394177
1089615589
738311371255906304
334337968
159885894
765647763442896896
289603671
399935480
2744135452
4861365023
309800578
776686108289667072
448732675
397867387
798412789916303361
1394582718
3330461728
3347934334
95630884
490771270
523511246
3177828940
899952481
4624536622
585172516
389104963
1225509780
343925514
746357318959403009
763785605713199105
1062986299
2921663932
1578337921
1036719990
428447147
204883834
702128508835860480
2459351590
4872050638
3198731351
2938313507
2970206104
1109887628
2993021697
899978641
2464828514
30059108
1208311602
463118989
937463430
3000601366
845781758
1121935962
1020342666
709467172
2364355467
759717599328411648
3478841655
2972718455
774184208306573312
41210459
4895702908
2873630517
107537984
1489965936
2292447337
2995932370
2190915769
735011288644980737
2460368721
771042114188742656
34196694
3064945486
709125176122851328
1544336527
6541352
915191390
1598253523
467361179
3202473352
440684594
1170061058
2999484970
910729081
381589283
244053999
544352838
3325539275
2751130101
729301866555805699
1120206308
71797055
773586275903369216
264812792
2982531436
734286883182813188
1636129136
795937245253484544
2966187939
3902252362
1066679460
1318358461
1425809204
360105746
713852625867960320
2717296943
1219462364
2353012439
2436261898
788806147914465280
2962778668
394837520
988373714
3307165198
779959771642331136
1219276627
548335017
454142762
1222000628
3332293899
2415766076
103595040
2414500381
493278355
4203607113
2966480939
1371855410
3320655053
261233190
3083483560
39022638
964460408
169233625
2765940990
2725713106
724477963
500582673
2296057788
802561370445217792
52671886
21331752
144449723
576539396
279423986
362432939
4756502391
461127452
200254805
3342884483
711187023
776146146771304451
1201012040
337155946
1271715740
96551123
2171882609
1100350039
430743919
1638278257
3090685900
2511259762
771434547762368512
2577527823
3784465997
1870961815
2163227033
947879034
4407915867
125851628
407777608
779384713865756673
591144361
2781784450
419739649
27417142
3688803513
711909518121312256
400383332
943572877
953264690
547051962
2437403432
4818891382
2588246800
2853575920
507768657
947367140
4774998749
798914841712979968
272642588
580147561
774133777412923393
276497372
407685967
518949245
796632658575060992
4853784417
2361394675
794961451194712064
1926516720
1364215868
2719761311
3103748006
831768450
285099275
4892218558
25676606
760168608890818564
1101913508
96332109
298123237
3160355981
827245560
2282469222
761237376601563136
372178559
6443392
228863976
363764525
311694861
36030252
