132164537
1100740075
542499947
3369644489
751412274
390151086
910314312
599247299
314839768
516281490
3041069908
555506562
2238237993
48334852
478988094
4376544262
2511415512
463201042
757989565600858112
998109013
427580882
608237283
133246377
1106648863
932376896
422340734
194972957
531296288
1009689127
4048644567
859494601
516432515
1006481257
511735099
2732373033
950313325
705449054248034304
1143153842
4160203479
927409196
366698775
1122590965
714495628018114564
1953930264
778859035122601984
734075227576111104
40131385
440691898
174217550
389970783
4824031401
764525968623071236
802263885755666433
4536320183
743898591597559808
754658882551738368
232534560
2243630040
594511130
974615749
499128183
3200053252
591076649
1070780718
1551619392
813351918
868298592
2814599326
2881438581
4695730892
3310422237
2462444372
1307016348
1267096375
4876953141
3157875893
2575196077
927321409
453385088
701425649169338368
750266696712192000
2150969605
2448341191
3433378229
2873826494
980594448
497021694
1975733520
3911482575
795677947428503552
763314544345219072
4866039789
91573724
573872432
465950531
1256727248
1293004566
566597018
1176618985
3790217597
774956803578818560
3298746532
2264988588
1583259805
443187387
3126510327
461567074
3217393599
3344602462
489275706
462882815
2427311741
958322611
2564205321
287153306
371310263
1219456740
437635996
437807935
188865441
2236793966
81646967
1385256108
2170742693
393550671
416624840
2319687721
180112128
2987686264
810839833
1588323260
985260338
1562752760
85136516
511534517
765965375792148480
775379869215625217
613567201
1065254220
1304878068
735107028
4494073469
55283902
2149606038
1946899837
187725799
4243748615
249685018
3255935603
3082802711
1040920220
798996934744674304
2260378864
1037555461
767772101503836161
3039360208
3312303309
960087626
536244238
1051114320
2460104746
2267194067
879974216
397556913
778559501213560832
4256715496
1018058756
3457594222
513144334
4092809355
736896977749839872
1540681682
509309976
3069933261
716735185409155076
387166314
230319200
714739556747243520
4881271245
3123304071
1238622974
2845934806
794901164559101952
972804156
768726335749513216
202700312
633259530
139765259
1036547636
517635978
122384389
430200691
1489541214
325473654
312572813
2785851725
788049329403506688
2345481387
2767422555
521337019
4445065097
171447577
969973250
1004482429
742030086703026176
1444286834
3816278301
2864655377
552168790
3053723635
806848326
1601235282
288094317
1068754034
1008958405
723840108860977152
20940320
589286587
775039590784729088
801876745976770560
1492509740
1023906182
1185642630
436640636
4705505042
860222119
546275216
602903174
783015635181789187
585916083
2941965455
370206198
1341865640
1012822723
2729520336
147543162
2267806358
762983877849800704
434309073
3000604564
107221623
3290984981
265557557
764201799217717248
2752833515
581881187
1331086867
1142172775
999469686
1406267430
2376425926
2513339808
183594012
2231561825
2889628751
83386342
2877804497
3290121591
586654722
1517788118
3239016405
1326880621
322626110
704718743419658240
4326503175
709291269135187968
804515981976551424
3012368733
199923959
1495539583
1684079311
1671155881
393689013
81318149
360082796
3418726954
164346410
3053146135
712297106036428800
2192271144
4135497845
423578767
2887988230
785089989692493824
805145682063589380
2539747033
803974869415292929
2518901866
716273791
1034927581
89740178
2727428469
4182142288
421203723
495201518
192113061
2744331992
794617750639562753
763044924526825476
1407784639
725233180459044864
310845038
3028809503
69565598
371781632
437533038
475114541
397251469
801841062763491328
1219977643
3155293071
2924683299
2775758153
923347921
2431597606
949741044
767783947220713472
2549528592
851391300
4901364209
481929883
371698564
3871871513
1283446118
430010328
1073285989
254969508
2517301839
458460908
2350811871
486001523
265385204
727938981120323585
368458366
125941209
982037941
218641201
499227001
2294674471
591932616
739907330070962176
3089580527
3063738106
1065387764
745014260087070720
2658993140
1196533130
224940210
751814461690900480
996978686
491057885
1168974246
740672271619084288
234134162
944269080
313199623
3342581884
2410447644
495466998
2706476465
413786539
790099830
501759202
2386642032
1351561135
2361360169
4156848515
1001359057
2737028641
723515103530852352
737028317002539009
1647815504
801821718537007104
264318097
794092015634051073
527503039
976455469
354867767
1857148146
754537377402683392
714792860185403393
945543793
488662317
4824798082
721604843861880832
4133217027
422542943
758670892251672576
801457403808088064
622206916
4900841223
800365267008094208
19018243
3217711420
1269539851
1000188997
2984198033
4164038717
3402412755
305648916
365065358
255047902
707184555887861760
3083996278
790646624267763712
2318230960
98369303
3318636784
1264916744
2319542538
2256825849
792628448552509440
2987441667
779052911024308224
794455102325145600
1071979285
993634406
3053073007
2651374166
3514615637
431779105
434189594
1638143131
2332571271
785405593330802688
4735890017
112158044
378148810
1434038420
761971314781487105
94981476
3031188244
801012209195352064
744731250
793115977634484225
1080423679
2784502136
984769788
478305030
2977102384
369749865
3404321067
173992633
213588883
2340110677
369728921
783200025853751296
4688664552
406469071
2733321629
1070320147
482482938
774874962700238848
1880747821
1339910850
790249160779919361
800750620818800640
497384675
31091958
609872484
579438624
1093512139
749190439933190144
50295560
225105585
740896451333607424
2214232422
716326404707713024
54187793
102688383
2315044228
2948374265
138682662
559513996
804080566949859328
410520003
80200885
93023987
995463295
560509154
802581982035247104
3376006312
541494300
154948590
2527780688
860350934
747892943353188352
3648147982
702574408381153281
859521930
708008057981247488
1164336541
2179652340
745051820238704640
561058451
1447215498
1017039686
1379254362
776003975921401862
793807324469137408
766066296618414081
354003815
797197311201972229
2821372609
56635829
427522940
397968720
2465907259
334872165
3410104307
717319878542245888
3909491067
2853912412
2356372447
1183100450
2948863234
2181953194
605653016
991727834
804413937907208192
1084193910
207070244
438849246
1296801535
831981618
2341083257
3047536495
2787897519
1339529246
38398195
4358642595
168072615
2408803254
225604191
1145390935
2482812285
735062260847136769
200146354
116871279
782622314261196800
110956458
1215628212
1470576733
3036352179
50286652
794906422320447488
1008382820
721338196639014912
2397594482
3226558563
127064486
304598010
545384133
472822594
1007560902
257398221
3243909749
231967652
1025169505
1263818557
229804443
2463100707
2240505794
462336529
1077269276
742397759991480320
1122659574
421406745
2338465050
729704804868599810
2171916782
2791075913
3041446144
753651559003750400
783741519564005376
480612566
284289661
1280566146
406523890
202220952
15491749
354284014
3345161205
750670310
1229121186
198981234
2176737567
2247685331
2846606267
55404019
526765918
2909929737
3007709236
805085216306040832
1231366670
779862494361841664
478092818
1088677627
985076126
722098819110985728
708755015868006402
1311687600
2224962167
2748424515
2821366407
932443237
3621950242
3300230453
724894143688876034
711684801040879616
1286924108
548616993
499672556
351919802
451483593
795555849892691968
802287002
946023379
433694235
1376904187
1375641666
1867361222
397402165
787432374237822977
2885549572
851981688
2207158497
169649919
418918882
503452485
265576861
2277863537
1213722042
2359560644
2700296955
261137184
2322947462
3436590851
220285148
471397261
1394277882
189801758
445050879
3246127000
379790982
309347048
721148434
947272602
170420724
595267886
376765802
553523926
442225392
527445407
2343512623
3387594292
8678952
252628345
26295447
392626820
2903545671
452985926
362609843
888531398
421795843
1620754188
181629711
357508884
802059051064561664
2369854366
1274882076
418508915
3132681590
3568909456
717452216840429569
168513045
3290443968
186399539
358903756
2501546732
1175424128
490790247
802653438555422720
852688609
340847319
995538919
23460272
800969617082552320
325486245
1077627415
120283895
2886244253
193786720
799012196642648065
192886030
123231777
197493967
91853277
4452408435
4069758477
364241357
293739484
939337284
2352298477
420627699
519684211
700733903372492800
499876766
3015335643
507792558
2998053413
3199220876
4372999402
1208853571
1580814079
801101308900048896
1446871488
197937732
2178149111
2833760769
972872618
1272471145
2982334853
134554873
290106499
1699586232
1111225376
975443228
2400285224
3928749496
325739333
408681712
2940410703
398900563
436230438
182087936
775301877512675328
1025012509
497996910
2830900625
1035460693
427209531
3434252595
244233681
2279477919
395972330
799754734315782144
1275308629
1028662526
2610299144
2341326693
2236140732
780375134146355200
574396225
3326012500
408021280
732317340092780545
425296360
3547880116
1038941972
318553195
17948183
1849153957
7426572
1386793261
2845429815
595836650
3065888662
1016215621
589261384
730811617
800826550304313348
732013309877227523
552146418
2767985158
490733693
2966120212
836271002
582087196
2376140579
22757909
1221995204
1085534767
2198193816
3243937305
249862119
538088781
755102530527457280
805141954329800704
3972317955
245924561
3339999905
3945154067
2322998168
2847984473
978557845
124819688
2312169774
714417878
87554909
2537853697
970054074
143128694
637292613
1159825830
2436608759
1505560448
1314231894
800613462741110786
775294620259483648
218067973
733383127381487617
2510503644
374314630
716653596654313474
776867281880178688
802293571693019136
789012950585643008
59240210
574185238
723094218734862336
3042356055
760806683564240896
421332919
765113425882218497
3326878185
3001145196
796321293452898304
124576769
455282304
444063000
4869095007
22188018
2754543846
3387927328
540698983
853516549
2218697421
3172830191
701723329
197056224
706570552031444992
2426934491
829507466
36376600
977274002
3064824634
2460381523
840416504
2359406918
108434084
234748368
715083557581033472
2543699427
2759396308
522567091
585999327
883065655
1071018919
159845118
286756094
717100825026379777
3345399412
3052485436
2501851306
1960868090
1930695714
377429760
775801548794363904
3047493292
458632561
2800729570
4174063036
754037580308606976
2482455051
532253531
2390797348
300798803
535562023
1443830137
2650582614
387198659
756085177709916161
783307585206222848
2823528449
1192897722
726543135136964608
2221404476
1128044090
1058200926
124482859
1230033247
3141830668
726150285870157824
402864796
200091336
1493603834
4910051933
334291518
2311916317
2342306520
454463805
448088280
4160599461
401947052
1372461787
380608235
194619416
428897370
1026948296
4164928408
417920790
1539421987
983131412
2867675799
2999932538
847193449
1715437566
1176516566
1096333074
761997788662169605
2174691850
3227318753
2984362528
3684760575
429974408
3474585855
725882047
157318900
1538486852
427804855
776184950068539392
2970225064
486456375
745025263679963137
458458943
1898384390
1464788840
4061316509
1024976264
398611235
2409273144
1579008720
1429916701
489336103
2217674274
82389388
4657568061
981832592
878544211
2495549258
792308866449047552
1034897761
465771339
19180235
376310225
152639046
471428838
877531850
799219281451958272
262194160
49606723
519495055
2402701895
728056298
801700087525216256
15108909
1070392579
2235047637
79829769
247722432
318635439
418639778
1369005530
609965522
1228485109
3068966572
142393098
219406236
385980814
421347689
753871352453562368
733695386846662657
450555112
2800443747
3152358089
3424436500
2935393875
2306619133
1126411814
735788453737041921
2995908064
254943511
419951447
2281936099
1600625269
1117576526
3318421203
1103032346
428401163
584559931
863020105
2598786017
192244668
1222387176
139086039
723538940502913024
450654477
2465775372
1621386367
1103450372
4813157055
144804860
750732259108487168
777855788882812928
743064037626417152
2180853339
637057911
14394318
766644219930873860
2288157877
930659928
478995914
2207428278
2425442529
2465437060
770348083343396865
2762991057
540994558
271803051
2362414955
428349357
624359831
3050234032
429817276
574615765
4011901702
714432268761169921
558032072
911062003
2416044272
789577810637619200
4888718769
792695516404539392
543703413
1079226488
864457176
411739086
3305939879
41673935
3104344534
3404776456
99645256
544183052
968871944
274014643
2940621262
767250170488688640
751149104236027904
552086712
3299546625
789786960470614017
1043011003
564148431
702134290470072321
389395835
3610537156
2986015264
509317962
110281337
1080249439
1065656172
4248456317
432646643
626288663
3067642931
1015741482
2417471190
81360107
55049219
414993289
135813465
557545233
4193761697
131565005
1397599338
421839918
430437851
421098765
204479365
431480206
274608461
951842702
322563649
953542285
2929390888
45414016
789842195775971328
2448563317
487072631
428526596
4214140767
982667311
2482305961
3186232611
79966883
2731905976
815758254
351555225
2303516735
483384295
17969850
1204728828
2851732053
454173647
2396856942
3053190841
405192597
2819178244
1331997265
157294500
805121880583766017
127599374
499910304
1063345483
516686815
3218386990
224594895
2496989087
556650372
3107574627
366713180
791274585090039808
2948819674
155946225
705745835087237120
534655010
1580176014
779645231285301248
115558584
293560915
387694120
22605126
97035161
559265836
724912138658152449
735485321727508483
2221318495
2359548435
356975403
47983965
4112673143
487914485
701647912686764032
796067064322605057
831129830
2720583173
798164626844319747
474746645
3375673725
3862091481
2875667218
1594040222
786333824431034368
2708607896
540669424
1712610582
561473002
708773624
272934304
3399075250
1314367554
770259488502845440
1212365568
246882785
3364814494
436124417
363571731
1124778361
391937038
2352305154
3242519025
801062327810461696
122497273
713625460878483456
2314315157
720897240366194688
749272798565105665
30632987
486124606
132233895
4017605728
328354853
2260822969
3881628269
1407173916
470889853
733316908477493248
2478737879
732840775
323853022
353640576
4105925825
453313639
778321813
413010349
445621349
4493808615
23315720
2233203519
419544789
175557941
948241856
26982622
800464320484098048
2836615967
785934232698904576
2199871597
236332690
501791958
3024921597
614978918
718184199908421632
2320321929
769478656498466820
154967452
433435963
1026219187
388480192
391279725
457375249
1134424536
1236592296
1245578418
4759055535
803617893464215556
2397083955
2220186288
2465918593
369725754
76769340
1218826147
566540382
694638444807610368
783613594810351616
319578825
193646774
750057340112670720
238331462
468286215
3015157240
281884852
82902889
3094278383
970274028
2466339133
452226860
1274855814
2652874504
364253446
730673331851132928
795707563190976512
505066780
803603579705638912
309784041
792019525
2154072705
2460165950
418028983
1628691145
578906912
565559566
3514403363
485167907
206419028
201412456
257665435
421758109
2305217011
200657994
715134939155578880
3138188655
547050389
859534544
357464260
764509784
775257919210258432
3121892753
328473338
14638233
2218411411
1269812862
736596690
4316205317
489519253
749248856
4611199415
698226027756126210
597492087
2221319742
609075599
395172198
722919613
1082984088
3762684742
724885020
1034473320
804058015
4600455197
805119209588006912
3793353617
402821533
796316078951563264
421828997
252161195
325165914
2186313922
746201840
787588319957966848
2318486375
1339546009
2336391177
829417766
2978426715
852781370
397897565
318939574
3420048107
335343661
796233468837527552
2380329507
527467945
2891197923
739646939998900224
1591649336
435791610
804413634726207488
788291127384367105
3024819412
377249170
2160946687
1039461792
2328923415
1008915913
1528759902
433671269
479604138
2221045375
722503050267594752
1069206085
4737088221
783292222846427136
354901534
2986885877
2348566523
1667596609
1223037354
740925871427620867
785779065617846272
522233292
3515611696
533305986
3632667623
609984521
3758739195
2610968998
2859316269
716259184
382056971
618934256
4394434523
1456631540
2668009337
731908101750788097
1260171894
407746253
1248044209
3058996408
700412768730619905
1331730614
423392002
185760677
2189679107
2951587293
2368780252
794125954545283072
2362418930
87467449
212995283
2441568395
127309749
460355867
2244460336
61765111
4726174575
53368287
3408677429
4863618933
468777277
1233468889
733785341476384769
1337421240
4142636141
2942592556
28433379
2715371230
27417914
396151080
597453726
2892216196
307278565
1227483440
1134804595
2786595941
784105196070854657
3322620622
2349348009
3368018859
93953682
152596271
2154774592
90007041
1644683106
198869860
405440032
1382197603
579867137
764028498
4030354881
4229498536
3973423342
2493142851
2937388577
760392779533053952
41557680
720880802939023360
853629632
396564186
3855759741
310195119
4874754473
2609290294
784421576993345537
740277257424523264
4775882567
2509117751
1640766590
704411642432495618
1344131071
796313694825226240
2561533980
1027404487
96233686
812774677
303219287
429009401
2765783097
2945491781
3053055853
734074574275514368
2182502256
488356774
718178467293097986
363158162
791729490867224576
744923485772853248
1467807296
1893314491
618357689
1063332403
3036997071
373040181
141529750
104772578
514280693
97249795
377660882
197389394
3150260316
2194433942
786498737019363328
3930897094
376923053
3328846707
3336144413
36047644
384340494
204955368
130181213
138772797
2713508733
318549168
2831366043
2973007930
704779333307650048
964093010
4877803011
2869582841
2408772318
1036494895
2351364017
2286663444
3124079014
486988544
773892322618707968
406545803
2992982729
4089359207
4664853389
1246988113
311497321
2917164790
407891527
48981619
2986513055
1358611800
4559130286
739791783111077889
456066284
3387135933
508645944
439895176
3305521049
763784342
968582010
93667122
2889852755
213616021
729616747272245248
3094312457
1725558426
475234937
1869414950
2569193581
2192427702
3079488179
3396388150
783020674952626176
2203686361
3082030787
1081132770
1095354780
2958883751
2898075617
368772601
788754158241378305
31880558
873734450
1701648187
541083079
557074159
1272524299
420931672
3223932303
474023066
2719760326
3343883470
2962967535
3223863561
2820137385
1275239096
403920729
1586042605
83920877
90593797
3295891146
368333719
759811180848254976
756326148527755264
557127139
1877956903
2585035709
469403750
2975144398
268910347
569197950
106699882
805068435763904513
1947278862
708285133971914752
758327439558836224
64692701
2751862871
2656984642
763405961205800961
435135749
1439358858
1586673164
4114741037
4103703507
711310994
803916997058760704
1877213636
404048864
2283943289
718086134526509057
1006432927
3096441706
60333531
4634526567
1067982564
2746964048
2953019709
2203488436
584794689
3387034282
602182097
788825081552244736
1369127191
136205033
52703133
2724485722
714226829071151104
1930820899
2606637891
320246595
3156887011
552244447
419285776
45815847
752010888
728612934780358656
790567158489153536
2543265306
2326413587
431438801
424084271
250774432
4164981808
266700017
376869096
19592755
265399668
306180757
780108429989933056
1036938613
764140480775020544
77889072
702750694
1077199572
317117163
226532072
798807953671266305
29428344
330502291
803770735957344262
753519234710376449
2306068792
430995535
782577416548020225
1384894520
1643143634
3353515834
802649713128468481
2380531476
781954997806370822
750262751285637121
2528025827
2409081446
797138085725278209
21929177
1183218548
741592495155478528
396756630
2249430114
301460166
3064631746
557827565
2339382066
796237284
1102070556
4832426261
51752772
4194026595
1538025666
737724815780499457
161414985
235486421
778206259145244672
706596340306984961
571964689
185197808
2982639635
712430076311314433
763353589347672064
801753787920711680
490426715
983154445
2469186961
733026190689210368
746539553771651072
2307296066
2948897212
972598303
2440662719
1055931559
1385223960
326144852
2811089575
4609193302
428915501
617069188
2822583095
13307732
132811097
1307085218
2986927603
1277404100
736441270881640448
413217587
2388833787
622020182
929249360
1935291096
1022753149
2359663543
326157457
360748546
4470002068
418221631
805387375270576128
573872757
96313903
2746079253
2580666506
554236154
223095671
259401999
206122291
2394684582
1062997310
424391490
6827962
3251331238
139188966
2481748609
3233448495
436833006
2960103832
1538732857
473718857
378831710
979023937
570045852
1566803234
433717645
1915578642
422586035
554504621
1316655810
880016317
1063944884
2147605620
1954771934
1080507391
701716640988270593
286608996
2523568577
738095532166553604
1334546508
1152180542
4182246959
69113562
3172328747
2247033698
253714436
4069173009
732773769824047104
4252762821
411449568
396823374
512445330
805387616921284608
115139827
4195440875
418265647
318030346
454191208
318615150
768783082736455680
2178861689
3631947141
58016005
2300074578
737750588247658496
599651301
775318412507643904
289541478
635965789
4294368214
745339531566661632
778530030
3383981938
355122344
801363913380073472
183141313
424153335
3039699201
3401227875
589291887
413103125
505202421
1135800156
4074742552
48687119
257654410
432678372
802695064157900800
464127310
3922344275
236939562
567159863
200888646
2860295807
396762705
4822490579
3457524023
183584198
767600300
1872223814
389500881
22827984
4567966949
697799370297774080
383531511
481225656
485521993
713449513088888833
407194493
91528810
192948690
198862377
637254997
373398962
340300921
112454772
219709201
804354408
1635529807
1275988495
546851983
1116671611
970705082
2278958635
2412990951
280057090
2361486773
915559825
475248885
537554676
69743321
421828602
776352314
1085455423
254607958
805371751349751808
136561250
542355572
799565079465312256
1438986181
55290343
1474185410
4603127836
343285778
2941989598
4330217543
2749100742
489312732
326226399
2204128029
792731002900709376
447413010
51434936
483434707
1588777538
716422928
1219569170
634999260
3107282901
4196303843
3613181357
447038194
2463076201
2800392316
786432845111635968
2212470754
515500184
614694618
561917560
930194618
779066811941781504
426706142
1608809730
2509485582
271541039
96516447
752853790508867584
748814836595826688
2501199751
731342369430327296
4735498517
740477232422981632
403268488
748630167120138240
843573301
420548533
205327727
747978554638483456
995193895
4254101320
4833575914
870599125
379741776
1369658370
130111210
2218349510
457622220
503366650
2152572284
3421902544
2503841804
2878097184
311056063
394729845
916326246
1532077525
3362139339
261291536
978514940
1036983026
2997762291
3070433050
593817814
1063551888
255499883
2352401171
726108618051997696
50373692
2951279819
1262566346
708587318786007040
2153812941
2410604455
1130420497
585397603
1057388839
47907492
15073292
4589146755
1913933982
3457705635
748139485335011328
793808702323191808
560468376
2921447206
2933874459
1955153960
2385290202
3448215203
425254477
284706444
467232496
3036230170
357374751
706796463045656576
783740138660700160
906224444
2273277140
3224046916
2711454266
1131342930
189265027
1136338860
2242019356
78971533
152977521
481359440
395216654
2906615746
734421722989010948
1857295158
602802570
2743096235
2221331701
2506571955
3043362960
1193780617
43503218
2501819837
1172851158
455094599
120380619
129223592
4885620221
607981040
1032653606
375612194
61227039
994100862
77207264
3295563335
2304513812
432211151
797374091959406592
59133674
4894953053
3743344103
2704308742
796759446370271232
3028306714
96370494
1296698486
2882347685
229421085
1183179234
932167832
803341746021298176
831362528
2728896824
946620907
837370934
2196158901
472893871
431084648
3320285157
475021007
2653950543
3430565794
1412500075
2828057292
426716463
493164077
771813207853916161
1627306938
430021582
500881322
2163514121
278982651
3001638185
498846820
1370627900
775299421705732097
4914915772
457494349
196444688
723010238090252288
514243349
2744135452
740628601
4902342166
1039609963
574340003
446490092
2449963778
3347934334
2382081974
709468465531322370
453379084
183168354
776488765183459328
95630884
318713537
2584004759
449819882
349649017
545264740
2285007224
1225509780
2402143808
389104963
97700741
1225691011
232908749
1063694274
1036788019
895313262
1278700207
581968820
2921663932
300155922
575500709
768341665862082560
1002172878
636355979
702128508835860480
604023898
454618588
826764168
585892339
187419451
705029912265097218
242071863
337135931
603441494
72069290
1472638976
2884126876
115309076
3011969224
4895702908
134364906
995642131
1879889592
1577329879
591724334
422947099
2190915769
1694143957
1336027495
3064945486
2352984616
1598253523
1227206636
2999484970
510110763
3589159876
1192735105
2335372808
2942486068
2379935336
396640825
1918247922
321322214
236362651
729301866555805699
2356966725
1636129136
2347560125
272842856
432382919
497009003
1090249998
384104103
795187955430264832
295592416
3306587122
1428381038
761809560
2515144546
1189981854
1092846918
2432208854
754001744808538112
2435797378
3053979329
560913530
988373714
119067790
448045395
402976667
420923031
3309670823
4905414671
73193003
405498561
1353994580
146545986
17465312
109578008
36182841
788301440733315072
278210313
241289430
2870220975
3320655053
232559332
2359465576
831478200
2731197053
2765940990
775632857993797633
1431424932
1715119512
4060369233
798115102314659840
3044594085
717786692804075520
362432939
393525107
332885533
718898381037387777
53994592
398928323
2442517233
368247272
448998373
994632708
1246689782
1032615842
711187023
787062536894021633
858795774
337155946
96551123
2780354471
2858584827
1638278257
2981533685
2830254804
3437142466
516778754
253262674
383359173
461301109
2647766302
45802866
2163227033
42662635
794099287894396928
3356708404
2310382498
3027820086
2222183850
471949441
3233336236
986286079
251309387
1524322628
591144361
2781784450
419739649
1124777892
4517031628
486928819
711909518121312256
375352671
2455541630
2466390186
110888613
3566722876
2938454181
267894166
484515352
408784370
128961168
387121961
3023266619
2386237696
507768657
785591108419981314
495386998
32624061
784315996370722818
4774998749
2167899593
2370723536
147725370
420272269
144210805
370940742
407685967
588426612
3862086448
54225347
2361394675
794961451194712064
2336493886
234815796
1239391705
532132256
423006463
1259204922
294535863
305869411
2523901625
769600830567776256
212145625
831768450
25676606
2234822984
298123237
250316913
1368793633
738637670
2282469222
2277937200
347360615
2281238201
8266162
2987972555
589478247
4582622782
89463988
