599593018
2850074284
4074792743
555506562
780133788001112066
1055367092
791407162790649856
2597512767
73380336
751776180957741056
757989565600858112
437573164
396841926
490640451
603170028
65335565
1087279381
455562995
562805089
413235901
2313554308
194972957
703708224168599552
29483713
763983425569034240
1045915729
2906893858
66093804
98135433
1405465094
239345275
365375902
2978091879
719909485
764525968623071236
4824031401
1015392134
14575613
2584582892
467389922
386576472
575374344
3200053252
1591945410
1082718704
496654038
73358888
1352301782
702989036391112704
180317088
728807104790794240
144199196
2852316766
1154788808
3310422237
2335271666
1307016348
283636579
2817092706
534732052
229089974
3433378229
3427709602
4452315099
419589451
13728662
771387619360043008
2886824073
794538327085084672
382590107
340309409
525353224
1322376432
4877668139
443187387
2504129001
4829916737
2807235070
3217393599
2345750573
967124340
3398394214
1039048494
460507111
1734567211
2427311741
325127006
138418305
706117842815623168
2789842566
234062729
4120950795
2589653764
384304658
2958873291
3426670696
246976552
3109897131
1588323260
894845214
2351601439
1114098782
2403776046
1562752760
85136516
711317541084381184
564609095
2178600592
765965375792148480
2647427506
3155682418
729277064147275776
2182009663
2344846407
134046168
1946899837
397199507
366747858
2525924002
3555782356
1285422270
786872673037062144
790540888237830144
359886824
2974941849
767772101503836161
371749840
2244061237
409444860
3130877788
397565868
473848168
2832177977
513144334
4092809355
386474826
200027753
605614784
415525282
2548634808
517330794
4154714363
3320747710
1238622974
136225328
1015870262
325473654
783319162550644736
463969453
4877601425
475134082
1259891971
1053176233
242922585
1145068764
967615364
3405634973
521337019
2169534491
504900046
340573242
343239720
498240204
1444286834
3053723635
398570282
733637460308168704
44395683
1374460555
50361109
1387006716
1492509740
1116303050
786541347750588419
490744618
602903174
2319675320
2729520336
136342937
2497838698
245969509
802287123470630912
3057586576
563999084
70833127
2306143150
2322318698
139352742
466853614
432864905
1406267430
2225589287
183594012
1224152383
498062460
83386342
2877804497
2428565909
776050554418171905
3115905790
1517788118
3239016405
1135315892
322626110
2180128512
129967230
2191020414
1063095882
1898454535
1006198212
766664451223330816
264430420
2420367649
788474975422443520
3290975685
22006895
391545638
4182142288
11945512
788369731212443648
2479620311
464045620
105100430
821719770
783023868378279940
2342101993
722850803464015872
371781632
228051072
1219977643
2924683299
337250925
62060285
923347921
583920508
2549528592
476936806
798743088206319616
584739670
481929883
9820132
3871871513
283080198
2517301839
1099195932
1333864027
1077110826
135547288
85112085
798168259346530304
2998534481
3309946937
499227001
202219931
1065387764
44098068
2147679839
875125242
1094831563
802875456747962368
313199623
492688472
432009958
2917603617
407164131
3368360345
2361360169
2615476385
385571810
2962700505
2318264715
3025368046
255448965
330533368
414373079
794092015634051073
204814083
3046854717
1717274785
1158164456
1039571245
955313736
3045663344
3198028097
341447721
3408538193
236765969
3217711420
459584150
779265942165544960
585492287
255047902
52035837
1037529548
485135776
2319542538
85657467
544221226
4178355137
1380328387
3243380165
947943943
1308910549
2774751706
3336455937
787009091373850625
4919661688
2509301951
3906735870
586804044
119178709
2784502136
585968039
2892694835
905834371
369749865
2543019165
3291324425
369728921
2572975391
783200025853751296
758291580793094144
3241115409
2836840346
1880747821
3306426130
1292021606
800750620818800640
4905992363
416165363
2979240557
340717082
1107010261
716326404707713024
431638725
972414750
3361637014
33994488
731252371226042369
80200885
353610180
519330046
724303327077502976
791671139521142788
2308793738
2970014416
1045628209
461438695
2527780688
796246539668692993
390266324
1696504896
3843282933
1447215498
491525340
763694739854090240
3331413322
423088643
1328664937
766066296618414081
1227778538
561375612
2258870403
2973508025
1368152558
418628923
605653016
953887928
859927674
584022845
705813420973621248
108548308
18188941
554581695
173081447
939484063
2857162997
1433806334
200146354
541527026
533332467
2370256891
48142375
257397349
3036352179
2981114476
754403068725301249
2614227554
3880024059
1111297184
470364053
1168797480
2310515650
1074495614
2825259495
630459182
172382368
1922703656
514714806
1263818557
419031847
240118613
48272554
555408466
3041446144
783741519564005376
1105944535
3468355577
3295052051
325760306
1479702782
11330432
1229121186
4342029017
313331114
3201052948
90166301
747035862626668544
1311687600
3342665663
1021306837
799504971502944257
2821366407
1028060143
955750106
87051231
3038103838
548616993
1068648510
309083041
403684823
451483593
2851228124
775798541679603712
337767301
794416374131068928
1336254342
578436775
85258045
560401416
406832777
55556322
40687613
2179100758
503452485
1190777503
772125245796970496
53775671
1128807018
1394277882
1897408008
3980123284
445050879
1374222312
426515004
2967451289
22674272
442225392
2854938082
2993943651
17439787
483040611
345219705
600136789
186052553
2176841538
1269116011
813055092
3384321525
84300444
13727692
714896919349346304
159285637
717452216840429569
2964119115
1153173667
2319131287
788110441545334785
3008763837
82673876
3331059982
703875686218522624
129228198
727548236710481920
1044932990
1635242966
1105814539
2813737848
134516956
2441082247
716591970106417152
3199220876
4372999402
763388821677469696
156316785
774862543747768321
199413728
3380511171
132519914
1231622995
562440912
748527449932181504
405917731
427209531
2540480404
2279477919
4081124067
532562936
614579877
3351720815
385456063
3302069128
280242927
732317340092780545
453531668
2148839571
795743491137695745
2772829228
191490413
1849153957
2532491303
3084719191
2818872226
2310543444
753706268024565760
715674751
2372863064
449759153
2880129663
390313526
2767985158
2466589783
396698099
836271002
3382760081
2226989317
459219907
177514135
1062799087
249862119
938688090
2846982226
390463
556270195
2847984473
2322998168
1322551362
4027612270
434752212
102200819
462427721
1154519022
1015149367
593582642
3580823957
2312169774
710525705277325313
416290762
778717606085734404
2277828311
340972113
592489826
788794627042205696
22659500
637292613
326183542
2436608759
340421086
398989007
2482396225
3238508633
536941243
760806683564240896
2574023704
765113425882218497
434126218
812956885
437790954
4615130548
704558982
1923616602
1260614210
220996437
4869095007
532222780
1161191406
123712076
2776380137
405426716
859058736
2476119007
571304184
3188590067
166623495
3458373497
2297565537
394957022
2391090577
4289486477
1880399689
342727106
1248046735
462739617
377680158
418236949
1166877775
2309237552
144326344
502040368
66298874
775636532
733330743800258560
4866946060
458632561
3297456253
2184969053
353898411
300798803
2650582614
387198659
2401418695
2541012626
483258299
2221430782
161464462
4288865781
176541363
410764821
726150285870157824
3244021258
2280439274
4910051933
768575901516828672
4608384377
1372461787
205276406
4184406562
4626223881
2342272314
727848510050177024
1121552011
797871034535936004
2339096091
730429888977641472
28080443
1260005623
3569280136
906751698
3392585361
4806536835
2999932538
132981223
390753281
937781161
3015774443
2812859778
2313913262
1079723678
3227318753
3422769471
2956811146
2479999514
477757835
1109639072
3474585855
725882047
1052983992
821217740
630524940
39273093
486456375
798448339851313152
1389670393
3037477287
3371026409
1024976264
2486417223
862812493
800282029254246400
247209095
439386203
1077736116
1579008720
2495549258
1624749512
501526399
316375408
468410833
2239737678
1313490145
348137712
226627338
3355557795
799219281451958272
909777890
154082631
15108909
493497596
790705219688693760
728188723075158016
1735338012
4181995061
196560266
342569184
3068966572
455266241
714013046469996544
88051558
733695386846662657
2390747907
392987772
1140098112
2995908064
962439266
749364032310743041
419951447
382539264
323240531
1919132101
1037692622
596702756
2512461765
745207130207170560
2359724456
206671784
102119771
2994896470
2748283938
1260487207
348393342
777855788882812928
1642833512
3104457562
412659763
637057911
3313832169
14394318
2795074967
2275249630
383888615
3019734856
712042147785080832
355265834
1556491195
52332450
305255857
985118000
781534758291509250
6521502
4845403365
3347525428
613766004
398901089
425898221
784398647471595520
2409152520
454942463
1616125219
140391760
714432268761169921
2873815434
427690444
68492512
57282569
34883730
731131129336627200
515380651
411813423
335910785
3357308483
27606971
4918698611
1090201351
164607309
2392084666
703695640782618624
589445550
2825355747
188029214
3305939879
22003434
3104344534
1395687914
818183167
401407144
477897185
715991586543374336
453287155
564148431
1331128747
756215694455209984
2155767706
475994227
426152264
1283811182
2950936654
1280190198
1274289852
2845668851
50591969
430437851
158051510
204479365
1019758290
3093375483
1119822385
953542285
4891854041
1068846679
387042070
866474910
3257520543
4494780981
2356967878
3053413413
2482305961
3008182149
3026519279
2731905976
815758254
351555225
1365478231
566361704
2337395271
405449394
483384295
2872332023
533176044
2214021765
797136508293627904
1201691502
207169955
104135821
411323343
3879187997
1692004472
801397532958031872
785104448
2211388062
1314549691
85670395
2496989087
3482352141
161740961
587948551
1022731986
802265146164998144
534655010
115558584
1460451570
2164822594
387694120
1217799007
2174535898
412424802
4188671596
1160757192
221153691
1533166392
22769889
780707216156299264
356975403
436870309
794218079878266880
105616077
1367914478
40353863
3862091481
4194649347
745228268
1064362004
448402028
1160960839
2875485406
709471830
121691763
1359735968
997500716
1725334004
2285114260
391937038
2509843140
1000045820
417947467
39546698
1357813057
883099326
1534486934
713625460878483456
241857339
331702255
2804363628
621326231
96236264
1278327180
771669650761404417
245715438
541114609
489551817
58636171
409089494
4105925825
2903764937
570833587
791628536557793280
64145212
975895578
2706574363
1059013326
41068452
487504989
4737094055
891042680
26982622
3003254493
2526142091
422708925
785934232698904576
717334646405611525
491225607
769478656498466820
394233849
328486212
987274838
2710381470
1586227562
489421757
2895077031
3246731811
566540382
694638444807610368
319578825
238331462
447010531
404088514
787634828929802240
1227624775
4890120945
452226860
39028896
752796690063695872
2828477103
2919591365
516918398
795707563190976512
497838069
2154746892
4622433142
355158846
4081934681
577226307
727223148677087236
418028983
517937329
53352700
421758109
475292830
50607243
1291622634
1037740650
3138188655
295145758
357464260
3986971581
404232151
365932392
2334501166
4098447160
3314219367
4611199415
698226027756126210
254998344
767596251311407104
2286814494
728295648
2184144110
338959743
2363074416
500236905
3179961507
1082984088
3762684742
442018464
2373222249
215419540
3793353617
2871466162
1594184960
404892841
989192558
560598348
522221243
743514238493278208
2714660159
729339188
494475884
1339546009
14561296
2356553492
721766834815549441
526735998
1418015090
763146166620057600
4474043243
4149121226
2788765798
2231676521
2891197923
704431464524423168
1222677294
3239066199
3151825048
776366037566623745
3380669085
762186331011375104
419778202
749325100718100480
721303651575341057
3257070727
1044539172
194268217
1096331473
83157992
362550965
490373717
3481510162
2977934441
2301111365
964719079
514377723
1223037354
324024931
2726112076
3094987240
1024451294
1913892218
220740268
218931858
400273310
4394434523
457889747
1249912915
1331730614
1235060898
1060051315
408027768
2951587293
366511130
484059817
2384687890
87467449
764870336894603264
991768927
592647058
422858171
61765111
3408677429
2416492224
786481498660626432
304364739
3225190005
3035652573
504320117
2896777635
402352368
28433379
2892216196
244021846
758933464460648448
1235548266
728693657159794688
1198402074
630063443
784105196070854657
597499565
2869467525
2349348009
43850163
1011986162
302127556
2148135826
3049633374
1382206622
3346629027
4229498536
447439107
2863121903
3973423342
1148226661
760392779533053952
493833883
628367790
1544093054
4187567045
2208789310
720880802939023360
396564186
710864700851032064
397276980
415088731
843757543
2509117751
740277257424523264
3176594760
1107205176
285605392
4382850335
1365570751
3054231435
517517175
4695025663
2754433723
403444000
2889874553
799233061435146241
585674249
726083054
149609445
1551053264
946529088
986828390
1033243188
756916144838176768
896141977
2983119910
1348851210
746069832966209536
718388154663890944
407741779
2308197236
2442105406
1380718032
318549168
557366826
1344701089
704779333307650048
2408772318
2341257671
801747385949028354
1246988113
1094947446
3873877475
575437784
318400179
2531896218
407891527
271306726
1358611800
3351926470
206831627
854995166
214579928
710589026840002561
1039152966
2533287637
442005205
602574015
475234937
802829264
783020674952626176
825307926
738997137820811264
2332688475
759712744044056577
3050183838
188043254
289859824
2898075617
788754158241378305
368772601
1692143298
3198039994
4821193318
60994363
3663181830
796659204518006784
1179385580
2369010655
749301502401974272
1586042605
1273044126
2312996169
31171266
590188450
832767270
3599517983
553529776
791329531604926464
256595208
2656984642
278509054
410826672
1006432927
61311913
220308940
991498111
3148054978
778089012
342550868
602182097
385014976
1035376896
14942247
1615106850
2869346830
296475664
1346566790
3021803494
257499288
376145932
504545175
2815530124
3117151365
752010888
790567158489153536
730777400745791489
158470519
423294786
266700017
1886063070
2301271656
2342517254
723140611998670848
432688797
306180757
570163803
324262863
729981130007531520
2180831464
369200086
77889072
799404407813185536
3309729695
52032507
2344039777
3296497990
778914262689480704
1092084720
3202971339
721937520771129344
753519234710376449
281358271
421427868
941567396
430995535
2723029636
3077650311
1091717713
722050091624833024
2241274927
708997585139318784
741592495155478528
396756630
557827565
2339382066
708425080645279745
791986391454511104
625039091
1339993381
783053092753375236
722053268587855872
2594626578
523696848
537165471
3242281907
719193903694524417
772179889877295104
746539553771651072
564577265
3428340375
761582724176027649
2387729639
1385223960
68362418
117360683
2822583095
89212874
1264774998
413217587
3305062853
794174439072133120
4871813147
2225303229
757974675083370496
1336864753
133366702
3334148349
790948562
3230165817
752786587
1357812068
397474234
797171228092100608
754765457459146753
345013921
773929798192300032
81240147
1137449617
377430097
1142594798
2420690215
1967120184
708604566414168064
2225750595
3300735423
340294381
136343557
4794977182
1208976072
3190862212
109226009
794862166138646528
378831710
2345206182
402995375
2480246000
852549655
4197183543
3002999651
2886599469
1849326181
336442306
1083273792
3224618207
61773288
253714436
732773769824047104
4220172382
146215776
599299632
802981083264483329
4195440875
115139827
1065894583
4688837276
3662356395
500689494
1444738142
188057072
775318412507643904
2301960876
1219022928
183287158
2400326462
1972148822
3401227875
413103125
51522357
4459087695
2516234993
64144248
2256723448
1057930387
396218442
1076597023
326271326
3007395941
4883029437
450778886
514631537
849274159
2355359638
1915200546
941772781
1926324451
1639689480
416346211
1116671611
303298353
252585311
200502085
735888541079732225
2714596672
3892072667
397436135
254607958
446090752
933339187
716001283824553984
2909939349
831801152
2557453016
728704486080917504
1521671185
459115038
2377363345
326226399
418778432
3937406775
855180290
428418598
767040529100079104
716422928
96389952
1277296867
1254617204
53139843
3613181357
534826529
1916723844
523613502
614694618
4908787277
59869460
2855366680
3145545058
69030213
725400013145251841
707554040
2225431370
560046823
789449060696612864
473644930
4845999597
151826671
351843456
1405789050
471777128
420122609
549297681
9437162
457622220
3015642023
61081513
2429092036
1308112182
469267629
786920361858326528
581801913
802873752904200192
415142849
3307979603
478825673
77823743
2361309233
774612532036329474
503387161
787056705188356096
2571088997
122016493
1357710228
454050209
222170521
2951279819
501988952
2153812941
465960856
3135173073
1077066470
433404259
389490141
1259906438
317879179
4702133172
790545956861308928
2921447206
1292285090
236794333
955561676
4141927199
1140881040
3171167135
375709660
1890293305
2936766136
3039628433
3183738556
783740138660700160
906224444
4892570230
571133532
963221024
857753196
716208405459902464
165001818
745595735966613504
481359440
2362415546
602802570
89271619
3043362960
1193780617
3076910169
2359832450
416289105
486892441
460611317
104814432
413855425
300231239
553143096
30631198
482866515
3481441407
1362144619
766731574616424448
3521388197
427739095
328531828
468689162
1248451705
1316630180
157361987
1190659814
1009028191
797374091959406592
2878690973
796759446370271232
2363684405
560462597
2637537674
745880802047758336
708969277
751379826024583168
3028306714
2882347685
283416650
390339077
3218016436
431084648
737918135584620545
700817890497310720
1412500075
995021599
3417233499
768834311206346760
773956774932127744
1316416861
1201274174
738311371255906304
1872270133
4787684421
2735109711
775715222594154496
765647763442896896
3047866432
3127760257
441851951
256207484
235323455
99361454
172170794
452855803
545448505
1033544156
3347934334
838223696
2267566928
318713537
500297242
144132883
410910327
557246302
3342531046
585172516
343925514
788788458848477184
232908749
508991759
4866444225
4922341
799566206239997952
2993021697
437792860
899978641
704078981591646208
1178411384
454174327
2158966523
2803090973
603612465
801810946654085120
937463430
3000601366
2886180345
52824910
1435196936
750424089429413889
50584579
1334865294
2220471884
918993840
523432889
2361128843
2908475859
702597457490927616
1544336527
107019869
140772582
2997976379
1122980041
1918247922
1120206308
985120944
99125540
1057565262
2966187939
423797452
973567538
269856706
1090249998
794957025994215424
133000879
16329521
1186190486
1073802740
713852625867960320
2621438936
447896469
2243936725
3311089743
779959771642331136
2872974977
2779739962
1127618904
3309670823
560466555
4056024856
405498561
4203607113
593572152
256491020
303139807
241289430
1239637880
3320655053
63705563
964460408
1128241520
2359465576
712028880861704192
2731197053
4060369233
348024917
3044594085
184799522
332885533
1043376626
1091619451
898297518
2442517233
774766990124802048
792422546813620228
448998373
337155946
787718454
1267065014
2230782069
779405054147190784
2760592882
2577527823
377272505
124567136
6595562
2163227033
410984111
410810169
1295101627
2508778031
251309387
1010820098
591144361
978622326
2921940052
47925263
2418774046
1117558933
1030992019
744252966501236736
2366997321
1802661806
2359448190
1498521200
208447500
221840484
2994679426
797805269539520512
774133777412923393
144210805
19441340
3862086448
164560443
2361394675
1021541239
4229274312
801919542230470656
532132256
1037526320
791392103876202496
1829960281
831768450
3102687059
2887150095
760168608890818564
1101913508
298123237
2890594157
250316913
409448246
96563143
556978533
1876212612
799271957527138304
