331105395
38873697
2850074284
516031532
797109025162887168
779336944916504576
926261881
728040729088561152
889816856
780133788001112066
477998487
2511415512
16986506
798636480323342336
1042807543
1565958488
4457987716
2184417408
2309053094
497798126
989351852
1630204784
1179157244
1946489059
853635661
194972957
726475563536359425
3980680961
987435908
746305585642110978
1242194246
53053554
4160203479
1405465094
75538541
704404141305688065
1474822591
344753854
440691898
849022136
4824031401
764525968623071236
802263885755666433
2982641339
2241896284
3958858588
3200053252
484228520
1591945410
2253510097
868298592
2289671119
2991872159
1025048880
324356604
180317088
728807104790794240
3309071817
1262157433
66668184
1307016348
283636579
517976318
594777484
534732052
3451041142
3433378229
3427709602
2722229206
423732690
475678078
497021694
1734368941
2985944602
908765210
45317110
774047754834313216
366053697
779685796936839168
591223321
2291700139
2871351407
447231795
498964636
595372301
945407058
133461180
811076442
443187387
4701854126
340996459
3385597569
3398394214
3019874188
504625929
4252198762
407606587
779211695239655424
1037837900
759675705647063040
2393280564
2763290893
41094956
3426670696
590037686
498234811
709479074029240320
545008992
3248837686
289786081
2801667790
589418956
2403776046
1114098782
14094007
752821878453141504
1562752760
85136516
978137395
2265249203
1040220258
718173627062083584
215224614
1278026173
711206425
713976468
158288741
329937650
2344846407
394598844
2149606038
43163301
258787593
1034417863
1092058644
759428777793429505
1045330356
777025956078813184
790540888237830144
1316622386
767772101503836161
1219331695
3312303309
787941432267051008
536244238
398609882
879974216
2206083227
409444860
2177864810
3438195976
473848168
4092809355
712212243757322241
710162008180662272
634575700
771326596452061186
3214544331
1848967950
2333203880
1623140270
1360232480
1038231816
1238622974
271838807
136225328
744598818365255681
390622095
393232944
1357694676
700397826824654848
1085405436
463969453
312572813
184425554
3006726093
2785851725
787954994171506689
1318788918
2725144065
2523203476
1275120396
788049329403506688
242339687
499763963
2333071543
1260313345
2324022020
1747158031
1619769668
383790840
210827879
376998975
50361109
405728539
801876745976770560
2372583034
1492509740
436640636
776553725603307524
2729520336
3059230707
136342937
63813563
520377638
403051679
452235158
2497838698
785825867012444160
3253773825
944519454
418772810
2427072883
2242100015
176075973
1224152383
83386342
416618561
2808862264
2428565909
1857779947
260372319
4905419657
2696366840
710044495748927488
2180128512
404014024
753570089094504448
1369086320
1169393178
433192015
2589503250
1898454535
4038647320
989485837
3315736726
766664451223330816
251663248
3418726954
3399214563
1328976937
562768029
799300362930974721
1327701390
13573252
2382604415
3170073534
712713408806842368
126691082
4182142288
4845010499
414894324
342118728
370342943
2479620311
63504882
2240178557
2558784496
390835478
787296414695092224
466378912
1230470216
69565598
506295828
801841062763491328
1219977643
778312959734976512
1283861509
64522965
345488835
1205594306
2549528592
2376928902
1036560565
798743088206319616
827908404
481929883
1059984817
892954382
367090986
1283446118
453139074
107064765
383982534
396563069
1205274991
503847121
2734322301
4579125253
512049031
793787252040142848
519360327
499227001
767449120718061568
38846888
1650023988
496982040
3063738106
1065387764
2658993140
2786870739
2871517500
751814461690900480
875125242
711343781644255233
2974429487
541596083
2611778665
492688472
572125780
33856651
2410447644
2456837270
790099830
791048239231463424
2361360169
924965395
974726732
2259459451
442950090
3025368046
634832081
455201661
3058790953
754754187104292864
2749231737
1717274785
1106530849
1857148146
3128854252
2865546393
1936456670
975716743
270518699
4601698335
4133217027
1707854503
4833429358
3198028097
147131446
2358287784
244705592
128880613
3217711420
1072012310
2391369431
965068518
2359630247
416398770
707184555887861760
218923278
95916616
399010858
796097962384433153
425686235
2319542538
753896468113678336
2548045884
1384913983
880993466
3399782626
1642789244
2774751706
2166645995
620859402
268744692
1650257054
1434038420
1734072200
2857112236
533059229
553445487
94981476
1484550222
3031188244
2199795114
13065292
712647058709155841
3263800121
2479080795
566142199
1080423679
620351637
369728921
4651751608
1224996284
406469071
516802751
75590296
123986115
2379017327
4038670067
787723562010435584
424915583
710968578
64696087
1292021606
4905992363
800750620818800640
1093512139
2895110417
1468203008
422899265
428515597
390421105
716326404707713024
753983674652196864
731252371226042369
48996987
16630237
2173904793
379791662
2511809006
164225784
2447574735
739543389721485312
2367306607
712376322
796246539668692993
579271577
34257738
751725458631327744
356404890
1447215498
745877174
744818179172536320
22252395
1379254362
1386808813
485608060
3331413322
1495618316
133485233
4878244774
452350565
438361416
746041091728752640
2981137990
427522940
267219188
2973508025
1228034526
3597402316
504524011
1368152558
964876040
740428546192080896
1084193910
1615176902
474293230
705813420973621248
760240948488044544
18188941
802979230409719809
97512948
2746719371
438849246
1284449461
417962415
831981618
803350148143316992
2341083257
1339529246
1480526342
4797073893
541527026
116871279
504894136
1627031726
2800128455
1857810883
1303980487
3143810488
2614227554
3044664286
2354395787
2446893926
1413094597
1111297184
259750898
40985455
1895353393
3122280521
778900450812764160
710265162834583552
1327241030
633613479
582904239
297971382
313740683
863028571
462336529
1223033204
729704804868599810
2791075913
3041446144
783741519564005376
756751959386906625
2346899992
568393612
1280566146
718523969939369990
747008536102699009
1231882657
808945040
1229121186
1847905999
4342029017
630961397
4119906531
224226820
1701151104
2909929737
780092964244783105
585776607
739128484937801728
776331394607898624
1070288839
3129948658
3010291918
1454233897
799504971502944257
1492135807
3621950242
955750106
376372455
3038103838
724894143688876034
1341462944
548616993
921591691
434253661
4184747841
2851228124
2358153341
556818121
4181089545
85258045
57474419
418918882
524684548
309178760
503452485
2748304043
4494003293
95891990
930237486
8629982
204791100
373395657
2694146772
186755816
33871360
427433906
721148434
4851423724
4170374679
3879969267
91843058
1280953482
17439787
1911991346
2955148689
803122265906958340
723203630917136384
441623488
307536761
484887153
600136789
2338719661
813055092
877371211
299551316
465389756
3385105642
2768661999
4846484643
2382393696
1201732994
13727692
714896919349346304
79511997
325152794
1119665262
3987937325
373784603
717452216840429569
141677910
167566334
802171434319626240
717118902145261568
1623148244
1300290379
541824556
466358678
752137834077749248
153700119
458370341
1015993314
296778555
3331059982
3026997358
1050781381
1319962368
522667905
3436942246
348493456
181684989
495011205
247726328
2167116718
1044932990
278422359
283107590
702614277472034818
2466650316
777547178516553729
717705213902196736
1105814539
756061004556042244
288339892
522329714
733133940
771388686319677440
402974667
519270357
763388821677469696
2386835695
3684132136
134554873
3367934717
1111225376
836237598
1499571295
408681712
49956932
1952610200
2894775544
1250044405
1410209468
2540480404
405196197
3146535454
1028662526
799330041117245440
2341326693
2610299144
829545702
3095233408
3852977062
2185623257
58868395
4713876442
4928491697
982628515
3302069128
280242927
1274581027
4516116863
2894510331
490602212
3448617916
709304095375495168
2772829228
883730372
429848799
1849153957
2310543444
788456311684030464
859694112
705747997712375808
2845429815
1016215621
803350832829886464
3394261233
744828787137839104
2835640580
2927049323
271407710
1298431310
1061430067
323670080
781169072604151809
836271002
619750462
459219907
827407754
146931375
2597549564
249862119
1661062764
2182149856
244734060
938688090
607112247
4195341903
4252032136
481457729
407062660
978557845
434752212
462427721
949878890
1702719008
593582642
22075599
2312169774
3063216130
4204326923
788794627042205696
22659500
637292613
773563444750589957
451473769
1058355732
2436608759
771413293068128256
2587940700
746970733
608125539
1282855974
421332919
760806683564240896
3326878185
1230361375
2984559201
1146147427
2895721301
1291656504
732206617341595650
1923616602
413002453
475254497
792177757
502904251
220996437
465363518
746417388988555265
4196122397
4869095007
532222780
1055140058
3117906651
1776723175
123712076
742094210447335424
175783590
4459906041
215278944
2218697421
4861532578
1947918198
829507466
4885903612
36376600
3065904687
423024537
541147498
791043991714299904
207034666
99702635
425422965
585999327
784340188679974913
467573735
254242037
377680158
1140535207
2309237552
213663506
2501851306
2173707058
378304814
2233502635
764195579081752576
2800729570
526896427
458632561
1908575102
4076357332
387198659
60615420
2164608279
551331260
163899788
483258299
2540030877
709664394620346368
493260423
1978729974
401701859
2932258043
176541363
726150285870157824
3244021258
195956316
865098782
1372461787
2208172767
1617227954
797871034535936004
507652780
446426646
2438340445
830081490
2768367785
4806536835
711250614995558400
1853857640
2999932538
4024983855
1254757129
168782371
2812859778
948318834
14420623
473209868
3227318753
3024022989
3422769471
2608779441
803287506875727872
2956811146
759853330692616193
3684760575
4196215025
49413521
2364680733
488206666
477757835
522292867
429974408
418662548
96406666
370639956
83867957
1024976264
796749112100134920
45400255
323446144
1203674574
247209095
750646010314104832
500034455
1579008720
717997888526270465
753265543633899520
2239737678
1069422908
719093893795614720
226627338
863232396
2907503735
444979812
799219281451958272
401975985
4925341691
801700087525216256
952009314
2315538860
2211353832
123522887
2236338761
2235047637
2631647879
1916736956
318635439
418639778
411005470
3068966572
219406236
455266241
777565323344113664
710743506520829953
2945972459
1195176624
419951447
2281936099
1919132101
2937288747
1007288334
1384265604
492087627
1117576526
38856509
3044586266
1189743062
426542237
723538940502913024
2218143675
102119771
1419216668
373270562
2173027221
133692338
558929345
4133259777
1579500278
3313832169
14394318
458495032
1013911981
930659928
3439568590
529483712
715130347852283905
2302922786
2375216695
52332450
2425442529
2465437060
451023204
3069792910
1960098824
2371919544
3869948417
127302531
493524331
148771890
399467811
215976090
974656363
789577810637619200
443248991
2230346403
3357308483
3395698721
2450692721
1079226488
2392084666
4052170222
818183167
347500628
4408706445
3075395735
803336744909373440
482329441
1068056972
4180762211
397326726
789786960470614017
3299546625
215735286
3653292675
1643461826
757119384691339264
134629516
451610877
2767049080
1209547698
951466970
3500694082
374385397
1283811182
803115076672700418
4218365097
1239913224
418636676
430437851
796033040443129860
431480206
438176540
717970219596165120
1307698028
1019758290
767420353
1119822385
2367661536
2929390888
4860992891
739538599918571520
446929182
2921199801
2778636965
1140071011
1063009350
722918044880805888
81572849
2452415854
2978229425
415394913
351555225
479764945
566361704
483384295
17969850
2872332023
192253996
942010068
754269868896219136
2728248539
2760582813
1061317800
2858759915
542691406
3879187997
430169858
1692004472
2948909175
1370479430
96380866
395836006
2371186828
556650372
161740961
534655010
1580176014
115558584
2848223301
1120118342
13294452
473166234
29202025
22605126
355060090
400919857
719072026447781888
602824919
4188671596
1606595466
436870309
795300128231985152
2868772072
766657539710783489
414978233
701647912686764032
1062995012
831129830
4915455880
1268082668
2720583173
923085680
3097809495
2404302998
819170695
203768804
716593256499453953
982401096
744614823456038913
732305135041400832
895702736
923213636
2849566250
1622970242
4436365575
770365997891084288
328200371
3131164973
4039568062
403799808
3164390831
891828164
94369309
972753542
566150054
883099326
3130775135
747011427270017024
122497273
2604042187
241857339
551303014
3350829082
854329560
107729277
4851430133
96236264
4860620442
731522732345688064
3012286540
454725101
1058085139
245715438
489551817
732840775
58636171
409089494
155523130
1317255619
784318068889559040
4105925825
328750567
64145212
2827084763
2821597763
2418921020
778321813
41068452
2233203519
1156611540
26982622
1648043496
3003254493
618124225
276026459
785934232698904576
1080428341
479573398
2942381427
772030120097935360
239002061
553772651
2320321929
872497166
391562318
298384037
76769340
1049521440
1855275732
566540382
4775464589
370895961
1030603327
728733122695725057
482275881
1227624775
1091433403
3094278383
452226860
124528185
516918398
251407688
1368048013
795707563190976512
2154746892
556169238
2850258019
1446113083
416124700
2562814182
1011559662
993284737
201412456
1291622634
3138188655
547050389
2176682146
770463936
736596690
406453295
3619110377
3996856863
2179568746
3314219367
4098447160
40708908
432637066
2852162818
4703595042
749248856
1961276468
429743373
4054106297
1371404382
698226027756126210
2377048561
474014663
3776006296
728295648
1227625616
796442124145176576
1082984088
90493962
2726498655
3762684742
3338622107
535591667
2250726350
773903945391538176
2478128385
3793353617
1897525356
1060544983
1372859420
391286828
405468476
61212638
1011561122
746263383473799169
1271977076
743514238493278208
3939301649
2186313922
724723402968276992
2405837416
526735998
829417766
2150833213
2440237919
318939574
763146166620057600
446937412
289213386
2788765798
417993717
2891197923
2909504255
198907056
55568482
3173819499
796796368266391552
3151825048
1076080333
1170295874
494239795
436809285
2160946687
762186331011375104
721303651575341057
796030193295048706
791951409688170497
371245774
1190283926
3052918302
2976226983
489693440
208518075
794822744840007680
131262995
4204183834
490373717
392250313
767794621917323264
964719079
4501094794
923947808
1011712148
3332219884
2348566523
784500022410969088
1223037354
3600676817
703386818
62019002
490219106
2757417090
2976723051
1118851009
3758739195
1392039763
1074173322
2719186852
517385690
799352721254051844
727175188664729601
1260171894
1468326630
870521268
2951587293
491495588
411000086
2650978150
411548379
4726174575
3408677429
4863618933
218657372
304364739
2401743697
2828396831
718402632126197760
1041519145
1556702114
307278565
329591308
822164642
760531868529922049
784105196070854657
119828611
239572336
365664894
93953682
813659052
3193977725
1644683106
881002346
388909262
851698128
4891899964
1382206622
990630679
528880530
1382197603
513538759
502971430
4229498536
2460156105
722684492
1685323645
908199462
940223707
2613282376
459317071
1544093054
417370434
396564186
739885032983154692
790447127637987328
732559986778374144
2757272345
1066657957
2941915384
3166034463
564360716
1569513372
57774078
1332630272
407598164
701151374638247937
526799237
936592027
439454885
371808189
237680524
416928501
734074574275514368
2182502256
4724490358
488356774
3336849281
746743698956910592
149609445
914490302
4142762261
141529750
377660882
2983119910
4416586894
1348851210
733282660127236100
3079004361
2284493470
1370106768
2674941708
5427422
1548994123
799185635999412224
194275021
557366826
704779333307650048
2395909131
1036494895
4858595345
3124079014
36469575
619856478
149097320
39827736
722731347526201344
4089359207
4664853389
1199673588
3353248005
19603201
3351926470
51312569
1054911576
4063380377
1114503342
213616021
710589026840002561
2533287637
615326948
475234937
526838409
484647669
26760769
771439311229186049
3396388150
709464972334653440
783020674952626176
2203686361
10417172
759712744044056577
416851826
2898075617
778952595062874112
334519734
405094298
557074159
474023066
93691257
2719760326
3888190043
1372497578
1014870637
47146332
1586042605
396745952
2312996169
780760650079285248
418814614
1715498894
3182253213
423785351
2388887677
103275932
708285133971914752
718536182846648321
4915900165
3043540575
606259626
463347621
523306939
225490204
404048864
875178422
776116078124687360
1006432927
2896345199
2494320428
220308940
497298464
948561824
602182097
1035376896
4747354996
3067944443
408760297
2163623162
2606637891
257499288
320246595
504545175
2574560504
3117151365
1039838694
1475844757
95482042
424401692
424084271
4697711293
3080186967
3763074677
266700017
775752972093497344
217152268
61292316
402803669
728750584564690944
540061435
860205385
2342517254
467659856
432688797
324936579
369200086
2180831464
732954867833176064
118140512
133673973
183961134
418623470
317117163
100602777
166067490
76616277
721937520771129344
609351893
1168160534
1183534806
941567396
2723029636
2976360712
781954997806370822
722050091624833024
505318962
2241274927
3055528731
134503949
741592495155478528
426598968
396756630
301460166
2306163415
557827565
791986391454511104
855271164
22129679
1471843208
2998311941
30619402
531505166
22887971
2396676379
796237284
722053268587855872
371415996
766601799155449857
3199409086
3621473295
795043750816911360
322490591
714376418055073793
2982639635
763353589347672064
23301182
488895138
434026691
346734625
394861796
4876627103
3645074302
799981099166404608
746539553771651072
1377932563
508555134
1715801288
454185506
1385223960
1124940318
332522093
710626130823348224
117360683
3110560259
476811892
740031002
3031672891
306162902
89212874
3169603576
734404005544251392
847437589
413217587
418790167
2172743300
2297706446
424269965
802448379762667520
83622909
3334148349
210239170
3230165817
148133850
2189190782
773929798192300032
377430097
2420690215
2600519411
3165299303
3300735423
1037286848
317680130
436833006
743016612048044032
1176935226
775421050054139906
2480246000
44886581
896706632
1360341044
487824356
4197183543
590393555
739917955383889920
801808342125514752
2997523247
189110064
1849326181
1080507391
51033515
2709633235
2356806462
198624618
2477603211
18680083
4697190798
398959448
186108238
1472290938
772078777295855620
4743531021
564038388
1223801485
732773769824047104
4220172382
146215776
231445495
42075554
396823374
1136910044
1250188950
545867898
475096024
419498039
605303095
454191208
794302419203215371
768783082736455680
739140549299568640
228678661
183287158
1353602473
118513045
713021589886005248
1269200340
95019932
777145679181471744
51522357
378212883
2310559129
248156296
408429579
749355813228142592
433293009
147371974
3922344275
460275730
847963362
1053839395
2178758289
462095353
2300311050
424473892
2305829379
1057930387
396218442
1076597023
98212000
3183628949
3318877703
496477841
1163796132
4883029437
261705959
3299274394
300888596
737964567737864192
713449513088888833
700417503944695808
2521671494
637254997
2437504814
717935355
1275988495
1395706896
133242957
446903999
985314588
2380592546
2714596672
492136849
803238613915930625
933339187
4157953864
1035880770
40653660
768399420367011841
2876702231
326226399
3937406775
35721171
2767355170
464561589
970397905
2354862727
428418598
716422928
425180159
779999286042001408
58328967
53139843
742013658268598273
2212470754
2397882503
780579255256174592
525280994
432304612
734725512950603776
4067818708
4202021733
2348977906
51759517
411490873
69030213
714382420
2866250985
4237848425
453983111
781944137952231431
741338484
354747398
4887827675
2904967810
724438831
521136839
601368027
4714487295
2155070496
101218055
516970620
709491817633472512
4811997677
194976587
49319803
457547376
4845999597
97911351
2182797036
288204711
1405789050
205327727
1148846582
379741776
761111427759214592
966699302
86273901
1308112182
2451076081
469267629
173925687
801334903308767232
547890554
617691852
800298380714909697
766471224
715668574292074496
723207895299547136
122016493
1166270324
1357710228
2621137109
1889851668
706123199415754752
2951279819
2271999013
488853186
2502917079
111728066
1130420497
229112968
476242118
3033238948
1704854190
794582375867052036
4910860665
2933982928
126926417
4702133172
794578599445745664
1469982290
467412754
771422498097430528
396655131
2557324242
1446734264
1101963793
3448215203
4141927199
423372441
278425671
781359137909248001
988343473
3036230170
520562780
1890293305
634912538
425274065
84130259
2318888982
541112195
2344799433
990311348
285796411
4063913308
83865444
1374652910
857753196
113050066
3043362960
43503218
1193780617
945141198
3119809342
129223592
4867831151
4885620221
534616483
2993182395
374706184
1710219649
630918299
73595849
413855425
88204916
973647258
112805407
822269940
418683219
3074122662
712622569996886016
77207264
3521388197
766731574616424448
334071453
801710252827807745
229082336
317769975
3392159079
168586183
1190659814
4189019849
702827736516190208
797374091959406592
718146971
1225968722
796759446370271232
2637537674
1117639170
912833226
1231624994
1975150249
785554968103313408
484047462
538899105
531137922
621771505
431084648
787642636693798912
1412500075
760254962966364160
995021599
519619381
173377254
1166339754
1250016204
584717759
1216645705
430021582
709427870419062784
2212638076
1200638798
498846820
789081376150683648
753884370944004096
1089615589
819829657
738311371255906304
4055426379
2592095857
2420044737
334337968
428415112
2844436766
441851951
1219654200
573887459
1394582718
545448505
446490092
971971394
838223696
1506815232
1533314910
2884898632
597720862
538352513
3613300157
1121666197
2419860820
232908749
2845737279
1886228065
2927018079
548277520
4503725746
4872050638
2396793506
3527260401
469755986
1709728165
437792860
487006102
899978641
2464828514
504672576
3036587481
574620995
603612465
937463430
402863215
3000601366
705029912265097218
1121935962
585883841
3995124705
717479185900576769
2301509868
95527487
3034280366
803336895820341249
207939445
511895027
755281777
172679085
2190915769
2352382794
96527008
372937945
2999484970
4871884721
431649074
17053149
1011351750
150707800
347977926
2974296478
2966187939
3806382809
1090249998
144117296
426712009
131506066
1428381038
3243922859
2415685429
407741225
486478353
1257959892
594436794
551374959
988373714
756514855461453827
3047862489
2779739962
454142762
3300431854
1127618904
3332293899
749611364
2792078239
760549090291834880
725728464268066817
796061968486502400
2316274661
462298361
303139807
241289430
701064343
3011035791
232559332
1972410698
416534525
297599017
368563730
233648379
3168904809
448335186
252088941
576539396
332885533
398928323
722878628250460160
774766990124802048
788123704546983936
448998373
717037129042370561
752032310690717696
2929169337
730878351150354432
2824541683
572997879
337155946
499571765
1366886233
4884557896
242367360
1291390106
701852222926225408
356727248
2163227033
1870961815
4684962704
410984111
1295101627
1699665619
1089979686
419739649
2363590581
3688803513
769653263595700224
166663254
3852711633
1395882728
2940755837
87452421
2359448190
33521233
104551882
591983888
31255401
797805269539520512
392969709
774133777412923393
1725220519
809434112
3310877290
407685967
862825945
2289758560
3862086448
2361394675
1021541239
60585795
52731955
57466155
2719761311
826642668
791392103876202496
14828588
3103748006
1829960281
831768450
25676606
1671070807
3244606739
3398885945
298123237
250316913
1368793633
2282469222
407124229
427386579
790662730432806914
253032506
499768893
553620307
164225638
1876212612
