260925269
95385414
779336944916504576
1520467537
785503075549192192
516281490
347522105
167933227
365968511
742950892786290688
25660920
3115909773
412142178
2768557727
57449355
143463688
4506049942
2750787818
1426493510
584025990
332299735
489546240
413452932
759957008904818688
65335565
3331253727
194972957
3928901475
255700472
799611942167977984
3350936242
87764401
580232599
747177225422790656
2543873678
1001652342
273360926
4398733419
634523644
153149370
338354087
2872007299
564876371
506274421
250670952
1036785966
2961865803
453295053
217358711
2525198089
2748927413
73967991
412887059
4173642952
439852615
61996974
385031350
1229478864
4839799744
284071406
224958888
1230556524
2360523472
47912534
147483450
980074483
621697940
791269727830237184
401180700
377915529
760467559376445441
497707343
153426563
484010722
2561992290
1913370296
328335015
529650614
292376362
413354451
967124340
3012976091
1710375336
406841197
2315393595
371310263
884141802
606060382
2885402735
774214326819426304
478890597
314537220
63732939
885190620
781366033231802368
378521973
2574236356
41094956
919502593
1275298856
2149474138
1588323260
779026892
3309021569
589418956
2403776046
1319275574
978137395
23177770
4765490783
737961477898964992
2182009663
2721117566
621016785
394598844
587537801
2751634019
54871865
88873456
837898884
593623163
2827286368
725657324
777025956078813184
3795933213
1037554130
4924035922
767772101503836161
486904199
160631997
1426157994
4859931532
21763276
473848168
19028516
411630693
191488665
487822448
1655311418
747315708762062848
786594969884778496
732286939316011008
1316007410
789003725394280448
2690461578
1623140270
1238622974
1039969014
782203229375438848
785958926084874241
1085405436
264728020
406276067
1065164258
481123900
1374076440
2725672037
629281834
2278870674
472301391
4866717149
2325518630
4294176503
2894149576
343239720
56473208
3229982559
586559303
2777781964
44395683
1387006716
589286587
775039590784729088
4590906221
852595651
2726079623
3310593215
546275216
765293676671168513
3246756027
1653832284
776553725603307524
1062769387
906349453
2267806358
2656955561
266222825
3957645843
2339955737
2949205359
34705503
1065153530
2760142246
775077834612154369
414686697
169112670
785480625960656897
1363855172
1610426412
1180254084
3294901019
3254009057
1331086867
306058431
2293440428
3296548127
2877804497
801902050254721025
3374626023
1054399650
428303633
29269332
4824399766
269809161
2874455566
797840909626998788
1063898798
3865428028
520404945
2494884204
2414699069
294852352
213013841
4807285455
2763483839
2175690087
4135497845
721942034
804942899133771777
52995543
2176138637
389702935
413194935
3148108978
1038389942
13885412
342118728
790016995
716357499939586048
3259602153
850166480
265002050
1007419087
2864100616
1221818034
228051072
2472017715
574316252
602069331
61195468
584741992
2183181957
559922878
477114953
1205594306
70075654
584739670
784753884917075968
170769737
3065734378
4762833076
423259720
489591754
1142166986
4149800902
425469249
1916781434
773222235351965697
1350936138
442817553
323057310
768863741354053632
499227001
3803131221
2716739703
573752958
2991660165
776268201281851392
3063738106
2780097609
2674872705
3431637111
1656173107
794819709535457281
496745822
2282351922
1386751423
253550542
621553
376535256
410076512
708429391
1171490287
1712603108
755398952493674496
249131360
763638409885782016
779967875482324992
2222960542
737526030907232256
950266993
867633500
1227596455
150608013
1707854503
425859164
1219441736
241602781
801457403808088064
354949679
122118708
345535835
759346461758939136
534135497
2391369431
3023877706
416259454
2862021752
140759025
3044954049
372981992
1285792975
52129918
564571580
58291981
380345077
216281928
2166335324
3368385652
1401878311
2189753447
3028742807
451607723
1318802474
499921719
146366004
708581628201844736
349319486
2651374166
390541760
431779105
2332571271
112158044
366188528
302506591
2173672641
803244642
405072283
2984562905
393644544
270139584
548415736
2247784613
797922363270631424
712933454577549313
176959832
1116753012
413125526
548415706
1229273522
2244584796
2365498822
751790735494619137
600485803
1010106986
1154444857
3306426130
590294625
219005924
456646487
800750620818800640
3552090196
2771197095
1093512139
165348110
149057490
3002876873
804945744440557568
3059072936
373384107
763930340918386694
4716854800
431117026
388185846
805660577016217600
33994488
2948374265
447484344
731252371226042369
816959106
4685894052
631875191
4869719117
462764304
2375869364
400358699
1268045520
3321167483
2236760975
12005212
2442834988
2271919946
155560291
784802723346669568
3252748049
795764425697488896
2573757023
789419805002661888
447990549
264015550
3343278628
142590818
1248424860
2910674200
739185192204668928
342883786
2791075923
717319878542245888
305798744
2641778662
3878967316
1064357792
1011915158
606323194
218069358
728846668066590720
352604302
1011755568
94377101
438849246
2486355202
729250648416464896
2851165852
3105234051
1215628212
1470576733
249125525
4883316729
1039581457
14561447
2863629983
2354395787
1293941953
332921113
3357276724
1707645900
75386921
358403333
437807413
447496377
1465205899
2258116508
462300120
41367123
2874858882
440692702
3326844719
2338465050
83583832
401568347
202252509
2791075913
2649441979
434957693
801142783461457920
123246973
117012571
6876542
3251588698
804987889658564609
42244940
1225619828
315798667
322070453
1080939919
788063079418499072
1188872131
3300827655
439057342
113424592
2177788477
421766004
729221180985618433
86703723
701775558879875072
3299563144
3621950242
1333369999
1277394462
482699435
498401005
3928701
1157043744
524809983
893289350
414993771
3366083633
562023808
40687613
2865838163
3347508815
387087335
3207864399
4857221537
2368565725
2359560644
413185210
1128807018
713317918344224768
471397261
2257427185
606186463
779648076
87375963
186755816
56705049
396043184
174204377
2321072358
735645005079928832
117738390
610543495
2343512623
3387594292
392626820
30331417
426094795
45100798
353617422
1042701044
721112026
957412262
1262115918
155329181
113564851
381968867
2508115583
805664383451938816
284683090
805677711679254528
1119665262
2540868082
789202840027750400
282941464
1938496747
4414946656
1018334928
82673876
2467357784
2225786343
1050781381
703875686218522624
516923634
949372327
753838071875981312
243563921
2369487328
1568871624
1158529614
2494823137
132690245
416466936
805657117487222785
3503076137
3034643483
749254721307873281
2907264681
45340239
1975578234
507792558
3289583757
3137718506
2716446892
326316197
4372999402
8077262
2667739481
2178149111
805007670063362048
125371018
1917552324
3380511171
1914532375
755942526
2363888992
319782293
2423095641
3028051851
1171310611
470416836
1320936355
721321298471821316
2185623257
700841898
2485596211
2993817359
453531668
2187974406
525765095
246840871
2508141822
33897141
606378425
62270930
799587629977190401
748240006867730432
1963232000
589261384
800826550304313348
541712787
385614406
459397842
2745585660
344767294
14788200
706194032930758657
183405973
723835861989756928
707828793755492356
1062799087
755102530527457280
244734060
4857718281
993717145
3984693435
784949792
3018290121
432462395
434752212
2322781029
454842242
2785117733
479804548
586561743
637292613
337372191
151815328
700786170423353346
1314231894
1505560448
747147930742755328
58511784
47698840
464477564
1428230713
4117933222
3001145196
4431715060
3424404081
2881464153
433193480
932699905
464916901
555125409
1137389269
4869095007
345341203
1325008650
1322878460
859058736
2194877690
802664828141764608
455110436
323729290
2295417636
4632393442
110121082
3064824634
1019142710
2878208153
2785334697
555551022
254242037
852752916
931508288
500578766
2501851306
2441592352
1354935949
775636532
599972590
341010958
2430519857
4174063036
864661074
2719566132
818078472
303088871
108708222
4128316425
3906755599
835642364
490933406
3121596654
3217923085
1263967111
401701859
25477483
803328369668538368
14376973
2945845102
53915173
228249426
749945237267775488
539949211
994685858
17214580
4184406562
739729140887216128
201359673
2174264578
411010417
731829818845728768
371443272
4832314828
456928505
421155334
1853857640
2221874484
912281024
629393362
115523877
3345594861
168761446
94092819
554826116
3227318753
154482436
423793242
799967775842254849
393981611
2983228427
1020582884
387519649
456022757
2366076180
1053516114
264939350
426036083
549409525
28667984
2970225064
916593962
890374897
3331551052
306985813
4126172775
167711502
4924759103
797043235222855680
805671318653911040
1104631111
2506823304
3106907127
391661534
1710334843
799219281451958272
469396491
1224046206
4925341691
3055829144
801700087525216256
1189154994
1708399825
1482112068
63123584
2929529637
3077112633
385910975
464123632
3630091335
356829372
399560982
4905484317
1118930598
1002084986
704698759800885249
183370703
14340947
3424436500
2475306529
286204600
22651519
749364032310743041
1218936162
1195176624
382539264
545883686
1919132101
398809701
2878074604
1453931582
1160032458
384927860
3432995584
1222387176
1167113408
54870643
2542694957
91574000
2180958723
450654477
813076315
1445925811
2220306028
637057911
4864139045
2163238773
711433591083941888
548450155
2612248771
2154033305
3347525428
142807042
378014511
791161879502684160
290608640
574560605
466007017
425728632
778206337171873792
484832519
327420391
3436788910
316367823
3067910507
57936402
19605785
617101023
27606971
2391404336
804781233813209089
742838949257871364
970172977
1706397632
797603969828798464
2940621262
1072331106
510529704
1879711830
805401231179051008
435761951
1043011003
564148431
981259128
2507487144
985371360
456669008
440074970
390199864
2985256906
748041847264710656
426152264
1283811182
93660432
1042515348
253164055
242382767
74979720
619279830
1121765677
429749558
587204335
158051510
554485198
827211547
3331482819
1690749565
953542285
2862441234
1705643862
432259780
3042269272
725870553853100032
1601716938
772691551998840832
1053475112
702971213308678144
247486840
143143391
2232029869
27630638
1160278561
34556545
2872332023
386025550
898173608
3313156330
195008649
2394281482
929354702
2938235393
1331997265
4689722174
161740961
105382067
2929401099
295322256
3907780402
387694120
3299598124
260791798
603513371
2501520674
382133673
4924594492
441649983
435026595
781228956112580608
587723491
2230228079
1022288858
3238871079
766657539710783489
786308228095340544
794218079878266880
105616077
414978233
593487302
1737574513
2461152059
1320755364
962497801
3375673725
3056920376
1594040222
4865184580
1035183542
546858689
3154767440
897426966
1160960839
1712610582
266046192
3046968035
1355407830
1042197266
97994808
830520494
459420857
50233016
2192498421
42024291
2889612136
2352305154
2322625439
431884957
474068493
130919010
449721784
312138170
786109595051778048
1006905228
408554419
1443186511
773633250
3579545475
393534336
104088132
1366648526
2986211373
3048192892
1356354601
3859630461
751527727623180292
3296712448
556865205
975251790
2821597763
2276225552
1978717158
778321813
1083633715
2867041523
1081169252
3356773221
629626485
787685347
498948393
384225937
803205500611493888
2250627476
467282460
390350879
1169515040
2371698337
197595692
476053480
387351136
3014521558
124816478
4603426582
1317075626
2906429338
457375249
4897518861
298384037
2895077031
995283966
474297452
768353746552229889
2909963555
566540382
2339481904
428023928
2974259825
1188669456
1650015702
534607014
3047490297
2345773460
2371976825
456894487
2347471091
1446113083
2743797029
2747627999
473723290
213031898
1046168034
257665435
1408591765
875207972
190084519
126924380
481152200
132448509
405107680
365932392
1111810363
775748030012284928
724334180935589888
418153325
1556455656
460072489
17063476
2370072126
4611199415
477795938
595878183
745888524
3776006296
469516428
80916521
177654794
390731426
2350347318
169492374
373950389
479346137
2432948813
38692931
194514787
377428756
829417766
97699315
2436883562
512049329
109651861
420626048
705686706406690816
242461972
720313152965980162
2793087868
335343661
418142650
1538696953
2792654073
769128592299134977
993545408
804413634726207488
273104548
405685047
176433140
167009733
71087648
707218166250864640
371245774
1641485791
27083314
463784862
124836934
4088360847
1069206085
1135314306
183037334
750049404
2973163389
2301111365
354901534
251278335
1022801072
425887937
1713647664
106773181
3132601540
458216932
405482706
4850234663
535629994
1966284062
466570453
1913892218
142431133
2597695185
950500700
1711801430
233913376
762667545493172225
546377024
764884779590451200
754527682734526464
338445131
2951587293
366511130
286665260
2809762856
418861332
1696429746
421370158
338457126
214127409
99608633
3225190005
128518508
2261924345
395562472
2678006608
397260164
719652438110838784
500139717
725563716830433281
330554495
327536757
2754565029
367390935
467766369
381962971
332370006
14727477
447439107
467642898
143079781
1404322896
609790313
884651706
1061897502
710864700851032064
3166034463
1640766590
808531951
1107205176
372196035
701781527
564360716
448757832
2498964015
4382850335
919660430
770351047646777349
2508927513
3929077114
2660165421
424535659
723922930304995330
75875137
585674249
2303605488
754074551743635456
1063332403
3970594469
805675765065019392
1192998770
581968977
792721026094395392
472223118
71108187
2339491366
2216572952
2194433942
1596340129
1227025849
1274972942
576924347
1228087620
1037713867
46202228
260186256
470180296
515615524
331630877
180028069
462483435
51048212
1278624774
738033666811678720
446401886
632299570
4063380377
213616021
2543855568
505019583
593644722
526838409
2936019933
140810792
538108617
234339579
411304327
1440784603
804008103222054912
2898075617
423452651
2814172805
2631427167
871132850
4104175103
1068080984
184015853
815373541
861520394
290512047
2197493125
327003115
3223863561
542957424
1275239096
1586042605
375574847
1252443098
1547443927
770735122161238017
2585035709
426120196
185696844
3405282700
101188410
830502684
1947278862
142731535
1329407648
46635793
4120176819
83837113
108061631
534616829
1441922222
528277961
296489835
2623465378
763405961205800961
4830691179
220997167
465046516
2382128702
403034488
1106502974
1289424396
405451598
256509761
431887124
739742296313335808
750717566818119680
501061708
466509888
3840815391
2736489995
781941488
778089012
467729351
1035376896
441569368
1273237951
77336255
395211437
436778483
189874068
594991158
749943623467294720
2889506848
774085705
420533831
85590368
419633448
266700017
500886985
914050591
484992883
369003450
18978455
3945035751
25851958
56693905
496233111
4371150255
101573147
3986660902
1052445828
998138210
2865915155
483671947
3296497990
725291215026032640
4248771682
1183534806
735852610499059712
1384894520
288799307
585584369
705851026369351689
803367854888329219
2167432183
1642762838
19148041
3115439062
1165895616
1344088633
39300792
396103010
714741687277461504
391486485
855271164
2998311941
4853162061
1022123316
338884518
2509748538
489199735
1272047413
2621037358
3194124455
2970328857
123981908
2981757813
563894209
467473645
1377932563
60995609
723392517081718784
423780098
2948897212
284558556
429327262
425941801
784696235882151936
1271617472
707348966241865728
98088844
11170692
736441270881640448
216630942
2606389745
449619945
475910427
437775911
2919170415
418549266
238718282
1539197671
1102374354
1062997310
4432360889
896179669
318446896
1163997710
440021056
750333027088302080
376303691
715495167659081728
3037451333
583373343
2400306869
353660487
1047362311
536769582
388435692
718090667029868544
427476449
1469612947
157801847
335595246
870535988
2346503615
575468669
1954771934
2886098627
26255191
2310308158
2462609518
80109220
1142540912
464607293
96325900
355361396
2603702354
732773769824047104
411449568
249240171
733254501675728896
3341373333
2404586361
2265867576
1140596424
4110208667
801090093197000704
1194659419
735939947862069248
2778060755
112614146
1960706378
538885766
2493992556
4074742552
3418334135
2238273522
236335841
3922344275
157474913
2858721511
2462781947
449868302
396218442
743733144260485120
4864664511
986714714
589899714
2355359638
481225656
21310060
792830488243208192
413455293
2521671494
3377119619
779407172832821248
2282030010
4187702435
294187618
170781140
735888541079732225
4111041477
460295351
1438986181
390858404
353552872
407108278
2941989598
366465895
3481791375
792604497629569025
2204128029
1712604876
1470706141
798920530040590336
397433071
304467533
4718930295
2844801753
2227239038
3118959695
3613181357
732894134906814464
247905907
805316471039623168
2228252341
724699433271758848
4300612829
1480077403
797413169379557376
3307887622
2160445253
124426856
60964513
57637533
560046823
3005113455
271541039
2155070496
96516447
791288247280340992
307260980
1024914722
458666985
318882223
766317983962656768
49319803
932393936
416094664
748630167120138240
1190527639
2363670784
1255053170
1148846582
1021852446
2456663500
804646865039949825
870599125
968433782
173925687
1351222266
2878097184
394729845
787069568086867968
2363064713
83412039
444640968
117297806
353575520
261291536
3055754503
444938307
787056705188356096
207642935
750847152
1105753646
454706789
463841107
4076693128
2396162744
222170521
720577220
2999464888
4228895379
142034488
273995451
264117723
407079267
3036050715
796057575485820928
366252148
1265375377
855050606
392656492
357374751
1241515435
3039628433
805653100765872129
76925342
802942235398565889
483736929
91201238
522135908
763761138047877120
4878708910
602802570
1350411
2478946331
460611317
394830165
780667395002118144
2428907830
302561494
592622025
287674459
1174508773
209228950
1278202914
593788361
28300953
770500091773845504
3239105697
207094936
416866144
1693164817
2364461868
44178283
841814256
3117515938
29182906
713760286235340800
2262340023
764950675885285377
3264794374
1975150249
732278814093529088
1837470877
472893871
132092980
767332922651185152
431084648
702741846
1109803530
2828057292
725284451211722753
618530335
789370898
735218341523120131
3346445038
242399306
1089745982
3973104981
1876846094
1292670511
2746107033
767584309
236352428
456677700
412648819
182852214
2349155478
309800578
448732675
452855803
709468465531322370
501143308
724954252590899204
471559066
138191701
2148569547
349649017
1101341150
268525978
2419860820
2232868318
2306553491
599147815
431881059
45887791
1106506602
159634407
7799352
790690872472002560
702128508835860480
2459351590
1083759781
704078981591646208
1035351402
2510389357
3023038268
429867337
423726677
590833841
262206469
467434125
433253863
1219585158
4895702908
2799227808
251721234
349818189
805668566599081984
185762697
2864983579
4919384266
762595238452006912
2876085995
15057522
155335297
351901876
82093201
262592818
478565327
469354495
196111778
616842820
1129215229
234825585
2888891609
746320588109676544
1210734379
795187955430264832
418615937
1318358461
786921929353654272
391521149
2515144546
942291529
2367176927
2353012439
379280129
3053979329
2169771406
610735566
2841781307
1127618904
339850876
585439502
1244644430
748542289853751296
2837947463
3083483560
375517350
238520291
15255207
2961876645
267728903
2351551950
472272055
915566532
362432939
3654961996
972319562
511673388
165108578
1201012040
4189607007
2468139471
4738020981
3353369697
236333273
384236782
522586399
528833475
252255936
168743399
512524630
389582647
190591610
205913262
400383332
2455541630
546666636
1975163550
2995507655
471031651
603979596
2563174160
2370723536
1915667756
3371322767
1252226316
799985067066085380
4439231793
778238719878987776
1221991964
1926516720
2746267667
520789750
1101446990
771711951353307137
1829960281
3049910135
2736288285
797053138326945792
349555564
800058792197193728
424355891
1163339742
1041994945
2929566400
747307420276264960
1720116319
115618304
2361259802
2342630384
3224902024
447426845
746638522539466752
2973065585
2983489509
926261881
2783140927
2433727925
478988094
434783947
2599783248
1283518398
74752676
4033900996
3301531378
2243083691
754047942240108544
2263688823
161308225
133246377
516432515
16824428
2603902967
125321939
1242548042
497145487
777506347730530304
2611062325
3436912912
744524292050788352
1063794572
233892110
440691898
3244880728
3906671655
708270672817082369
1199579786
3345485428
2982641339
754658882551738368
2746813361
722669414
1013535530
1082718704
723480201599045632
1894270790
180317088
514343312
283636579
1940337368
540531263
329928735
9551342
1633438908
251502882
39591437
717532001
606438986
1070696468
4772904255
259421226
945407058
714415509790400512
188093296
1370810204
1269849498
1709901535
2597684699
441219391
484876382
3121797969
3217393599
2816606222
460507111
2315417601
437324119
288749258
376428291
228398071
453341089
1466843276
1192193401
54885209
936533587
2831439225
1317874705
3499638315
231414854
2987686264
100795724
525350179
544142863
3792736767
408738224
1363805346
744167996487307264
743168926893350913
539942362
738092501853216768
414675500
569363142
268850788
1368863274
221774529
371691154
418048339
1970633288
3011673768
747212738250809344
1635670363
295383484
293401251
1034417863
48090650
2845405989
2839439607
4418988976
736832288361709568
2539899820
409444860
1225069214
4092809355
736896977749839872
1540681682
2939270097
116487912
1180016617
405514210
316535562
3069933261
593791954
112225063
3384497961
426081997
717761771226968066
18680596
1606516021
2373058468
4690883617
501003185
405594332
425069661
1074738966
504217726
439809336
268837798
228484503
241970352
4858527059
999571362
1642443505
1040539183
1042739358
462507663
151639390
1142900882
3024886026
2988907113
1518874812
90747695
521337019
131376735
2285543102
82319300
791976286839275520
4142510392
1026721687
517701142
972884324
1008958405
932234816
902489143
2902692352
1185642630
396333984
2323497080
1613023184
368561716
136013337
4732545197
2375760301
536382318
507095116
50606585
328172814
804451546784145408
288321616
1251324499
917889090
999469686
4266188127
896111983
3668101515
2363886035
749597800170676229
404014024
96220057
3014626840
447399561
627317336
476883328
235623530
251663248
168041428
256065286
28398786
302019918
274694406
558776811
386811424
2807459157
2958307780
631294299
1286298164
293393953
186058332
736664723505086464
2217667895
3181956325
118441496
420680501
229966869
3175896388
2875189398
429085080
512360124
458594886
2970117851
892954382
761794760617189376
751904098987966464
2879695709
2594423644
1320488653
379072538
110654085
755143705305186309
212496035
4702970784
38846888
1040908952
258322414
3827667076
453025090
2658993140
804077736188870657
326414232
744518687617593344
2189941508
32426416
1568726336
98837215
2611778665
3025312887
1179711277
3196988661
3360210892
477871930
2410447644
2233113344
888895441
4243675906
2361360169
52330988
2822217403
327417226
526465384
1254291416
1717274785
369177021
2156350619
214644164
330933789
512204721
748847098234302466
1074962276
761192509280292864
3481946428
191907960
29693627
707223648986337280
354125985
925110174
416674648
854678546
740234825882308608
804377461114961924
4212866417
1397232085
300397741
118053242
536395566
986431795
1220844961
2658990901
778911204446236672
1096208222
1681073648
805673295051980800
2163574795
1434038420
183686681
254712153
1057511179
712647058709155841
299919677
2840395203
1628017280
1341279649
1633295922
2257121711
22025138
4461052161
2539645564
238296764
744731250
716644863849140224
337185218
178346037
526080826
172249828
4835005347
735454622509367297
2340110677
143576761
2841263939
406469071
2476080717
785165792270749698
2846724899
706570580
805658888112640000
121190725
459472257
340965292
474924698
416165363
716326404707713024
428515597
489422493
1143357973
721340174781804544
48340229
421028150
804080566949859328
231373853
3817502380
484570274
4522911016
2389687188
508709778
803495063267540992
523682869
425178744
159551952
362168367
380275805
363795552
782907556159221760
1593329725
1379254362
1275345229
329710075
573945946
726121006981599233
1715662364
847325940
2921663680
715230401489465344
151482583
1454953412
2753451123
701309834612834304
3938197216
1368152558
240710359
412233943
2813922736
406302458
476190413
428184160
432412468
804672019874873344
3187566119
173081447
210820445
254247378
2341083257
3515613263
317006555
569189279
51781061
289496469
4018122309
1031528454
46470688
48142375
1889541391
483016672
1080528002
774613405558771713
253251657
4241045812
2979063580
1588676886
721338196639014912
762290549168701440
545384133
1128760278
2306303684
364165033
488339106
778900450812764160
565630731
522195863
4033400597
1327241030
1004781943
373049578
791171156489408512
533321787
2254174623
796067168135872513
3458929229
586401250
968097420
2785128160
2361163792
44887062
464892799
412566698
325760306
418169513
2437846648
401644924
1479702782
1462482566
166108635
1202345928
4044502341
2873838833
83695575
313331114
476836933
418881054
96327061
1701151104
126747525
1910176993
722166011307417600
3213490474
3162195879
4828934602
301472331
796267516603596801
1021306837
1028060143
2351775654
593693314
891432866
2400349388
943709785
246882205
727209001327427585
2239071753
1373198504
1015460040
706126457010049024
317660741
112582208
565629669
727877553927671808
1213722042
4517800287
426515004
197558355
510738833
804982847396335616
1301115739
376765802
480629483
488587270
2903545671
401648409
4240215975
288810562
2491534261
1320078122
802530080639643648
802059051064561664
18618749
4512296141
214551930
1325242873
1274882076
995271438
41090013
2318598068
1654904510
325152794
1696961976
167566334
489565071
805657360949776385
2531011964
906745448
756496755932426241
421678899
211776502
3146699110
585526923
519596424
1528013437
81129947
68631041
481174138
47880910
14900051
781608844883623937
365770684
2937209879
418983027
2167116718
1044932990
278422359
2376974370
522228631
790854953615130625
3341739995
258294816
3072811918
491461632
499085030
105032281
107175960
3586252337
583717975
3089673065
272402900
487722575
248420188
492732698
17648551
181206968
2352132366
2830900625
1686546336
229549315
2872489588
522372103
628584631
799754734315782144
1028662526
3383450651
170740467
1619874793
982628515
803645797262888960
2956918469
2495957832
1079394200
361341817
2762654597
295792569
318553195
2532491303
704330777190907905
3009771069
606731466
2310543444
1429966902
14443701
2391556182
505191219
3606563476
721242552469479424
3297045029
319191175
1085534767
394924192
193363972
544700808
569450807
71215080
1027369418
109216039
1215622322
2987950900
263578319
2207550247
3233509552
718086828864184320
425384977
1274737250
2285405345
324332181
543703916
203591212
3289832699
2598862667
2172768409
2315573211
402845604
195792208
2235039294
564504241
2772204826
1951047476
471862492
3042356055
496881403
770873928357142528
22006101
972589147
142611704
805681442026115072
1154953621
773074386
2178801373
510021804
538974240
1106420090
786897273678598144
1254788209
405426716
175783590
571304184
83519758
2592925431
4651300527
519352990
3137320963
1407198973
2193942701
2899382939
4754556873
632139025
596928486
49756656
1259665080
476857175
885207620
415058338
30504173
739520322320359424
2957131078
609253702
2306190441
318601197
745349348
23481109
1388884027
418236949
1323111596
201640247
3425355099
601861508
183812823
2800729570
2182278972
2323933241
987114463
390118819
387198659
429274652
730500481
3397795421
551331260
2532142374
2530670296
1176193080
2761898817
414218653
2197080899
1062957535
43282628
482108655
763394561968177152
2326906821
4829874545
132843246
786778001790959616
493260423
479363897
1875403849
2556580015
550428173
3079251951
791716043299356672
563297979
2165533154
3010384533
2682728206
1155222637
2360784420
4219440381
450738991
2264130177
284501529
406116425
2592781686
32166623
431804232
703596145411563524
1254757129
870647947
3641175736
3351742565
705968575
1147391053
395383733
3422769471
212724190
106367315
2932329689
1575768560
934575858
1275664376
2318930618
550981564
2345272376
745025263679963137
389473754
4881267029
39975495
2360568861
398611235
500034455
473995136
2973874516
59560776
626381356
25372496
767076053907046400
2304429884
4096146472
420618787
3586257136
442193839
123064822
989322810
1339138579
980481373
67107066
612478035
459446024
1001303996
2231337922
3616673775
730476038497701888
196560266
342569184
1234315435
142393098
85117452
777565323344113664
2390747907
450555112
2800443747
3298930011
2950362430
1259274158
387345110
146000057
405659403
805673545326088192
426029365
2955504839
780139737755549696
1179979477
36342469
1398381302
2929356941
517876006
2743258907
519667200
1905480774
96295783
2353035329
777855788882812928
726047154184265728
390573861
339200327
752116327578476544
2216179636
402627400
1935171007
2425442529
3069792910
271803051
342930272
2813029598
726813235782012932
371865254
792736317931126784
19515882
378224695
2382554467
3030533474
69630108
3357308483
864457176
803188604491231241
460061801
3390715713
317188499
1941952544
999361422
244555888
493060591
129524640
1066149530
3037978047
432551402
1331128747
299020216
2386573579
2318610186
1206027301
100878763
2497356511
475994227
770967421540761600
776215134511374337
2792094531
3298864072
403325692
55049219
1109152964
2326573022
4024081156
2988179457
2869181698
2193133820
522591515
275068021
3069555215
1058390108
906045619
2424988655
250285557
715687585
574642927
61741831
4532828368
446999468
2944681743
173836023
2354315379
3037864168
942010068
273965058
972517489
381524196
79994087
220724497
632803642
488851237
411323343
1464376202
430169858
861252402
96380866
322715453
224594895
556650372
1167206024
3543518537
44105930
1648735543
68735558
2239964759
1041804853
784280066
61419304
37543090
447923082
2992059808
7414282
382650535
101176038
2857466644
793111703353454592
425629947
2362978181
4697560933
399894162
3293835401
90616900
604899762
2720583173
2959034728
777951789127794689
40353863
636062345
864820532
4464404368
4209310042
410307541
1420325533
2246691160
745228268
1078003854
1076761681
708773624
2667057603
150664329
2367491645
758041897583648769
450924591
2152454917
744514206360281088
4829498067
255392227
419131342
1359735968
3342653327
725949864
2500916406
888075391
2320901282
3116784161
1125816168
293129112
854329560
3062692251
245715438
47727790
58636171
923489755
570144271
574784216
107963238
457697338
570833587
287815294
3096539158
1009453760
169098435
430861596
54492057
461962554
3231846833
1446761334
2795034179
573986602
4227664641
710477759496200192
2254155718
2811388466
2191117734
2763256746
2367157417
279130207
2406348895
2948698869
4653742216
2343678391
540748776
49303706
214892045
299337099
578127658
1230550195
1596833850
436107066
3075690245
1860871
704615029572825088
379856999
2154746892
2980874405
2860212599
735235967456555010
506539762
3242123807
2385838316
547050389
3369428141
4827480611
2728015055
4646639727
328473338
2940769763
4142289802
116190223
549199571
2816446415
33164109
475722471
2348648967
297548565
262777162
3191176588
1092938449
3374386924
538975251
490290899
1082984088
3762684742
402821533
421828997
325165914
2754433686
3246519603
369360844
201654791
622645526
395260015
17649765
24855530
1726668865
105074240
567248619
468304135
306923201
1482937470
756738252741173248
3064617951
3239066199
712169550687633408
312616250
762186331011375104
3187935401
140287042
726046612745781248
14099501
1011151154
3052918302
1028180126
4857755519
770587331317403648
408084708
356073621
413092209
621972312
2899180222
2375820781
1667596609
462026678
3394136717
785779065617846272
3541337895
2205027585
539888174
1063454497
471861275
477654724
2859316269
444596022
64139825
3364282811
790619251145109504
717069146861776896
732590077205958656
8032202
1331730614
3294739884
432742236
712588248
185760677
1273295426
994085474
973456609
636328779
3413676334
2244460336
966297074
135842886
711204723110645760
506123655
52766368
286584597
396151080
4187675614
822164642
739855069110259712
1091771214
248734017
2982251703
773260743684788228
3322620622
2265822070
720515573
791521154
3145549001
1410528320
541071029
550238861
270465914
2741099667
460516696
4229498536
1104133098
137939617
3973423342
134522688
68640468
493833883
3107226245
1150394972
1114327278
4506015149
740277257424523264
50662478
726721856749842436
4644414735
452887985
3928129463
492345799
2980878029
2296705165
242718237
279655508
1027404487
2754433723
499999748
358111700
610814425
116174976
3305477253
3380923694
1570341018
2862264726
905847060
776315743520583680
716881918323765248
805639749562171397
1002456354
1387260044
1384855346
2374899158
141529750
983351833
2967986675
777892697487081472
377660882
804759689707847680
142088836
552856526
1370106768
21803228
2288643866
789378738093977601
551979725
3166928747
81467672
2169077983
608903612
3230089899
222247914
476028957
406947394
406545803
864790298
1074692840
346584828
706458199457722368
2416058143
2812037741
4898473762
3256271740
48981619
1037749440
508645944
3018738275
237230989
1032237176
52784170
420905398
394751153
2837876374
602574015
105147732
412425317
153384793
4873807691
403041112
716211027143233536
432717347
2354462598
541083079
474023066
1958960383
2389629910
182777606
4787048363
509244219
2301175841
4201307896
1459455080
2609283590
392694342
1924748329
1742405558
1361634884
23578155
114422783
278054588
404335163
2173164022
2225946053
2731920166
805668783520120832
103543725
2742709167
172444822
357788544
1465687267
2745157399
460529921
263796576
2527227066
804194731446116352
4634526567
2202371624
786241444193468416
602182097
1037780202
39282077
715756233433739264
784717763587739648
1411322347
1945087009
752800121138581504
1553447190
3115015726
2870507268
2955027305
424401692
250774432
62456552
244078315
128859858
1399672915
524159323
70364552
8226422
784101368646819840
760480211343466501
332092446
2583150213
2304092885
532347972
605828340
304010529
56635616
3704995755
1062548953
2342856875
941567396
803695405406048256
4327300043
3598014375
2377659453
68182390
3365915002
416825993
2784216706
2824179354
83554278
1063032426
3417705226
2824869975
118093941
797138085725278209
2722863047
1412705316
2217238576
50040128
1289227574
2525303475
2997609233
2545730562
371415996
722053268587855872
1013753576
2713708404
275455208
197769066
1247071002
329277011
498776396
2188803397
444537543
461229005
60398437
761582724176027649
428364426
1874790332
2952740961
1312048352
539829669
385132187
2299203717
1222570518
313514631
782126365315371008
263046135
796980229768093696
802619024894992384
794174439072133120
204299339
1032967056
391424539
220729165
2189190782
3319305760
878309744
2409588109
1103641160
458347992
2339054926
174162415
4876302513
44599331
6827962
566458191
410806087
341760748
1061399972
366653707
433717645
1484857849
52405658
4576911856
1025143716
1109783090
295064979
1180711645
2913072586
747971202166231040
501750077
123871319
1083273792
3001742419
49430646
805683079109033984
3334095760
266235426
109962743
253714436
449240411
758715178259210240
1657894116
1040606826
50269311
302477206
500592857
805553284337586176
569239961
136386226
2962475685
331243354
94966761
802385620786155520
481603544
1593474428
788570161800294406
3347512257
753844651929415681
1085901524
302259113
1354801496
393650311
147611968
1534732470
2921948057
423811258
415811043
147371974
1029226392
791370438907686912
64144248
1269055614
2804123838
2305829379
3093565820
795045803547127808
396665771
464707055
517389774
603484616
485521993
757599598395482113
737964567737864192
774533984009289728
1926324451
567115810
428889470
1240919455
557057167
1121492119
747516809323122688
133242957
17715444
22628539
420852268
915386305
1085455423
446090752
417404028
459007894
17655445
960542310
1474185410
3306991895
490406118
458738784
736491984081281024
418778432
2153829339
788384602960297984
494450207
3588383897
605858121
2689925565
1277296867
53139843
2215711553
88885558
381128944
523613502
455997804
1434063462
2934163013
104107919
799724972210065408
2957122799
1660890594
2999879276
96617396
737026430467444736
714382420
930194618
2871622477
864767977
4887827675
879705577
724438831
706171154092924928
418688411
2809989688
752853790508867584
294482809
1006030926
297903655
258382452
304329439
1405789050
468585900
3133541547
781120631651860485
3347086647
517665250
4221550048
575350675
765205884813344768
2794274979
130111210
776016576
2429092036
2788003186
1566023431
2429564733
183370196
492916204
547890554
22044633
3054053033
7278992
1075851336
565354789
126903762
114041232
2261701074
3172387397
435917137
964899726
1022838002
775577177278513152
355621326
2473348917
1553353790
2829406336
346411027
18225368
3294527697
17400044
1238881056
1295447916
2608151325
586849536
2728800485
415820835
560468376
1023765146
3370499337
1194513426
577966244
751978328
177321655
1163993796
284706444
2785020203
2225639120
2250936137
3078470825
416329750
1056389828
2832590483
3335390896
2301509469
782177494417960960
721403639307374592
1676653410
2519061382
483198813
866605699
50235992
3239175100
1006597970
736290813962014720
537393521
606546950
844292455
43503218
2875225859
2968411493
49013512
464828004
208962256
380266107
515589181
2971151043
493870947
4121762391
754620296993333249
624994930
3008526447
722421795106766848
2254861851
1009028191
4888427439
386182882
3743344103
258412697
1169043776
435173619
146858495
4886966033
915103669
748396519024369664
854310253
400983889
23930852
3345662765
4843542401
531137922
459460560
4149352993
3248511540
823490869
1412500075
495929146
2840014361
1930118646
1620517057
1095179161
2258396676
3073392429
4136610017
116743111
1068728030
3026533353
830621611
447990031
2482345727
3425603783
4902342166
441851951
357402742
1018323662
1064212633
483304367
22609483
390250086
1129269444
4624536622
328551488
2813579953
3342531046
389104963
451410343
2698941508
2961715115
803200194254929920
209786311
789641061996134400
3931969841
743008518
3127610290
440120294
230696096
1109887628
805675285886681088
2993021697
404022377
114447994
547883408
2768929786
782482968581378049
836007223
1084360147
2895710387
1858960344
1062892747
242071863
445626690
3995124705
98875589
430637562
4867155778
755281777
805409336373690368
2190915769
810950815
497187562
3871166063
2820331583
112485367
2906554709
422951125
2999484970
532157140
150725695
2822310640
2298091612
2817304093
2356966725
749687296132321280
412094285
354896841
1648199708
1608647216
3318915569
3020271189
770711257892749312
489689781
2354744221
3405485543
35252397
261676003
420351046
569680694
2907774178
1728972326
2273200191
732452198009868288
239906551
399314100
593572152
535553704
278210313
3001964055
402670015
2928096323
109082696
701064343
2862461084
777664636300718080
2933685617
1103232462
790126069848367109
304510359
2730120155
2822459200
2786191966
805483403101503488
1077366451
1321204867
1417917962
3989249843
706522020016746496
771232888381550593
2365306980
3001660931
3401430430
273051883
1063634156
489549580
1100350039
425774798
2862250054
2480274133
1261559155
240792961
69307922
2737195249
2340205333
778241024
125851628
400619636
716624223519830016
1699665619
792822759516667904
3688803513
1338857240
155305005
874365966
1315279232
432434135
2588246800
301507167
2523336293
63822625
2911603197
1037938944
1068943938
4754375865
1452474535
607392044
3103981311
263686293
794961451194712064
230498344
294535863
2491289936
2981988957
702918430966587392
4179246183
391896780
430330483
1368793633
2282469222
1119007478
96563143
727094070137503746
2225287925
174210451
3050698037
804047458334572546
95295597
749338057309057025
483878513
311694861
3226537523
1439123106
3385908647
2182969790
802273105292967936
712972584804040704
801395859032330240
2463140385
2865452456
3179936722
16986506
3652269263
463201042
472905491
988588922
256435935
3252122602
905857526
422340734
277465345
1262007300
1269842413
251167680
384846800
780154938529812480
547128441
598374852
1077499177
1061139054
1592101442
463834585
778859035122601984
104206983
769651270613426176
496038655
2984502441
782809034
784655540874076161
3400254046
2241896284
1223079336
499128183
615152166
371957516
596821309
2842193896
21303464
4143635368
276380022
743821644150476800
2822852759
418743064
4419765201
1307016348
457499223
585154533
387722961
283939901
986752094
19036104
3001084382
1183949023
2865752314
43505930
1351201297
452010658
425730108
462701585
2887095707
39086167
266716563
485012318
700411478977994752
7184902
1162323121
736314886154768384
127899399
71488891
765453674
3400696882
1259828274
1082575249
793742589291790336
1208707927
783190940852875264
400644796
1151076073
3126510327
1017412344
482180363
3424592986
1146115483
254402535
862766647
2299766748
287153306
2629123617
2812760284
69910168
2589653764
1080882642
582037496
2744358657
723383283732488193
2616804263
3089159795
2347753713
2859533865
484170638
590037686
462156900
501044103
2943887993
390386210
352464479
181959714
4865074755
711206425
517986135
1649996461
2718407860
2571531093
3423588245
183166373
471281332
516741709
4895506510
1126319712
468746327
2647873162
3893146701
397199507
3255935603
703147891506872321
133657565
1886964282
2585597700
292902687
299714730
414016969
630573729
2433969870
2613937934
796076036299571205
2958400127
515470569
291328012
718157498
362676761
2576150098
1521664754
136225328
1139825378
2196137971
1655956146
3834367960
430200691
102433630
2648038336
2521854263
531851126
1244749964
803685247707738112
741083478
1089695654
788049329403506688
2194307234
2345481387
188708174
171447577
582622919
2567565267
2265243021
129482901
751839486
993579870
37489640
419660075
835177470
2250752450
879086671
167085694
123940715
291245199
456878624
860222119
34666215
171505056
339101730
2801683877
2570682238
2183243896
3909032295
385352177
581884218
1325552473
3290984981
2318573988
165052214
635665513
437764779
625759230
3425872223
526407038
2584060242
514552306
15708776
2513339808
419872457
739450814591340546
3216441514
586654722
745916794100125696
420210142
252197304
3239016405
2850135335
59063143
37505400
9046922
300226654
1495017787
1495539583
738310503664111616
2994797199
548460337
2887743695
435816713
469170063
51361757
159985010
182038243
2984271976
3422463641
726702386
421817125
541360302
17709747
404988328
29176200
767018368947916804
2784080999
3240590409
3035069429
1407784639
89253972
578977033
51780170
235438573
532920941
4854132653
420987413
3104441007
1547361486
2876343016
2376928902
500689720
3871871513
33228802
3326316339
3402352203
4859340755
426130127
496989908
734053598884139008
396143318
3521541201
1311669534
788770928
390989801
418624595
2669653330
469639681
1525423148
495466998
734511896
503288686
3010269323
999315278
29302472
166328344
989340356
2207687193
285606028
876091626
414185837
794092015634051073
264843937
730428096717979650
714202052281376769
1504710145
805682982891700224
3719207249
4833429358
722327438223663104
771607371936215041
1100783203
1000188997
3124240699
196787117
2182403667
403703062
1479828265
2444235358
831144326
1162106042
357768740
85657467
450911836
3243380165
3007418795
1657995446
383831016
730370780677193728
796421015052189697
3514615637
784032977051353089
2887852763
774225717353672704
2774751706
1028897996
759129447022862340
212870758
225168723
490726710
475788416
21825227
1192866157
136622333
1667689482
444598054
2982262649
401650330
440333722
369728921
3150275694
778177707234451457
195774026
2471692167
305481008
2322754363
107647855
334637294
471347700
4474334841
1241472956
782138334
2330261468
2416435813
1009225098
2978834169
864123438
2447213385
486411760
30840771
972414750
1884357642
345954990
96333128
1485214532
788012181598113792
358805940
410195814
4827636455
503172196
758737897
706097800040357889
792782161065680896
543261945
721262035368087553
1870641289
382321529
736331226496258050
421741576
2982185843
3079043344
712376322
2239479319
2243856722
986791688
289858783
454658035
1696504896
2890031807
1314132968
266872025
139468470
1386808813
769857097181769728
423088643
1328664937
44171944
466494379
1233975200
1228034526
1009192315
718337999474401280
991727834
79151996
1614960044
370182507
305812698
1615176902
2869334632
2842069119
576106827
802979230409719809
470358667
772800324675465216
535318339
831981618
816389954
856718436
1339529246
312577649
789419320984166401
1165412916
471150852
402887931
416419905
487388733
444084612
801028194702946304
2570849169
2243165614
59200159
65986070
4058624363
1021693554
700914468
768494852656996352
1168797480
2619223101
735366894857916416
774525301175029760
44948272
1060911842
2508454141
704306981348188160
788484775761895424
145561037
2865791827
1122659574
747706717656481792
2410911599
202220952
515350705
1423781100
439290200
354284014
3345161205
116777260
209618253
322933929
2224962167
799504971502944257
1002265298
2735526789
535739496
2343281118
317278377
143644268
66739125
2920076253
960220688
459441699
303365029
797740375213568000
533179045
795555849892691968
155856263
556818121
415045443
805042719252942848
946023379
1293072541
496795333
775774416768761856
4242110961
742455271
309178760
82351989
81656841
4047418282
1367572112
938746693
1001239345
878913366
59612916
189801758
4919837110
485101194
206150503
522616321
1080493914
1255311673
435117353
4379409015
26295447
2523613014
452985926
1180597874
1911991346
589312435
524257238
455937572
2961103684
120713042
323878685
4838445220
398867698
3348087791
2394573401
2437309637
1273382059
2980805341
4383831976
788332838261235712
581285865
186836715
871183387
628610113
50595914
131102560
1071257940
38669647
2349698179
431663224
1258831921
802921215715405824
1087074564
1248179430
163971436
2868362039
715992854196314113
521450521
3267022391
1008683240
122476603
100071422
4736046826
365304824
1891583048
4069758477
523138689
74703347
1178473466
319521867
499876766
4233859347
145978802
4581780682
3428888823
350235658
3432900449
2982334853
394004577
1111225376
491317733
118673832
101805791
437710793
787992135236775937
1712830392
430230572
720132395068952576
400654283
1187171011
313834398
2347482439
4928491697
474932878
3277348753
440145254
3448617916
4403034262
87648838
507970638
721911823
1360582447
2525778087
1040102317
89528661
2262040708
30635733
303937763
3619108397
1531171376
920626381
2533019300
225811646
459318215
266228055
1368025074
3466428077
332662414
1022092364
1378574263
214634150
1116084320
484283282
251106558
841469377
486994488
978557845
3884169503
4847651633
489671344
755359
2537853697
4204326923
1404546271
1399683188
1039613491
347436426
847540710
1690434842
606147435
270418337
1374637550
48003965
561428972
776867281880178688
800374608989818880
584677870
2280807893
768408609889869824
1420443511
1402978436
2225761913
1230361375
496075532
785027790961778688
3079236778
4273349056
444063000
382034832
532222780
795327254834384897
4891656874
3329103785
418220117
544465731
2667220697
1213170632
597408853
1125109992
701388779114930177
1365032677
4050739455
99702635
2677706490
479440108
186372018
445424014
432911959
467573735
787888638
740363588293001216
3229041533
761047603
785452529341571073
2275643739
764195579081752576
1131780324
961186884
3297456253
16156600
2719646255
3019629387
862986014
3050488523
426978385
277015964
1672302936
1286047106
1058200926
852983923
51018936
886499509
393040603
833224730
3296143359
48983716
461443740
1548872300
4160599461
787271624420626432
2944052776
298186616
3299490593
490736218
515625461
160482380
732478040748363776
85421094
493108575
34597895
4193560450
168782371
742397869
1104120920
1401604591
801361825
50276763
15047521
1086423912
2281953847
1190504383
630524940
198054116
259128394
3333320007
1024976264
381386131
411702181
490499786
1089513403
245758830
63126601
1294174362
452105508
336172650
374941410
513253779
2365011298
765852936014626816
24905259
728896590077890561
852301178
2743862297
337344038
612649328
952009314
65637148
3888428213
1179865562
266608541
738104685496827904
247722432
3066053129
4499861554
754987361637961728
1882717945
1546601714
4765095501
419768382
2883830458
2865271140
393647707
248453535
580138448
773732464254709760
525035078
7030092
69167515
410001580
36662574
3629322863
3746304743
714527714
1710348528
2267581078
418203531
3133358394
302781617
1470458840
318988340
392933135
320737259
3225886745
95188073
1579500278
2613528768
801351695796240384
494420235
1023796488
874311997
584056092
251509876
305255857
3709809921
235078393
177605019
92343472
748056440481394688
35438538
2917914052
790236538982498304
3050234032
406954689
290604277
295231631
773054104549593089
3410755455
2274450562
2450692721
1457648719
486806675
79984224
559469909
818183167
2191221171
418227596
475086960
265408261
597545163
1407951
204041863
1031302704
422784386
787436305298796544
2494263560
209007993
706086896275955712
481390533
410764457
432646643
109652224
464834581
2359281943
803979599210233856
740257403178999808
417349910
546956225
326340678
67851783
426425509
750327113891377152
418636676
118978778
749499688546603008
228307719
2184861378
866989075
3254557839
801481023393591298
2448563317
871223384
1962674090
3032272127
477543705
475296617
4602580341
916522718
815758254
760528337966133248
2596813652
4513753401
396697525
220735596
3125803247
563168095
483384295
122026959
3190025923
1275350982
603657965
537290044
384792569
2185762925
785104448
2211388062
2496989087
873225552
615987223
1254790184
405792460
1062514339
1943087478
123298770
748825296
1619926346
122644390
2160538024
1038138457
591651740
118058340
164205065
2461728571
456113087
1007270563
421145081
739407931922386944
91559209
817477074
474746645
805670255007793152
600836847
758536608945668096
81075901
1369503762
503042698
2737149927
561473002
782271812084326401
804156228389797889
365105383
3399075250
855967868
698085001380937729
2754876919
4208501391
1367005093
467292686
305673340
3891494854
1313965278
417947467
1534486934
3222471694
713625460878483456
581752139
2970098309
3130653934
720897240366194688
776157810061086722
4141896917
2227385970
500090809
564009989
904459598
1537342195
761328090
561391482
2969563023
601607662
473994961
454177020
460496157
985398132
310215639
113643008
606572020
554662429
2325971197
54918431
1916730854
2349902485
236332690
206180236
583894749
501225684
4185374404
4858261319
504919754
2229631676
2183205763
1026219187
391279725
2799652340
55376849
3434796675
531024722
4196176283
431603447
767688070779002880
1048443139
786925281168748544
1036901706
398987806
3032986251
3417420076
736676121580871680
1384670900
60624922
2584054678
779388069921292288
510081353
802111613218226176
546859105
559822492
4890120945
487403439
281884852
786233441742364672
4139076737
39028896
770221658145566722
508877148
839407824
1249365224
4284146182
4643642182
2562814182
331804210
995565133
738792369609396224
800053105433964545
1291622634
2962566419
1037740650
3138188655
506387757
844349287
728969931853828097
1012109510
1026730362
19484936
57284294
791728633
539098109
736596690
3069657982
730034081698877443
85793992
805376249468252161
3386020371
254998344
496843205
2184144110
2569037141
560577853
550870326
4797636358
1034473320
237332532
20323844
874801201
805119209588006912
391286828
3004255601
412506846
709483469592793090
754207227435704320
421236822
526735998
2316595409
397897565
968976661
4474043243
3243194073
595786440
488684786
306107346
1531397095
3373955686
770995119185076224
436809285
749325100718100480
27199106
17398391
249099263
393281265
362550965
24252705
775074632575705090
254092558
603613167
303172080
405564749
2975094340
2986885877
2342864812
486787100
39749733
3823074077
96393039
431976775
150291895
4169103195
3096799368
577936933
213701988
760072132680384512
1074173322
747735140047130624
458605077
237008926
334715057
400258163
2271749877
3085902740
730098624907071488
1037325842
511797511
1037288737
531839676
2725556453
504249100
2384687890
3400063569
980929243
1326890640
706859142011559936
804319476657389568
617201169
2847838805
546892543
3024843525
727601807845920768
2960469293
797831247552741377
28433379
485512541
266458661
593552839
980073871
923410116
1858411734
2530546100
4866066394
330055714
805667555121778688
93953682
4828257199
493981441
538026138
425257831
528880530
145382087
212569744
323835105
2735851361
2712331625
2206549446
2184627463
2460156105
722684492
1164174092
2937388577
3134745514
475345967
523634182
259610484
738070283819581440
2662325954
459256707
2609290294
330342815
428272958
130137556
565658427
407233459
791382828500000768
3054231435
2740292727
315140856
254625981
303219287
2949601762
2945491781
1039860102
274082878
736168420719394816
615369614
759449605
297353414
787818033792319488
409540134
4211779384
2539591331
3296304233
600977226
46093827
502201170
227631120
1630455818
574765497
745591691403493376
1591807034
47708105
194275021
73971750
2319141767
2193962139
704779333307650048
862825219
406437699
4664853389
501691674
331769401
72125038
3296335373
105854469
4783046858
2318283220
1358611800
975831408
794168077
60540719
1054911576
36162307
788748184151584768
8483062
221310670
1413220182
427583657
970153256
1116398599
760553148507385856
1060007233
600186678
1081132770
1954747494
805643698520358913
2211154277
418182783
47338813
299535779
1346676926
351221139
700690132769370112
1461760566
1083672512
2217996483
3064173617
1178340480
50232653
703666667969245184
3647888832
2454559204
557127139
1376382397
735473303876407296
1264214780
397572858
316364685
933680802
1442053081
2656984642
573743846
291837985
1586673164
4114741037
3373840360
1942231741
1013246078
3096441706
184416047
2484857381
1067982564
106758486
2203488436
406123480
2268950237
1063119836
2866614668
2992689333
245079861
491426516
257499288
2769827087
1620370315
4873533245
95482042
231779512
1371016687
2359426044
3007267479
779364637666119680
423294786
119128219
2883758397
20447747
774917832228343808
962462347
432688797
393383204
3369517217
1387613059
2328471661
1729125788
3027177286
113619413
264978128
500214625
696214495543296000
3102763995
4717259193
712600078784008192
1168160534
430995535
782577416548020225
2187196541
312846503
3385699887
622267653
2782565981
760571713553858560
2256287230
2241274927
15779253
708997585139318784
1168148899
267832407
396756630
141851917
856906760
3025403273
3064631746
254425459
1050722125
2396676379
66969520
1102070556
766601799155449857
3152325916
412500669
503199826
2982639635
419666387
1270353937
422205561
715695040899710976
405531047
7773732
258457223
3386772711
1696402724
2405656973
804753644
491104092
1116999974
1608490903
2729415801
2879971325
1039764409
759414686072901632
1441728823
480451727
803371786993893376
150433238
48461963
413217587
272015261
734763192
4871813147
1010807990
703306493215563776
359541331
771051101344890880
757173570783043585
225033013
130580971
377430097
3252476633
38493020
408474577
3376387594
3147416317
3251331238
418567920
436833006
78562487
4918665993
303618346
4502427562
421083877
487824356
1316655810
742259446764711936
726839713504571394
45937678
946564446
1605951806
1220918803
122414199
701716640988270593
465753888
2523568577
4135892957
4242649756
1381449618
564038388
489878046
485039963
146215776
733262478235344896
930285348
545867898
224799449
3005710365
454191208
4560243317
105422399
318615150
513450320
4688837276
440129895
548544359
413060957
2357919636
1356673152
3401227875
932888491
766596641885478912
1729630027
51522357
503194893
50239937
2193903789
2924806749
757251812424577024
446937751
2306414611
418516300
60599585
1131628525
2709647816
460275730
475956693
3395020235
416157935
797040977634623488
782591780361539584
1057930387
952558944
463958008
389500881
978186865
3169786348
363542054
780140293832249344
838011836
2435099377
182789259
637254997
804354408
2663458522
945386772
235738391
411670414
816169412
1192260607
1158249168
254607958
2808781408
424383813
20556900
2410129514
1283054618
1096420074
1084152606
354364814
799589452641423360
486811448
482492177
1134720390
97274260
83224596
96389952
434270820
2594801938
418145829
1427556781
2559279620
1172000148
782492444336254976
2800392316
103056844
786432845111635968
797788217676300288
614694618
3169206307
2489744155
2323711273
2872304134
2288536843
2501654327
3428792885
1916823222
437890779
1064074927
434824030
3105590987
4845999597
76052454
3366407398
293518432
88454221
498843395
461072651
2445645806
469267629
109573130
361981418
311056063
778478980370403328
1892674471
766471224
431515921
477987677
1357710228
791665194619592704
4870391981
797008582822821888
89185366
791359414993358849
708587318786007040
380918320
713837123770716161
63751398
973589256
1339164217
2177262113
906331746
705498619
636850241
32937876
229783431
2385290202
1024778318
2273749855
469453365
3293835712
2267174346
4463441
399938605
83390963
4447621637
1885903771
3224046916
2359153168
202256562
375285024
2325991760
421166716
3325021203
801145688591568896
26504043
89271619
257709473
2506571955
711644026542399488
456468565
607981040
2438022373
1609856436
790939785149939712
2783799928
430892218
1086749148
187896196
1052908075
3141569843
3392159079
405400711
123589310
765596494380531713
370588169
634434387
553873961
4812464489
37907599
560462597
1880183936
472989062
2863542886
331886813
453851050
471888854
712711445
946620907
373423842
243097501
424538812
223130096
389253630
491318883
700817890497310720
908512855
2638214938
2893060011
1898454446
995021599
3553383737
305670996
413923650
501976583
500881322
1520493128
396737385
2763511049
385851132
129471858
805647024993501184
865001173
465631373
3166156053
2841136744
86276945
3874001362
970760323
2502313861
1039222730
289844002
706898978797973504
802695536759476224
3332720836
3204068644
343925514
1960349744
210981281
1063694274
805668986373492736
114723978
756103721268965377
803426934940123136
636355979
549238410
780051591273611264
744062876512575488
2250138083
1178411384
497899308
434780087
2158966523
1563877585
1593270115
1050435780
845781758
52425615
740624677
2822365304
2791413571
1372944860
1879889592
1857561044
83933691
396774338
727619792757243906
613714212
430033517
3759723689
1007512112
792985680125231104
712318478200479744
1418976222
17053149
2379935336
440247035
2189467576
2307288968
251235949
1271173591
21826264
2184610516
2160731013
436978029
2521301199
2196532040
875347244
277951072
155281042
733168113672413185
447896469
3804312981
574543006
574568329
119067790
1219276627
8015972
110769331
2603657302
2472194584
590357970
348323243
251556401
3332293899
1015819494
1046350843
484091132
2577663699
109578008
67283912
52522751
2217605910
257953952
2851968971
482482833
1652968850
2387915210
1607513726
105538883
2945586671
1026789085
732472848128712704
794144671236812801
604477428
723613076130529281
516736949
84800149
420388790
90636117
157016569
451083998
915473534
411810147
375752861
745130481931288581
430743919
543062643
399663966
516778754
189473791
2886633449
414319027
1063955917
1870961815
2358353824
753441108361961473
1294725276
507148157
1524322628
721931076088827904
2506822612
419739649
1014738026
859727670
2837968374
590195913
1002410604
1562493492
3023266619
2386237696
33521233
3207784403
801358448751443973
471478089
243207562
1440629558
1041550796
245054440
774133777412923393
2208802430
79697729
407685967
1021541239
2316519053
305739479
217815159
2543774477
831768450
2234822984
1671070807
862598437
827245560
405430528
376778181
109578068
2728402871
164225638
770208197537923072
783180575452594176
370182024
2203590867
599247299
86987331
949613514
4251078683
805492107137994752
2353634446
4609954173
425774129
715621095710265345
2291495448
1676773849
3152228475
2795660401
2480352662
775304806332243968
453434150
853635661
2313554308
919425433
484149605
68421930
730389738323099649
303754150
2269734236
554179159
465663519
76282614
32917922
628183914
354314814
2198251743
53053554
772043263205318656
360518583
892953822
1209045662
277955015
572582980
1664957023
240317733
262823312
769434494789091328
169553699
268516112
2513230784
3438905411
3126770075
434473804
2227099600
394849369
2508896446
175735147
487792546
496654038
2155726458
728807104790794240
350791815
200313023
17469056
1558337898
249321169
742646996314562560
418758587
229089974
628761443
2397541809
2574033231
1069605998
1323031944
2633956390
4866039789
497101859
2807284487
781046072865087488
3720860206
411196574
811076442
52356694
769541161115652096
729909979768074240
2345750573
2532595073
513335052
83159506
325127006
2809737264
562947998
581617316
211603206
2922670673
3109897131
910560739
960551143
427506033
711155949986291712
978059748
129455752
1562752760
2178600592
511534517
765965375792148480
483965262
758662050612649984
735107028
772298888
964810638
53347598
585455321
210501383
1946899837
308306330
4186758514
709862134126157825
2759114062
501598774
323676734
1020228091
2854413556
798570804086763524
2194049697
359831779
371749840
1148946079
1147448544
225484216
805681620334346240
3399738400
76322339
2689440504
1558979455
440190188
242295508
3914047581
1707243738
800665008384315392
321903922
552207219
4881271245
1251326239
414341453
1186609874
53401622
2826747794
3055057510
467350010
2756993560
574252936
773899240221372416
109078503
383930445
3291493733
2855083180
434201728
2356846439
3396842451
3165463553
2376453195
2767422555
3405634973
739004693058228224
419544191
31666323
127575937
422468997
3053723635
103444619
4404703516
777217021629038592
2263144866
3065878563
3110299618
2243043647
347503470
1492509740
99138383
1425106950
544660124
69532732
61122067
580422411
480693048
426758735
673203
2277393583
397526244
786238108631052288
115706591
3081135833
1472889176
412453150
535066582
723777820309217280
520607267
220075111
2588051975
418885515
85318357
2889628751
4076025623
3290121591
470384469
3115905790
224541473
3047948086
312909231
1171488392
548733815
784793062631432193
2935641575
1063022088
84887445
25499078
4326503175
909082868
753570089094504448
410244065
397110672
272382855
631436852
81318149
1003031718
2360749273
155196607
106473438
395759988
431966787
13573252
843528308
805145682063589380
1581537397
712713408806842368
379265008
734670856400560128
421422819
424092979
2404629743
2937411783
310845038
148099072
1219977643
2513098776
1259494134
2966670283
133207676
773502885502001156
486015701
2362605194
308073259
712640136081776640
573691144
434993776
1060714188
424388863
711201162855391232
2282008813
98462876
135547288
405817197
448070647
718386886172110848
3439290718
2431870516
3309946937
1337596044
2339917973
2813738574
798155169036898304
3166400685
808985599
18505118
4386239236
633715398
783582587608567808
1112068350
1226107051
18100097
428860185
1532365549
323133173
2589698269
399627582
1915491469
123275064
256920776
1561385658
2852089005
4875786929
2962245928
593136453
780781880413085696
1351561135
2762851180
747634158357323777
550018531
805663974431850496
2151500878
354867767
2729953324
1936456670
27992407
2573483704
2366982160
1040235834
106670846
1621071816
154322105
737298834385166340
4753982776
337559945
365065358
334658624
532445469
381430358
302495838
3111670894
485762114
1563965450
1092079567
318575239
161212876
38177107
431810837
17720572
268744692
3296033922
82572788
94981476
935428136
447383139
14060262
762727876286410752
854466968
518938648
2435959670
4461419740
747622538
180865192
501518665
3179223957
435593541
780600092
610172160
1183794373
876489133
2657310359
477654099
442735679
756908583648976897
186369816
151087202
749365494130601984
418980099
2969955742
2357502873
326849076
3201907600
340160223
796601553616596992
433702678
3342791722
2979240557
225105585
2196119609
2825948777
1726428481
2785158801
1408457424
80200885
405054041
128978964
4654419628
4393976543
805672255539834881
1852391984
2481535589
1896618822
147469640
3878305648
4920372220
2544957299
412894524
436128176
3336714819
746302511095685120
34257738
2742795723
2179652340
1155119443
3423566421
418602742
2875009713
2272705066
2243490855
82960906
1035456523
2358531166
766066296618414081
709667591896301568
448842961
471117838
1039713476
2448102733
2996708971
434001132
592246362
1283090984
329830899
859927674
2267448493
3020571723
717965900062793729
423787736
797144547415494661
554581695
457442858
794167228530823168
317951602
1433806334
200146354
2183863684
2577315657
4016008995
541166427
50286652
397954508
4081240757
3309800535
501153654
633077662
936708194
1263818557
718399714325094400
229804443
863028571
2463100707
571869122
3373801840
3033115726
232882013
731394546
459908865
783741519564005376
3205996847
176921640
50262676
621848107
2829230812
750670310
3354849862
434864209
423717140
390259533
199272650
3642066137
2289505911
264565063
2188136124
227855396
922990920
198061659
3247238885
3081348035
1454233897
67746303
267628677
701912987
243408449
478520272
1613535614
738313190887546880
429949093
31738632
2449267214
921591691
465830166
206732202
337767301
3019669299
383690993
1712656224
1037285754
392729927
3613367595
718051387507081217
366180331
3420330395
2797539111
345532190
597308370
785140258010697728
1401426434
772856434362953728
46755068
768299806888386560
2524404516
1394952978
599969384
721148434
4603645649
2535282981
4842523900
411699016
986782213
181469929
2444425252
768983029
600136789
492663789
2245729059
3026284298
553021816
2352686548
872455638
166500904
750480775615750144
54229408
2626785886
784783472468619264
592546016
717637263
1145851867
186399539
1058570330
243110037
448981774
1901331644
261311218
796725262264238080
223978952
2735906812
2478290402
1244280918
3331059982
23460272
366233393
101348150
120283895
799220357303562240
2296207141
446936652
126883491
754006935075168256
495011205
2720049676
805621619381116928
2346769999
503124705
247726328
888296226
486077820
1492164349
516339626
2789928382
408291042
1268953866
3233037204
2998053413
613870699
2214539367
1112509458
156316785
197937732
2365219877
1315341079
2940410703
472004214
1976450136
797782706
2694982606
108717695
2507914064
82829181
389935007
614579877
2867474025
1008161112
1088813024
1449073304
245051615
713757367884713987
1386632492
156514846
406366657
410245492
2196452947
4485777502
2179948113
389076701
413974176
27456576
70028005
842063576
96350254
293016987
17876465
539009133
607112247
2244974332
346187275
4252032136
1194951343
3290361172
2185680298
1315096190
3801646635
593582642
273686840
539724967
61160450
592489826
637015768
1326332772
2885125256
333523955
716653596654313474
110218135
1219272870
2636971536
4866822466
740822193463001088
486443971
919871334
4782105135
894992365
2542889860
1146147427
1851226928
800430403584540672
408834813
373812385
1498821860
1106363018
227262781
44651391
2400560849
1608331512
422931234
63878035
2286684400
402740534
11534652
549961218
2420586324
1482983257
3289025019
4612811716
2543699427
522567091
3904339243
284527396
804598179907792896
600472039
574017966
138825055
758850794800033793
813452102
404820209
195316316
435844281
733330743800258560
238990492
242318672
1073430469
2524890685
2505648783
4273172801
2390797348
482231169
4155844545
287171675
719771713
760789406164934656
2353756873
197894056
140287920
436106682
176541363
973639880
726150285870157824
2361146452
125639099
3246766774
558090385
384516505
2518524856
288246866
424452293
1384478448
805645888618106880
754054364675837952
631802744
785397318
68695059
428897370
2187920997
787736005
2328881514
1146057512
222139456
56453979
47333457
1219824060
81867518
410942100
720160136468279296
790653396571258882
3026614547
761997788662169605
2812859778
986382066
572139889
709312725063745536
459606362
439907099
97647079
29452509
410968783
1246107769
427804855
2898244047
39273093
4182841036
450578649
410208486
1315995308
2985400847
1077753097
802168656645996544
313962260
2355256140
45391334
2507151588
2217674274
82389388
1614875251
2495549258
634720492
56624454
869332554
4053837041
1903648940
357459418
28961303
4918510954
497084997
3052302614
793572620
179059177
1876618392
1404989965
1165732290
2707573341
1367973715
2365824092
531260671
364962812
2326650571
1037626718
783050539349184512
2375003982
84030207
704219861
421270227
2997035591
102119784
1117576526
2221643012
192244668
311136807
1472956555
553445128
611802120
633728787
2221083463
722071954014998528
2994896470
3017165500
1249671865
270461603
782111222745427969
805509092689190912
908088338
105602878
2206789645
819475597
2894747885
355265834
3077774103
77893023
1241355780
779441478754066432
288250040
804779536026075136
789504307611795456
11995712
350535235
557183767
889235600
329756383
3164117122
394297341
784066684852310016
1036575512
3395698721
253018480
987116222
1079226488
73909424
1566546614
480657530
4165031189
804379944
133019285
701650211391848450
802512718905409536
274014643
532495679
215735286
2322849823
771044121058377728
485937556
279542176
212885237
2574291743
323909038
739460203486285824
1668633392
612581789
1299375126
2536638116
2348529975
432832773
805664953369788416
4186539586
2957219068
949464841
179568411
543535171
1897585116
1354437403
262100774
761516705445183488
141638302
430437851
3964954600
547085960
717483009033768961
2973459185
413215193
39475962
442759558
1230535302
222411571
210781142
563734798
2754985382
136587208
4120227047
132058820
1006685844
993105006
438476133
3446687776
484257364
566361704
139681650
104135821
369404604
3297601040
420957091
3325251946
510360682
779622776999178240
1067801792
1135092072
507696309
2819591819
2988219946
2815325631
366084580
3121456870
776300610740219904
14800149
2557737167
405091168
164469196
722794470
576497734
914573593
421987528
412424802
421629334
803536150371696640
1276339076
29184998
42954145
294231932
1041823142
2875667218
433725175
23116138
1921039550
222224368
1336854852
770365997891084288
821921425
436124417
2513958050
4267950267
2408007268
432858035
118183154
1474056793
709552914
489421781
119006593
551303014
2299657362
3375604709
461369880
2507009302
26968329
2314008111
353640576
4188604709
4249591816
3332448431
428585709
421723841
733317428
2767073855
1266793658
705368759838580739
753731592
1847427919
636652709
489606682
584658845
118028997
29411886
1134150512
601417871
451436044
2692140600
2339948812
1020814244
69641627
206993379
720592519
4759055535
3303442557
463197517
1053131558
2220186288
803943194
2348648162
1048144170
783613594810351616
1040351857
438431990
1285313371
1638584010
1662762486
111063679
572936933
218571835
4031821385
2919591365
737240988163448832
3017974510
2533204824
266711908
1065242010
497838069
2176349201
418028983
483241099
96614148
2563027047
116007952
706067859550695426
280401262
503366546
3214543227
840555816
244180943
405187355
1745292709
534146296
808756406
4914013611
2558496329
2920376271
202268232
2761183186
587326472
1169338080
1180247125
698226027756126210
17018429
247504322
4568818943
514727564
274152077
2156341545
486721758
500929319
479872738
188328349
226134529
588553042
918565273
615526160
756921009882759168
609145539
124494654
255429223
3330771076
802642628059795456
490660678
787588319957966848
311381225
426032312
1429974884
309265389
600405571
598242321
118401565
1039846340
3031186661
2891197923
70483547
406367602
1008697176
514466072
1030469935
551776586
435791610
100964035
3151825048
2611745579
2558870687
71093090
524224872
2498201600
2865595678
488493171
815921760
407213314
1409874932
305223798
1528759902
26727333
122910086
2576165373
392964925
25705795
210787486
636433553
1683090120
3822197955
447432073
272354189
2348566523
4868655040
425806885
703386818
484881564
3515611696
1057968492
1883273952
2397150845
2954761065
3050559863
3758739195
3747207076
143903706
1671034082
487658598
218474628
2257809774
2901023978
731928017564512256
3350354537
219784110
1311638582
2368780252
845413776
89734000
82600347
747512387746598912
868606758
787588087190781952
3024739624
182506310
3392650834
2277848232
4011396449
784079483301134337
596450353
2731498990
475827565
786481498660626432
2401743697
1050588654
1022117018
160011017
107737376
38903873
796351047165952000
2267288613
592091916
188787298
29747246
731578727465922560
218821068
1449837320
3368018859
239572336
1037394888
406516558
4151740097
423368263
392605313
465380464
14742609
427357728
759622517648658433
558053080
4056328582
521090462
988797656
2434269917
3094620681
1274899394
756480048958406656
405435925
2887357012
2570957394
63650287
2200636678
1407406962
148359926
4874754473
2767843313
1683733140
619008629
56131320
391246325
446942856
124765553
146090099
3089989211
485573924
2679377412
416928501
510751101
408917512
488356774
751726954664042496
84014909
798626317914767361
1026241580
1266500113
2745589518
15418095
1222699580
986828390
787182731453140992
256254309
2242442758
2983119910
1348851210
1180302133
63431013
49099085
771821289669533696
2845221227
95503892
974136103
369919068
788286737172799488
700939605521145856
838540488
484118321
1709547350
40472896
1040471648
991024189
450517687
2476006158
796097572167417856
2788545681
397249341
318400179
608063632
407891527
518439847
1517691259
3383047540
1649236650
173516546
206831627
521561869
2206875744
3651369075
504376617
2981614197
291757240
346548309
774252111429308416
3094312457
14897043
2496818206
1084256905
2192427702
783020674952626176
151390694
706086767523405824
366173280
1241555917
471163054
1001479656
480330301
3207714897
986474239
96580657
988188680
520291889
1179385580
376289454
1323956112
2879642111
958750693
2626156881
420194671
775245163346165760
461180122
961184737
791302394864959488
1139902766
464217456
1105858195
459452891
463347621
2273694722
788258205155594240
1397942977
201897058
481914528
1679375545
2287958119
3023040047
342550868
236305508
100574648
293430350
1346566790
296475664
273095539
2163623162
752010888
224349666
2446549197
484106374
77554140
477106287
1916947843
480772557
1245505458
255225189
594364753
475887245
313855440
2703693450
145985649
2431061097
1007270076
401280832
2211358579
1103789143
1427233322
803770735957344262
3004221005
226694051
281358271
93679179
242392452
773507831890845696
395926094
2365766426
2409081446
490490446
316960515
741592495155478528
3423683705
46074236
275139379
3355372709
1568773796
523683527
22887971
64041947
1277743430
719234997316644864
840510163
788699015609192448
579221912
3227618211
491118242
305795020
2182678656
403161544
554550990
1168288627
765296385700880384
29695669
20224538
1275965784
428915501
2412802144
944721086
2414596461
486251702
733202402338312192
783770526422560768
2174497175
493564644
75746749
159786218
4164293417
790948562
1601215584
3046433745
2558754280
426918412
4857021047
3165299303
1047455850
149054148
317680130
741283761875243008
483212617
250336400
2345206182
2480246000
403308180
3027566599
387665949
95657108
422586035
115014966
359590513
564075796
1475875892
363674939
1362272035
733381098198142976
18680083
970228886
950188562
520826737
3323385291
234454722
268915064
831665582
805658166600093697
4743531021
254698326
82065633
266066911
238983197
427418997
2604719213
554971568
396823374
2942310340
1059127664
1054906759
951216578
787437990
197807097
3089603359
1920745218
416439103
300362067
1096235264
1219319803
171422343
2778061603
780778783427014656
2337039248
47875351
2238798353
4877200108
464127310
31394223
2248969512
3069843927
445284060
3187488789
1872223814
244451947
3318877703
201180170
540703786
2317777112
383531511
849274159
483977362
713449513088888833
109066688
580133799
3019885198
746323192835411968
758790612548194305
1076208780
3048846859
1635529807
805483232980504576
1275988495
1862710801
227653924
2609794984
3309458867
499500654
397943480
741227545471930368
599261888
84394594
3052476338
419673863
317975293
299892356
740455499536162816
1254077960
154180320
1069275696
727666699
4603127836
1521671185
4209036093
804778322857250817
1114059097
855180290
2851657444
69835945
3036417395
35000018
571248360
420223742
475025414
593533490
4910327608
289968649
4261273445
109067974
632735778
216326779
2939274333
2222041907
3437884959
795141000939393024
713751156690911232
2853451763
2479372688
447097837
424023407
83793343
2490640097
420445452
412409340
1286465791
2981706863
712574295336050688
843573301
1254184530
1573630574
631364970
291157825
2376747126
4865623204
223802684
1156772688
4547588854
187873156
1166261436
447981049
16823632
2341872502
801334903308767232
2854387281
1301069341
124626743
2407607705
581801913
2949739355
549064750
1848105750
15178183
829500602
4256026096
2335455981
2978608456
593817814
1410780559
2370613668
592148376
1393107217
417772714
2778113365
1354697688
2884671258
111728066
98616163
1373273234
319718473
1171486081
1101963793
1960736604
326962678
286064951
427766337
3031672075
203570539
3036230170
802176344515866624
1450171
428880267
395229959
484592863
760872623538597889
1461815022
290497903
2410066786
78971533
4211039495
318487854
2586630188
84874030
3410081393
470003688
767034005795508224
593558753
18627825
3131027463
18114610
765123858970054657
1381973646
427201823
796596355762454529
765911000499519488
490529086
97220033
1648974740
22901191
142386619
481250150
3021582753
462379750
976070742
3521388197
433463947
595306303
1294287236
1978165356
4148124159
400798557
1316630180
1341730716
804806665040175104
532354356
2878690973
341375324
773957664757977088
333617520
2882796737
1262870395
632758356
1725937591
1924697041
1049494609
2347350496
269300422
501669408
199632556
1512694826
2751861019
283416650
745004769844989953
613009095
555765767
630008725
2788303634
1425121099
618071453
2207932479
25043698
1421508788
486794844
4736405595
2436742697
709427870419062784
1657344816
2212638076
2360724117
3445916417
819829657
2515438775
1519470108
714555676417265664
302708364
196444688
1315409688
735587915078742017
1376315006
1183751382
426064773
172170794
133219755
545448505
742149367562264576
17423554
47927039
17250886
1276203865
4405998622
1612919144
232908749
504658270
895313262
496150631
1036719990
100855011
103571895
4284959421
862580724
3360180071
378684208
802257747089747969
4054551945
320688882
2519063076
2464828514
1869343627
504672576
417464655
898298473
915258906
705029912265097218
3000601366
2886180345
55549791
2358370745
987172572
1102371788
472946369
798181337433829376
3091817705
257109868
3064945486
702597457490927616
1232067242
2867343430
358703224
401634856
1616907128
484947954
25699306
790254593720614912
1063802857
2997976379
3334897025
1192735105
431649074
905979727
1120206308
4353321141
2265398249
461016189
423797452
390850122
2267522596
4404268156
199216783
2954539733
293372970
1364703349
265445410
396547794
486478353
2415685429
605749807
2902922074
262600485
295024898
436629007
2477355213
172337683
765577612441817088
706940531495051264
1875163214
436474148
358042635
993702241
608217046
2659285801
2316274661
460145280
261233190
718791150325403649
1066603470
2841016595
117708359
475965087
500582673
740583489725140993
251822213
3010138109
711673577318309888
4703277218
2465000210
787620843320905728
448998373
2224402028
3020056131
781239864121589760
244058845
572997879
337155946
3437538514
919526072
3073757830
1232033858
627756711
2853118781
3676549834
259827061
728060804277411840
304406977
2946666304
742054284464918531
2269505163
410810169
558651454
2192860138
251309387
90998435
1374411655
779399291915931648
2781784450
356718363
320698278
4155875872
4264298260
291850624
767298055
168500366
123664615
3014514754
193261391
1962493526
486725466
31255401
415719649
919355984
2613133313
3790965321
2616680851
2361394675
932848080
533589700
3303617854
357597253
2523901625
1370176568
1189899439
57466155
20609404
25676606
377199894
273316238
1101913508
2601961486
748995130548424704
2945843549
324818479
133032441
1481592145
460196865
1369895101
314613895
