736166324028768256
797109025162887168
3311120861
762284905145438210
366332600
3041069908
3182081069
493011238
365968511
799248233981759488
13382082
402174719
2511415512
110414714
726505336996302848
179059785
288764479
1389042925
65335565
810289994
989351852
3904145790
47686952
194972957
1009689127
2399785188
144987828
452858854
2732373033
2157198452
389329973
415619638
1197078822
226902916
800698016768233472
849022136
764525968623071236
4824031401
799203458150793216
1223079336
2483355627
499128183
831364490
615152166
74544145
485493017
868298592
2814599326
2231871937
1524453986
615625790
1307016348
1675513404
798538357844295680
534732052
457629809
1369870686
2150969605
3433378229
36451255
1338795409
419589451
1349514043
791530009810927616
463591267
1875965089
2768646491
7184902
2364107448
1291795656
801396324428038144
2970558815
534669109
133461180
443187387
1338839544
738626681418579968
967124340
219226566
2868065162
133241974
2720826652
1039048494
138418305
553321184
3132931045
244836131
476171757
3292850147
314537220
2589653764
814585603
2170742693
2810546613
4859833099
1159837046
3426670696
712710953503170560
271990882
274635641
507382148
2801667790
589418956
2403776046
899459772
1319275574
799719119213895680
978137395
970022552
110421890
2182009663
1126319712
795583068996255744
397199507
425931009
726161324355510272
2927551738
1037555461
366747858
704594335317278720
790540888237830144
767772101503836161
915385926
3130803092
2197727347
731011029686190080
4859931532
411586879
3555797841
785540126277570560
112532465
2846105403
3978799463
1278210284
871360423
634575700
2333203880
732286939316011008
704633833
391168591
1360232480
1238622974
390622095
281737150
211721790
1139825378
4814832225
139765259
4068202785
703243429258641408
2376999356
714167586
463969453
312572813
473445891
184425554
877434170
2785851725
2263697361
799585803739496449
2427827258
3031943085
2194307234
930440149
171447577
343239720
1444286834
3081629057
715593055789826048
1619769668
2716420332
1079395843
44395683
50361109
714553962599464960
589286587
3026297093
612470382
1965336218
2219790670
436640636
2267806358
4813826602
505924362
135880913
3909032295
3957645843
2497838698
3290984981
988659876
1397374658
793705615914856448
410808584
1331086867
922256742
306058431
17880873
2310261690
167406951
203070541
529626160
559029876
2231561825
2835100096
1533578659
83386342
561823534
2877804497
767616854
86990596
293484907
2243105962
995341382
773869687465803776
2850135335
1288700246
2576566518
199923959
2589503250
3297108689
2375818687
2952909982
486564638
2192271144
2149665647
159985010
985254589
345475530
342118728
398426351
116468336
3028809503
722850803464015872
371781632
475114541
95049929
1283861509
877300502
345488835
4854132653
1260045176
767783947220713472
1274595828
476936806
405658492
490438110
3871871513
789104165167529984
3393854572
566434899
1236595922
1416465541
2319748337
791559506
6532332
793787252040142848
499227001
1074515437
1039563697
1168974246
249751492
2332230789
731920891735605248
95713923
313199623
492688472
3396685594
33321705
2733559859
773459151414583296
495466998
2406602790
2634597826
90641656
1386751423
2259459451
577023890
794092015634051073
370642806
2192778853
1116674660
976455469
950266993
2252899982
270518699
773444545342234625
3719207249
4833429358
2802157801
771607371936215041
3346569904
411018458
1269539851
759346461758939136
2182403667
3003054298
1122177026
2444235358
255047902
1117905661
796097962384433153
425686235
357768740
85657467
216281928
3243380165
789482134532751360
3298098616
409474239
2651374166
796421015052189697
2332571271
759129447022862340
1719583506
2518805059
225168723
2509301951
2199795114
870218785
4880621775
1667689482
2292045232
2298394045
745334980964982785
403708773
1104348871
837942602
1179962942
408050299
369728921
2868084261
4212260849
1098845929
2572975391
126728166
1229273522
1070320147
2379017327
2365498822
4905992363
31091958
70490565
821112817
455653827
2388411209
2948374265
731252371226042369
278558220
1162245110
96333128
4827636455
1870641289
752081166384136192
738067912439824384
365089731
455254102
2744324373
2466369240
434279064
796246539668692993
2334131475
128880680
573977989
1071485604
417392878
508816846
1696504896
751725458631327744
356404890
763694739854090240
3331413322
2872452713
181684018
246756973
791034319301140480
2816450251
2304978866
2316972126
1001138461
1615176902
760240948488044544
2263879145
761303645518499840
564789344
2335367718
1339529246
473659309
789028242221109248
778703906356330496
504894136
574403169
1215628212
2748105759
3036352179
752858490985734144
713498795347218432
1055076127
3143810488
2171153391
1045245656
2635078149
1413094597
1111297184
1168797480
802282147465875456
279171038
3243909749
3768512055
710265162834583552
1465205899
3254334755
582904239
172382368
2675356905
4706663313
1122659574
742397759991480320
745195751769247744
1357159903
789144305264910336
2767836851
2824584058
1721405378
756751959386906625
1280566146
2410911599
130113390
134206590
3345161205
3251588698
198981234
1229121186
404919799
405498866
292988864
1060230338
1228391671
3233036369
6598872
613892412
3427533177
2224962167
799504971502944257
440805846
2167997369
1476948512
955750106
305650360
24398244
791781135047127040
761449763296477184
1341462944
303365029
537662962
2851228124
989486672
414993771
52071233
1215471452
4187885897
503452485
3926735649
801092954454683650
798952638545088512
1394277882
1658004026
290758240
492167371
779648076
373395657
437337751
1080493914
2948155437
357074444
4203949589
2197175103
782957256434409472
37631819
151106698
2343512623
3064138162
598449387
392626820
734026507685928960
3091392485
1710955382
17439787
1911991346
80868448
781801540193488896
22009685
67006079
22059942
2942241411
2835121973
704319761027612672
794287344715235328
781114803465191424
772134035736948736
885406213
2906181117
581285865
2958779025
306153104
4414946656
2512327216
143415269
3005727892
4062072245
2356768939
141896036
3870837869
543546376
703875686218522624
3131418863
799313616302440449
949372327
3001665089
181684989
1176687842
833489594
425285683
890802684
241608899
774132673279254528
365304824
4069758477
737320028270415872
313323905
773155625127796737
3034643483
499876766
522329714
788686822746517504
2716446892
401399952
326316197
4372999402
788462570827022340
918651830
796704659834552321
198832735
1272471145
2925423826
134554873
760956170702028804
2534968364
716233077715038209
565784508
98921343
738491898688622592
2514997128
436230438
802454590608330752
319782293
553392203
1712830392
1491103976
802052868119416832
419862356
2258689712
291215218
58868395
3302069128
2446007382
799246755414048768
732317340092780545
985559940
410107394
3448617916
1070911692
17647690
507970638
492121189
394813883
431815401
730811617
1015732033
127025568
459219907
1221995204
2198193816
1355024335
2597549564
1035803582
1062799087
4824188417
1365056664
755102530527457280
4777957102
1006044900
2494175436
45128272
1041134352
1039534922
2322781029
1015149367
729253554196713472
2537853697
784733597555159040
1127733265
22659500
637292613
773563444750589957
2369467775
747147930742755328
3348796875
1690434842
80121160
703020132
2581669887
1037543545
1357263476
2244030673
760806683564240896
161428463
434126218
476754234
323818704
339750542
716567598620667904
290669539
1291656504
593069717
732206617341595650
791287209508933632
2754543846
532222780
1890326197
3225158405
9476932
754774133796433920
859058736
2476119007
3068039679
2886860662
4459906041
1180622503
770611373713854464
3176625754
803206566652637184
3053205142
2990246674
3240122307
3064824634
715083557581033472
2785334697
2503757771
479440108
714364362320912385
883065655
2222783701
615027019
293373251
445424014
1960868090
2501851306
2559910725
1930695714
4318680568
1354935949
775636532
2346647000
458632561
738090520866623489
2289779280
1443830137
740204367400337408
216688489
233546601
3019629387
3906755599
3217923085
426978385
730660405761191936
1672302936
424368906
726543135136964608
2221404476
2845018504
3334600017
3404352773
701456941894266884
761697672789098496
359555283
490736218
1187920309
3344207110
1269285138
1853857640
2815160163
4888813282
1474855951
376871430
386145254
1332423037
493568309
3227318753
2608779441
2484661227
2956811146
1007334655
2303117828
630524940
406860321
3175578989
459586635
461088423
1024976264
1203674574
384437761
92602577
1009031150
9476072
334301320
3545919143
2365011298
85793150
3937311809
432704179
2904229025
1085531312
391661534
723594761488228354
471428838
414067799
2324947372
260163476
780698788482588672
452953533
134126917
997910394
1257355178
708930840
247722432
1238356334
135086060
1369005530
2422131402
215090695
2707254209
733695386846662657
710743506520829953
1195176624
2965969887
1919132101
574609969
90124895
1680697170
3764059997
100991438
781711046960709632
527179601
3432995584
863020105
3458620516
384881122
385875369
384433392
449896218
414354427
55045274
1882751365
2333470118
794234183128322049
348393342
2173027221
165765384
2572430290
4923500123
3182090610
78553388
930659928
1372918387
780087732949413888
1582784514
305255857
396421688
1536096506
613766004
519379680
380833512
3050234032
21419159
1357640916
787555225678864384
1502429862
558032072
230054388
1093092662
801885035938856963
94594903
95181450
818183167
99645256
774727208212496384
204041863
716631504
63425786
238641512
2262991946
1043011003
564148431
69882469
209007993
278223849
1080249439
788675050992009216
4242264977
4714746507
2328920703
316466266
803169294389510144
923555906
1039654752
191869585
803115076672700418
3059131623
46424280
3131567105
794575248343650304
701058764850511873
1357773991
418636676
2415224956
442808538
92996440
1307698028
351152857
322563649
803130723246940160
2367661536
483307241
4860992891
465066623
4861559277
768405804604993537
1305594362
477543705
3032272127
98671961
4602580341
916522718
815758254
351555225
4513753401
2277800886
2232029869
1160278561
563168095
483384295
2938235393
141709502
1331997265
754282812405084160
776739556745940992
862899121
2496989087
1459703156
3107574627
161740961
802265146164998144
3034434386
1460451570
405792460
1471759051
782889902589485056
617037479
2480098378
1221343388
537133786
1062930973
2221318495
356975403
164205065
2206851290
753499324915519488
1594040222
444159760
2246257107
475325454
421433392
591364724
2795593730
2487938827
785533550393192448
3193772039
4872258489
801183708191555585
332959014
609438275
4426518575
566150054
491140594
883099326
187238066
255928261
801062327810461696
1176499273
472061775
1736856739
2804363628
2260660337
560715196
470889853
2242479691
409089494
3416068515
696738123838070784
791628536557793280
1361432923
211090942
470242115
212596495
728166959427268608
561391482
2207172466
778321813
838138819
738391531510435841
339596400
2233203519
778753237721706496
891042680
2426886392
2341476004
798612590284931072
113643008
785934232698904576
2349902485
1031049613
38285269
24528997
234371367
3014521558
479628118
1639030544
872497166
1370308218
141612687
2315866940
755206795
419316234
307791956
2397083955
197913402
76769340
242351511
2839533015
2472041283
58165167
714451248
718185423571390464
238331462
728733122695725057
1227624775
281884852
487403439
448806588
1444784371
970274028
22601194
827801822
516918398
593759199
2339947944
456894487
2562814182
498952433
725066954394980353
257665435
66315515
875207972
50607243
3138188655
788458787032170496
515561206
2371137846
2799355986
736596690
730034081698877443
2179568746
755313289
2740699095
1556455656
423531049
4850532357
102812298
4611199415
425033450
194308406
2221319742
728295648
500236905
3324608649
2726498655
995345934
1249652622
3053779892
405443137
789368501903495168
237332532
1068702612
1060544983
391286828
743514238493278208
244444250
52375621
2995754453
789461803382300672
420626048
2440237919
2293813528
318939574
252676505
3148498593
3723192855
383311383
993545408
3373955686
27199106
1039461792
757949254765834240
317659038
4813244901
2433235432
1066352318
489693440
719817768690786304
24252705
433671269
131262995
2170527625
786244023837155328
786445441
943155390
354901534
791083493388390401
947689230
563773403
401680400
1890129044
577936933
3814697663
1118851009
1921210748
218931858
2597695185
1392039763
2719186852
233913376
2361317193
1306674768
1260171894
1249912915
1468326630
3058996408
2173103482
408027768
484059817
504249100
2650978150
422858171
4726174575
61765111
214127409
617201169
2847838805
1364123287
1448557296
4653749241
2543955497
789866400332611584
259254286
788724782162378753
130851801
792051353921134592
1858411734
1617818378
241498548
490085795
255674310
2976609286
334768369
3049633374
964852682
287091660
3229822833
3121940993
2352954268
708276706
2937388577
2787225059
2895469174
2407034685
1544093054
749991934165385217
330342815
3350975284
1640766590
1344131071
1013749958
303219287
171453953
2940223193
3038785617
2945491781
4548508636
181178915
123291306
14108472
1205265828
2274694541
3359085957
2293711096
585674249
789773192969748480
591459578
969945894
1063332403
469179599
1128505124
4142762261
914490302
2828318059
3296304233
725810364995231745
754394011931176960
2149841097
2442105406
18762875
2899123283
36047644
318549168
382608504
3588475175
704779333307650048
4106012295
1252946868
239434137
117701249
418978380
501691674
2318283220
1358611800
2762114060
90845433
394305101
213616021
4063380377
1267263205
1725558426
475234937
515474269
1869414950
341627555
36079217
234339579
2943393603
1357675208
1488338479
401358649
451003918
561204740
2876484350
299535779
2898075617
788754158241378305
202398659
50374598
3926557947
174249848
557074159
184015853
2719760326
1372497578
2311558334
2975144398
2720461125
746691972459597824
366258436
131636321
10305682
957760032
2751862871
791602493469913093
3072009003
3332411590
768727362397675520
772766178313904129
715584904482971648
2283943289
225490204
2370908109
899672546
1100422622
388780875
3384830219
136232653
587623592
106758486
2203488436
2546413574
2943507749
4863603099
257499288
376145932
2149138327
3156887011
419285776
2815530124
730777400745791489
95482042
429818263
2359426044
2363057508
85590368
266700017
592174264
1456556520
19592755
2342517254
914050591
467659856
3004128172
432688797
324262863
3369517217
1017310213
478436781
788808477686820864
2182923351
144226252
3296497990
725291215026032640
488864885
721937520771129344
258800738
430995535
782577416548020225
788797759965032448
4818092890
3385699887
1023109254
110190828
164272724
816899671
3310442920
396756630
1154012262
1377373874
1086972710
69271827
1904676055
366072261
1583362254
766601799155449857
973961406
2296569134
467708411
503199826
714376418055073793
417866479
763353589347672064
555304578
4876627103
467473645
1165868047
3386772711
746539553771651072
410631936
60995609
3428340375
1055931559
3110560259
326144852
700423516794056704
47398478
598650191
899684497
2448071614
413217587
2172743300
1548457902
211191573
3334148349
719612791087374337
3230165817
3246905050
1357812068
211226743
788276220660178944
140116780
532499775
1062997310
4432360889
753889512690950144
340294381
293511877
408670406
2512542022
3251331238
1208976072
455777345
609404111
4054328842
1176935226
788467491299287041
35701966
378831710
583373343
2398143679
3168684905
361960565
341335638
3111223163
3002999651
454813901
2993303818
1954771934
535821351
790092414
26255191
1848756079
483132641
394241598
2523568577
2709633235
628772007
70353394
2221331347
1380421874
391034680
729293681832960001
4069173009
732773769824047104
793604649634988034
2292963709
768783082736455680
703927942192173056
2574113117
1283852282
142227794
2301960876
442790538
183287158
833742794
1353602473
434736878
3401227875
735464642143739904
51522357
922906549
783257684971773952
1015440260
526327701
460275730
3395020235
408277343
492336250
484133390
3588986417
1057930387
396218442
4864664511
143474661
986714714
496477841
794587894145052672
29226134
941772781
1173116102
303174527
3439145415
804354408
788432145161256961
783679588677353472
430734254
2364603574
475248885
2714596672
425904817
323105001
728107134714437633
183495089
2992056261
120734182
967653985
2377363345
326226399
231010672
3937406775
1134720390
83224596
767040529100079104
96389952
947730906
1427556781
56487920
2319258554
473195068
786535026288631808
767823852957274119
783287015865511937
2777913711
2415181569
220806987
4703605746
789175269667942400
3763150757
2741727190
601368027
2155070496
456808654
4076357194
49319803
457547376
440475439
4845999597
2317495928
351843456
2363670784
366684418
799906643815317504
318434829
293518432
272940016
2447883613
4791885441
162662421
2566531287
173925687
109573130
726540842660409344
2878097184
209249028
154511261
766471224
400899688
2325858085
750847152
445611250
791665194619592704
799992817007345664
797008582822821888
222170521
2153812941
414174311
219995423
3033238948
1704854190
946447663
2484678735
18358916
2177262113
852610201
3405599800
801938960079585280
414385318
2385290202
2327373751
756726681122004992
366252148
2267174346
883001814
71218300
357374751
497906852
2475563657
3039628433
990311348
1919814602
3224046916
298996098
189265027
43083883
421166716
26504043
2999909987
602802570
2612652422
469645909
4276681817
3043362960
1193780617
455094599
800327474106101761
4885620221
809019169
742063342584483840
4836690834
500135236
2873752059
357375143
149060372
418683219
254646788
30631198
496343408
3802794617
801710252827807745
582236593
3392159079
754297913522659328
168586183
542766889
28528873
809076650
3001239377
2882526197
328916356
634434387
4812464489
12790742
606694260
1009350042
2496002029
2940585718
1324304905
563989172
453851050
1183179234
52820599
946620907
408019153
785554968103313408
837208824
3107605546
15712835
2638214938
995021599
378483932
768834311206346760
537540867
242399306
1062966253
579677765
775299421705732097
2209486779
765647763442896896
493991580
4897360193
597696640
1333546988
235323455
448732675
760935300189356032
882235051
318713537
601855480
899952481
4107510682
1225509780
343925514
788788458848477184
1063694274
3317322689
2927018079
1239672679
801049687298113536
270623814
702128508835860480
2938313507
151572582
710789773963698176
238909679
433754193
1357715070
2823910739
787748865197875201
187419451
134559413
424936746
845781758
2737200622
1334865294
273537082
379224837
4895702908
1879889592
2222816851
4888682921
798053129048756224
433405645
529679724
1170061058
1080986425
1011351750
1122980041
799030343475089412
381589283
1918247922
1337403674
1536854442
440247035
714011222
216361540
312613461
2160731013
726022286717927424
1369607550
111724064
2515144546
977021820
4909508512
291607985
1030996831
607174392
406360666
2741816554
1127618904
255560499
2191000136
256491020
486015426
241289430
2870220975
3320655053
3083483560
4383722621
87950192
232559332
4194094995
169233625
43309580
748630604778971136
756950860471660545
1055346697
105538883
731214043969671168
589342110
915566532
3954502719
2442517233
979279446
89651876
986564732
1580269218
702845775617912832
236350643
711187023
559988325
798535442610188289
1317015313
700901262
2858584827
1088806153
2936864140
1638278257
543062643
788452070185693185
377272505
70969794
1870961815
3243124235
2508778031
3233336236
1010820098
2857870217
3001581299
38438354
925794343
2437403432
2995507655
2764299866
387121961
3023266619
2359448190
2386237696
507768657
957427112
797805269539520512
392056373
774133777412923393
40962257
2465901637
407685967
3671875756
4853784417
1021541239
3404851961
778238719878987776
524493374
1829960281
3103748006
424355891
13200122
624543149
1236577764
707302113093799936
9327112
790269417603162118
147496924
2728402871
1876212612
471859605
38873697
989797758
6566922
746638522539466752
770519510138941440
523200808
1529819744
3431896313
396841926
735162653123846145
3152228475
2480352662
775304806332243968
513497583
1444752530
178054699
433395124
746305585642110978
98135433
4160203479
811565292
360518583
484053469
1606661
96659291
40131385
702455771670380544
725435362634547200
440691898
203512576
444118187
3126770075
483057175
2982641339
1015392134
752617406191767552
2256124088
862592018
717318984958402560
299127869
3200053252
178155347
783869562852868096
440826435
393342562
1352301782
3316108751
1174274426
92556620
489178186
728807104790794240
180317088
1262157433
283636579
3427709602
790264879735304193
423732690
1365472506
858003427
2800197810
774047754834313216
742029848982491136
3320511639
2291700139
447231795
1323234602
945407058
781046072865087488
3377428947
801499650222129153
706711917
3131012013
719945822348144640
1259073092
2190399648
4069821075
2268903785
733743405751271424
2537872207
1114098782
1562752760
85136516
2178600592
1016105090
729277064147275776
22018055
964810638
585455321
2149606038
1946899837
4243748615
418604474
3082802711
4186758514
419743304
1092058644
48090650
3555782356
1338703794
3312303309
787941432267051008
371749840
409444860
434071914
513144334
4092809355
487367490
4651949435
222578228
796334964342194178
411498237
435825241
754593317313216512
3131316279
1038231816
3458047347
1698522818
4758052456
799899028616073216
94562956
1593579625
1222227577
1015870262
1015736996
325473654
734705980873789440
470349216
791309619478032384
703320672865554432
1053176233
1069090044
1318788918
2904990087
242922585
434201728
704418409723904001
1139418464
521337019
478835343
203717084
3053723635
1254440240
972884324
1008958405
1192442587
3108090405
781749446908477440
774293964987957286
2427493826
4705505042
2150341105
754269659998855168
1598750419
29956463
282643059
587614054
2729520336
147543162
2281381593
2569072195
802287123470630912
790625241856937984
2990072992
3311188835
3081135833
418772810
1212147877
2427072883
775563174477238272
4866203493
2487419119
2242100015
1406267430
854600858
3221203091
2889628751
301319992
3971921128
1171488392
783059860007026688
772074670208221184
1037077783
2520868692
1953446730
1140566040
724630872964665344
1076119734
753570089094504448
96220057
2605945762
710594448728723456
790584598816256000
2292740047
491556420
148787137
437791905
555322548
2987909105
1908263497
272382855
1139871650
766664451223330816
251663248
56674519
2366108005
106473438
304034393
1042150843
1143922956
2355147860
82138891
737142202481016832
1566329647
295340364
4182142288
2276517593
11945512
455983932
2479620311
1657974800
390835478
2353250347
2276701689
723198319
821719770
48484178
310845038
1127949558
2513098776
2549528592
798743088206319616
481929883
434505068
712640136081776640
283080198
254969508
2517301839
361748780
2282008813
1333864027
1372207340
135547288
239734640
4579125253
2998534481
3309946937
287851930
319166186
4911191667
697447492112269312
355608779
2757116931
430033435
234134162
575654596
3342581884
599807864
419868026
2410447644
134903944
413786539
2361360169
429749287
783266769293180928
866962560
53377491
709764820078297088
492371310
1717274785
369177021
1158164456
2939393062
2865546393
790813980180840448
780828728230195200
27992407
462743013
4133217027
707223648986337280
775449241422618624
436499309
1397232085
365065358
118053242
1421646463
3639353537
130800474
737327544077287426
431810837
761218843482157058
2914286685
481287765
3035175808
13065292
119178709
2539645564
109034099
2687611909
620351637
337185218
3222791895
548384553
196518637
3389194037
709229757108387840
1526739516
726770253645135873
406469071
316768141
2836840346
799992773298520064
1880747821
1096419438
1069271424
1533213979
588560361
701747343339741184
1292021606
470917335
497384675
4735423054
451428588
118133195
984608412
2979240557
362476617
428515597
435136836
389348747
49064205
2437027374
728573094806364160
1878946734
502089250
349043533
128978964
75273087
706841262679310336
1675230540
152608093
484570274
519330046
791671139521142788
724303327077502976
2447574735
499910613
508709778
123235814
3198203200
2527780688
1291556816
2544957299
541110896
2751847457
3479763803
1357793023
34257738
760110036798627840
2942625706
1447215498
1379254362
554580329
776003975921401862
2358348371
2487616528
328671064
728255224729743360
796643001137250304
416422287
797197311201972229
76615199
3105772210
460933532
1642816093
1368152558
68161227
487711174
855369620
705813420973621248
2387298926
183158267
717965900062793729
1876456813
1120077589
2394225674
2341083257
19643514
2359496138
1370602922
1433806334
200146354
1728170558
712638482569625600
489397857
794906422320447488
592688115
342681065
707187085657174016
2445534931
701156972364701696
304598010
545384133
1007560902
3122280521
253639943
488339106
778900450812764160
13106252
619195888
735331447125467136
50597132
1464469332
999371760
2463100707
792810525533044736
421406745
2360803296
310907747
2394145762
2504528224
406523890
2437846648
132662640
489722273
489562627
408437002
712081496
51720974
114539972
738811488
313331114
476836933
297866031
789699968
1112122506
1088677627
4320139042
1704116298
754694678314901504
2296153657
1070288839
2644998883
1028060143
782558833835147265
2351775654
494245231
2283370683
339672122
246882205
3038103838
470257543
738313190887546880
2827734168
548616993
1068648510
44839560
373233542
921591691
1227045804
3021476907
1095109520
85258045
799682512301633536
2640207038
366180331
418918882
3870563897
2797539111
930237486
1225534116
2278995820
161983199
2322947462
3664293814
2942626198
755320994131247104
2375661338
309750549
3294587596
356378416
4851423724
2358236856
16401526
2813995582
2313667127
3879969267
1465372314
2987520981
1280953482
259356623
3822891293
888531398
2491534261
723203630917136384
1320078122
600136789
313300815
772527454481223680
3073087317
956162408
3385105642
779306269190553601
1076496552
2315919844
181888393
2271776366
13727692
965693940
3065784040
409309523
613917828
2465017751
788605410529992704
1577808642
186399539
358629847
409352382
2319131287
223978952
802151489380765696
2491194481
404951630
340847319
2355657519
126883491
2937209879
161450764
800979325042495492
2167116718
486077820
263037408
260150517
993578214
741570412895739904
420627699
794528604470317056
4839750759
789001282514198528
150774026
1208853571
4836437745
122363556
271468279
801101308900048896
135167434
774285142760325122
1356882974
2312319749
795987761622827008
790171114278445057
704974666868326400
408704922
563075522
17648551
775301877512675328
472004214
1250044405
1410209468
1035460693
3119296659
484622821
799754734315782144
4876039581
1028662526
763274024675897344
2553289698
793414057223135232
2603850468
614579877
982628515
356923000
408021280
219708508
451003130
3377613693
2456929573
849590082
472014480
606731466
753706268024565760
2179948113
19392607
2845429815
1016215621
2927049323
758782443482652672
552146418
1635205140
721242552469479424
910465218
788455689421197312
3940078893
836271002
1326344736
1073842549
3013366229
790899021435002880
2648817320
29188865
3130552521
2322998168
747451360715616257
2751139073
339218501
802183609822146560
801573647911620608
497949362
462427721
470215764
3580823957
543703916
1216273854
121424128
190177750
775294620259483648
733383127381487617
374314630
796340446221963264
4866822466
723094218734862336
2351805974
2862216426
1843782967
539150646
504263726
430092847
2280648054
763737673613840384
1278185288
56405358
2359320782
2508295280
2776380137
405426716
405095429
1036813327
2218697421
2871007953
3458373497
2215404901
737320057190133760
791946392981745666
541147498
3361200257
28571384
2420586324
3065216445
743437317130575874
4299066556
3092809936
776255018181722112
3119071163
178029740
1166877775
213663506
127435541
795195231973085184
774973893060726785
72621572
4273172801
2438223399
1419854173
735175269695115266
770905842
4155844545
756085177709916161
551331260
1046985805
783307585206222848
433998685
1063597844
2823528449
2421892166
198444423
766894742265294848
2959917485
786778001790959616
493260423
1978729974
1128044090
3426254951
4280485636
726150285870157824
91380029
3244021258
942307356
768575901516828672
788879371
2333497668
194619416
2360784420
717101325121691648
479569415
144556859
733366019666944000
250880308
1857528240
2436692908
210389707
199656773
2349895098
20430345
4806536835
14278162
97962621
1169245177
2812859778
948318834
394787464
986382066
4909543941
432943176
2757090658
3422769471
214119542
3696744435
477844210
427804855
39273093
391243186
4881267029
39975495
2985400847
495623215
553959228
398611235
124236178
2285119171
951365918
1429916701
2217674274
465771339
2239737678
507966909
262539190
330490956
786865600115204096
2784546021
1211906816
2560083548
612478035
497084997
459446024
2821329929
618756262
1298737056
1042862978
196560266
1367973715
125153897
195919440
448750282
31696379
414646088
798886486712131584
2995908064
419951447
2281936099
1384265604
786519390779011072
45199793
3318421203
46120689
553445128
170621912
745207130207170560
464020852
439886593
723538940502913024
476874456
1103450372
76709532
3375293169
2994896470
464894684
777855788882812928
133692338
1454614525
766644219930873860
1556491195
2375216695
595426729
419084673
785139179801939969
985118000
420538185
1420759189
4845403365
3310852186
2610342792
3379454265
2409152520
519266632
624359831
475249879
44856884
3164117122
922711819
407636372
721957168015126528
781113518019969028
731131129336627200
1386811099
803188604491231241
2541569407
2679410124
537538390
4130639901
968871944
526379568
360868017
42997971
783330667258142721
215735286
2322849823
494506538
2635714649
1009626624
299020216
353666078
541670926
517672213
4248456317
1357782474
1015741482
2496519414
513682057
456674882
374145405
521235818
1897585116
1166637379
2173072229
2189430449
430437851
712430129763512325
565500674
3424352055
2902258413
96228101
222411571
410711539
722918044880805888
772136635928633344
1288260026
999278988
438476133
801313759
1238996869
45656128
566361704
424989077
1552786279
797136508293627904
2289897662
3132941576
2396856942
560540704
3879573977
144430939
1239364352
543426963
1063345483
1314549691
4578456569
29194785
235955744
3543518537
534655010
393722104
3121456870
1648735543
13294452
1725431600
473166234
727915266110271493
1041804853
771343689662795776
1601862823
908126539
559265836
320725662
2438207351
384192964
427372566
1219594640
4849677359
780707216156299264
4112673143
701647912686764032
801762901769981952
1041823142
897918854
405004713
2247433494
256835865
479645953
532545883
113962014
2404302998
745228268
913545247
127189314
197581465
377619841
436124417
3164390831
2524013649
3397375498
2597273655
1573352107
53234289
1125816168
1545110719
134036554
58636171
773825985590484992
353640576
570833587
756798814518964224
705451641
413010349
3096539158
26982622
783745267707281408
176712900
461962554
492959239
763658919042551808
397512732
133949650
772030120097935360
4227664641
250624869
433435963
3372717964
350731504
2951027260
45532597
2220186288
730320256229638145
1461433142
232256246
882495276
708653772030001152
229584880
788472720036073472
633831925
1065081188
2828477103
421083574
2154746892
410718782
429141884
484147648
1021727540
418028983
749570773321474048
201412456
797171468002033664
547050389
533510595
3986971581
406453295
116190223
551339829
3433975120
4098447160
296215921
2811521884
2324049793
2427964266
245328223
185547132
2377048561
767596251311407104
450121688
342296335
722919613
1325375234
716634695602143232
3338622107
91348491
804058015
786276460080209920
3793353617
474175425
2714660159
325165914
724245672434765825
448937526
96131606
201654791
263059517
569492527
736880955374325761
3610762348
1919237072
788744386553208832
763146166620057600
529561745
2377047254
19647604
2788765798
2788788411
704431464524423168
3173819499
2979884158
384240252
245652176
1534786369
2160946687
581808635
2913027023
721303651575341057
2436176891
1011151154
1190283926
1028180126
2546713458
432010252
1528759902
737350565957623808
490373717
606494426
96109716
2348566523
2347274438
2463497702
738736280624844800
1058075719
4868655040
1223037354
1280347904
62019002
139512031
2331609421
3758739195
716259184
2407041331
491524623
2210612407
715574358350163970
477674400
87467449
1565351414
730380067637956610
2244460336
185794895
104860419
2763305468
234868966
103290607
1109365657
4405224977
243631237
407162151
718402632126197760
2571115525
412482700
307278565
396151080
2786595941
272941891
2356057472
784105196070854657
778647667039690752
1357718432
1037394888
424556261
90007041
744819568909029377
793496531508793344
490373752
734629633577095169
3322494874
2509319063
4143185404
3973423342
2390176060
1150394972
4187567045
396564186
743746226454028289
843757543
50662478
1896572778
3176594760
1632804410
1001971634
490725675
1405314698
422105608
536225770
1092670394
724321908
52437919
403444000
734074574275514368
523390808
1047094759
775303692224458752
475890064
456172613
1384855346
782584298964672512
3083847341
1266500113
330449169
514280693
986828390
377660882
1348851210
2752353844
1513046844
2319505332
2470879507
1370106768
2482398371
2674941708
2588802520
469262479
399880400
555791920
2831366043
724154607254011905
1344701089
491539735
149097320
406947394
38741263
4089359207
87370820
3381325839
3860196976
407891527
2986513055
2319777925
2577145604
1269675482
2889852755
3094312457
1012961892
602574015
3985072012
2952722229
783020674952626176
706086767523405824
4873807691
1015984172
271879647
579147580
1409736301
757811518566117377
163103141
33418037
99360043
1014870637
339559937
4818612196
143934900
771305044394151936
392694342
420194671
268910347
775245163346165760
1357254163
718368584360140800
404335163
379030092
704019337070387200
2157756909
2742709167
463347621
460529921
404048864
875178422
535447658
1351237069
1089498344
3183670121
752152199199879168
19394469
752944386472865792
14942247
752800121138581504
3067944443
2163623162
703215154897485826
45815847
2574560504
3117151365
538529568
2720608185
752010888
781805054596636672
3017305876
754009621724012544
3241670374
258269178
1581655399
50616524
4507733613
995457626
2370221592
2369514974
2888678625
729981130007531520
369200086
2180831464
2263606787
764140480775020544
2431061097
2490453968
36801345
863845664
83905283
635972473
317117163
338976684
2907520191
76616277
1092084720
941567396
2342856875
1257792655
1324201430
788723015089524736
1108441100
3365915002
2784216706
800370508793417728
460408863
3130653400
722050091624833024
292649689
785794664058220544
481217655
878503224
741592495155478528
557827565
1314728936
4633772304
1430162268
1339993381
400209582
1218912944
546791475
174232595
733026190689210368
461229005
821204528
3317374379
1011183535
761582724176027649
1322244361
1385223960
2811089575
4609193302
1312048352
89212874
3169603576
1307085218
782126365315371008
436248368
622020182
929249360
3377577663
408246656
717762449886355456
801877897787084801
549205128
573872757
3319305760
3044947366
2997687555
773929798192300032
3816198827
760552902297546752
1137449617
458347992
1314735973
418253203
2303691173
6827962
3165299303
317680130
322920844
745535971270103042
458268610
2480246000
979023937
4923225663
304416364
2829479285
480453928
2243781349
1215433375
2445766538
729294897891676161
402341164
402997564
418762910
1083273792
1472290938
37434853
255918354
266066911
2872330055
254000967
955409628
599299632
4195440875
758304360543707137
794302419203215371
3363915879
454314015
228678661
745181908011651072
2778061603
531746865
385252844
317413018
788368573471293445
2341908197
702623157518209024
758178577909153796
464127310
618929613
200888646
2300311050
203422688
767600300
258131405
406552900
737964567737864192
47901347
713449513088888833
1086700214
1639689480
407194493
698805851751108609
2267355079
1635529807
416346211
1171761254
303298353
3000435155
17715444
321375506
420405373
69743321
701333596943081473
1357909922
1327333460
317975293
598697094
1521671185
792382352
3331127301
716422928
772498157636820993
779999286042001408
634999260
4899487839
53139843
925137320
381128944
528855195
1456739846
2798863589
453959464
417094749
707252292408512512
515703114
714382420
930194618
2866250985
27632226
217577417
3345796306
33226107
749984254923243525
2809989688
294482809
443563578
258382452
304329439
3302564410
633232379
445414490
2173408514
281966090
616886078
1357615280
379741776
2960217431
966699302
2876372645
2429092036
483368442
72331470
492916204
581801913
1543158968
1902296190
122016493
593817814
2521114569
788875940575215620
98464365
778924404617207808
2951279819
2907795123
500963329
714096155152486400
488765562
715925457774972929
481910310
585397603
768275844
278915300
478647183
961095302
232231711
1220072246
4702133172
3289084404
38676577
2437524017
39976483
497763567
2913888338
84130259
763094873473945604
926301210
1378946276
1461815022
760872623538597889
83865444
3036589275
1068801092
78971533
814747711
84874030
1065499118
2221331701
43503218
4381795217
315428267
2730381324
129223592
204059855
549566404
2296638619
49475565
464828004
369459091
386732636
77207264
3630259279
1316630180
1931703270
1009028191
53449660
1008326401
702827736516190208
2990123956
583980924
1006338463
957099499
718974916
2574266145
499813451
796759446370271232
521298763
98899503
281534623
734839351
2788303634
424888263
3430565794
411076021
1412500075
257064557
519619381
880912130
3417233499
801884847790817285
2212638076
3445916417
773956774932127744
498846820
2723328489
1089615589
289839081
357529970
175553619
794535156291866624
4902342166
798412789916303361
415437027
739338470783627265
3347934334
410910327
787922343784046592
780409230788554753
1492828722
328551488
4256851395
4244347072
389104963
2916095633
1371655940
232972471
6567492
1886228065
3931969841
4834714805
704394556884787202
968459856
2396793506
4922341
2464828514
279996303
404022377
791530631415070720
199264427
14685648
574620995
603612465
937463430
242071863
705029912265097218
50584579
987172572
239572279
410040461
411619518
1489965936
2752533784
2190915769
404979757
3064945486
999773377
2824625388
448031569
2999484970
596841850
903701676
4871884721
1063034107
417897223
288818648
244053999
544352838
1120206308
798551815742701568
1952706475
794957025994215424
423435597
100327059
211061112
3075080867
2432208854
772778458845941760
246749281
551374959
4840451669
760729745948565504
359421043
417342231
479330315
50970568
454142762
1555357356
1222000628
405498561
749611364
2792078239
800046805908148225
725728464268066817
22063717
608217046
788301440733315072
203995583
2862461084
2731197053
775632857993797633
2296057788
4060369233
785763689345363968
295648894
49271778
2992335411
332885533
1178553782
2465000210
451419549
337155946
767436816492429312
406820061
1100350039
4913717650
14162223
2525069528
2163227033
794653620956495872
280551600
787703409969336320
591144361
2781784450
1106230255
2997728404
3688803513
711909518121312256
2281281002
2588246800
176942223
396743688
193261391
1151876744
2527788012
785591108419981314
418210914
2994679426
2415780762
1347344792
4266384617
741201329541009409
2616680851
2361394675
794961451194712064
4229274312
294535863
1369083600
2462199506
1037526320
212145625
3047714690
791392103876202496
285099275
25676606
1101913508
1602804482
3398885945
298123237
391896780
2754731478
305449685
1368793633
2282469222
372178559
409448246
6443392
419415644
719855009928716288
2338806398
311694861
289020114
36030252
