1696619809
599247299
62022464
291019658
1361794033
889816856
2434465310
2433727925
2768557727
18616891
402174719
686543
16986506
3652269263
472905491
3431896313
3398698065
396841926
735162653123846145
2459996144
3301531378
339066423
490640451
65335565
3152228475
495373098
2418170407
3035292231
513497583
194972957
703708224168599552
565628483
1370769932
1009689127
2594602871
2187201314
16824428
801449731805347840
2237096859
1448576671
927409196
210376076
42392050
272317881
290463608
51733848
126344012
3403968118
259813792
2249068752
440691898
769651270613426176
2984502441
368338436
764525968623071236
298164175
1199579786
777543896519892992
754658882551738368
223881169
1369768926
467389922
974615749
801139946555867137
3200053252
831364490
171995592
393342562
769256675719180288
1230556524
728807104790794240
2231871937
180317088
3310422237
952590944
1307016348
283636579
3844243173
705762730410708992
773602742
2638975522
453385088
534732052
802601571427225600
2382734438
467472024
4189113322
633645457
255220545
3383095330
962311958
771387619360043008
2249221297
7184902
1322376432
4772904255
945407058
38032906
133461180
847536198
340996459
906647966
967124340
458708195
3398394214
462882815
328472277
2427311741
325127006
266642198
435671501
788381041975328768
779211695239655424
1090175304
126677638
314537220
429139349
3426670696
712710953503170560
408738224
1114098782
3310355760
2325469562
1562752760
738092501853216768
85136516
268850788
788674443052711936
423519154
1040220258
938561695
765965375792148480
221774529
846309564
1065254220
329937650
964810638
101031118
3255935603
1521455803
780287907387015169
759428777793429505
2922636723
2303644001
423280813
367312496
2937313281
790540888237830144
376307086
272473332
915385926
409444860
778559501213560832
4256715496
427657093
588238264
473848168
373453321
712212243757322241
3978799463
449280374
3214544331
19759212
2766500357
427673107
1251326239
3458047347
397593095
4187056599
585919562
1106149818
393232944
2826747794
2429027969
1015870262
1068896102
719146013823537152
906475094
742469305976098817
397481743
629281834
2334780685
2523203476
416583838
788049329403506688
782574639704834048
4267295321
2345481387
865163786
967615364
265042576
521337019
504900046
1194815508
582622919
1004482429
774947929052291072
1444286834
541648588
98212565
425803153
3053723635
972884324
1972832178
20940320
3363046271
589286587
807395898
786541347750588419
1023906182
436640636
4705505042
602903174
754269659998855168
45105010
2512476766
497249239
599343100
282643059
257641611
4636768817
580422411
762983877849800704
712003376477646849
1478297786
2760142246
586731493
3303829486
164382929
418772810
2247573164
1610426412
4631681177
139352742
3294901019
1331086867
389602747
2588051975
176075973
23309699
183594012
507697095
1224152383
747062107636637697
2889628751
83386342
2236569729
484191151
776050554418171905
2517892513
2696366840
745916794100125696
466594672
1171488392
2850135335
217091928
4326503175
2180128512
2962772146
2734045614
432918462
132810751
551300107
792341976138051584
4754020667
1898454535
523073727
3297108689
766664451223330816
251663248
620063798
2420367649
106473438
2370601775
1133516726
386811424
2468306143
420575419
716212988500434944
899385834
133652275
126691082
328060514
421422819
925811400
2156027566
1221818034
783023868378279940
228051072
437533038
504501744
154896410
1219977643
3131729685
395242306
62060285
345488835
583920508
2494327693
239551984
2549528592
1205594306
2845007506
1036560565
481929883
614101601
108628699
3871871513
3213779287
405817197
125941209
442817553
3309946937
1367363988
2770626839
447005422
499227001
2870991377
1062897289
831738350
224940210
783582587608567808
744518687617593344
401610744
430033435
731920891735605248
564572462
555997804
313199623
944269080
3982211543
1179711277
2212485620
765879972464656385
1330185060
426651868
88450137
2706476465
249762131
2361360169
367021544
924965395
951817478
2259459451
385571810
3025368046
634832081
708429391
327417226
434394574
2210084110
1717274785
1264718174
1039571245
2865546393
1911974670
28820399
2465900299
2367055176
27992407
4133217027
456008524
147131446
897132368
436499309
459584150
2984198033
345535835
4181848462
2182403667
1397232085
227292792
407296758
3399767470
87159394
1610183600
796097962384433153
350187652
425686235
2290074215
2737910992
2812981270
3028742807
798635240889651200
534964524
737327544077287426
451090526
2651374166
2843635689
1063230986
1642789244
2332571271
3336455937
592057814
849861090
1434038420
787009091373850625
272876921
94981476
2509301951
3031188244
3906735870
469894513
870218785
1667689482
2257121711
51465605
416476067
711226135
3179223957
337185218
1198670976
2385799301
752828203216019456
369749865
905834371
406877049
3291324425
369728921
3241115409
2772740636
1229273522
2836840346
1880747821
2453025136
121190725
898312652
800750620818800640
2322836408
497384675
1002788786
794426853327040512
1093512139
1251472430
984608412
2598112424
727517052991365120
180349426
716326404707713024
389348747
604883587
972414750
2315044228
56657613
2948374265
731252371226042369
788859641082089473
788047861342691328
80200885
128978964
2348140042
54864678
2511809006
1675230540
519330046
702592567830028291
522438498
245127941
479458968
1382274499
3336714819
573977989
1071485604
1369959745
3021861723
2450147531
1164336541
2172547065
508816846
1083645529
721992704
751725458631327744
82864742
1045369358
365079939
3331413322
1328664937
1244345414
75789796
97681471
198237141
2259040253
791034319301140480
1593767335
2816450251
3342978617
2753451123
784031287749271552
417111368
11198782
787323208752037888
101014254
859927674
1084193910
175127426
705813420973621248
2321483287
24632965
2940240305
772800324675465216
501811802
173081447
2341083257
37507247
2345075831
747963714
317951602
504894136
2370256891
257397349
2929403482
3387234539
424241865
794906422320447488
2894480764
4241045812
592688115
915969295
416310352
2354395787
342681065
1025054731
1897601790
69568272
776453763624214528
1895353393
802282147465875456
2976379107
13106252
57060570
621918240
1263818557
229804443
2598425588
2463100707
113981849
126315515
555408466
519506055
2190622501
406523890
2410911599
325760306
1228742550
802629811407585280
748252291959037952
3345161205
1229121186
3121853856
2250674359
2253896635
2669059234
476836933
254707653
122030995
3057522160
429700379
3201052948
2909929737
2556424255
322070453
460396466
104239528
9107872
250060442
3213490474
2507631967
113424592
2296153657
754694678314901504
800743278870044672
377872873
1311687600
399585033
308905321
2351775654
955750106
1341462944
537662962
2358153341
524809983
556818121
395548966
3088659569
226678158
15700293
53773490
418918882
1964557453
3926735649
1017977773
503452485
897377131
1932186163
2885630548
1128807018
1658004026
1394277882
394780039
186755816
2375661338
4919837110
293555666
2970118150
485101194
397503087
309347048
2948155437
510738833
4851423724
984751405
380183508
2276043234
728935613882314752
22674272
2788127629
488587270
442225392
3387594292
3064138162
26295447
452985926
1911991346
455937572
1101689227
2835121973
534762823
412250316
1972786862
499890226
987640627
2768661999
3385105642
284683090
1274882076
27326931
1176131220
319060887
613917828
2995540995
476179115
3295658451
2209811628
1374016897
3096871079
1048883828
3005727892
69834006
1109906076
458370341
340847319
141896036
473042123
1603457760
1044932990
278422359
888296226
485713784
2791785084
516339626
420627699
1105814539
522457817
530990399
288339892
716591970106417152
716911634871160832
3199220876
2971568187
83904123
2214539367
763388821677469696
175689077
107082839
2386835695
29556279
2842602671
10382002
134554873
586513270
2400285224
836237598
4205262461
3014428659
49956932
1266810164
437710793
482937083
553392203
1410209468
1250044405
2540480404
1028662526
3148025625
2229696720
614579877
3543674897
2736523546
3302069128
799246755414048768
624876269
194281970
1006453046
340614513
472014480
2310543444
2845429815
303937763
538513540
744828787137839104
2880129663
2466589783
836271002
582087196
2987118586
593523410
1221995204
2173149525
378671125
1035803582
4275415887
3804790043
249862119
405170821
755102530527457280
1443706704
2347588247
851318875
1041134352
633595333
481457729
2366082457
764133596512870400
1322551362
102200819
497949362
498915523
593582642
2312169774
3063216130
14110067
4204326923
4286374757
788794627042205696
22659500
703242229301829632
777607143931408384
986811270
433232662
1889759786
2180545696
903853592
2878223753
472185426
2981594310
2661453455
1114681735
152673484
4201687816
3042356055
567196189
2760630059
765113425882218497
3326878185
716341664353284097
2890463488
2881464153
773074386
939878528
894992365
2961784235
2280648054
1923616602
532222780
715597025404968960
3558401356
3225158405
405426716
2476119007
2218697421
4861532578
47368039
2853625643
706570552031444992
197056224
974687502
46791559
2400560849
2962111373
4885903612
849549420
701388779114930177
286914213
3065842037
310699995
541147498
801867970603601920
71545876
522567091
2957131078
2238203192
775126274960416768
4299066556
709828600351092738
3134015573
377680158
3119071163
1166877775
2309237552
394086402
761645773150908416
435844281
796847494105796608
1930695714
2510778660
127435541
2583026273
733330743800258560
4866946060
458632561
2698481416
2902589133
300798803
345355078
740204367400337408
1046985805
479054996
1176193080
586539054
2223643491
862986014
485546674
966475711
332678373
731766338956476416
270000027
2560173527
504661653
726150285870157824
402864796
3334600017
3244021258
81937838
2596945387
1548872300
4160599461
484850334
426719729
1372461787
17214580
2219416923
448389529
428897370
250697308
4164928408
3136730549
2427155309
20430345
4806536835
773850968844795904
163896252
14611247
1474855951
97962621
376871430
928564856
761997788662169605
2812859778
1288696170
2901728910
14420623
770748258440376321
1008806545
730396590230413312
3227318753
591663175
499080594
2956811146
212724190
2949317921
15047521
429974408
748158878332895232
861332947
1393825116
491327107
1052983992
2970225064
798448339851313152
370639956
794512823829282816
45400255
4078539741
785107688644640768
781571361919631360
1579008720
783976877669122048
501526399
753265543633899520
556848315
2239737678
485741768
2313838855
2363914417
268905980
296197775
3311610921
586157904
2743862297
2978233996
2211353832
493497596
1001303996
2235047637
1095341570
1228335115
247722432
1298737056
415564172
1551364297
325102968
459293817
1159997508
142393098
455266241
398032197
45391358
323428736
2883830458
450555112
1640675455
787391210377928704
802208027038351360
2360335217
428458020
1066757623
3589137856
574013991
735788453737041921
2995908064
3246166239
401527322
795749937157931009
1919132101
3081436118
793179502046216192
145351696
783035081116049409
1117576526
45199793
3318421203
795237998577274880
2530670244
742113352319705088
2218143675
589423738
1260487207
782111222745427969
2256861644
795564464829595648
955314738
49397445
14394318
546646837
78553388
766644219930873860
555195323
2288157877
1021729232
355265834
529483712
1978966777
1556491195
2375216695
2868803500
337244746
3347525428
431583486
784398647471595520
4902430509
1039675664
2813029598
787512125610655744
226511693
1538780774
737966697399865344
781113518019969028
2173760019
34883730
1901543132
1241974550
3357308483
419823209
1266792668
2201369448
272958346
222431192
4165031189
347500628
770630183837655040
447863789
968871944
274014643
477897185
360868017
2940621262
767250170488688640
453287155
1043011003
704446219079303169
2494263560
299020216
55509918
539590907
420186908
516547916
878518842
788675050992009216
2184944111
2899686898
41391760
415423066
4193761697
253164055
2916512591
371231813
2717902222
430437851
75299581
796033040443129860
1129353018
3034313507
4787676166
438176540
717970219596165120
38683850
230453692
2929390888
2424988655
22799265
961168160
789842195775971328
756546140644974596
222411571
1063009350
477543705
1745966046
4120227047
274531908
702971213308678144
479764945
841647078
745614706891710464
808924015
483384295
1732672866
3433647837
55360087
104135821
754282812405084160
3399848795
537290044
614852872
785104448
2496989087
2271564014
1022731986
1580176014
3034434386
293560915
1725431600
748870907456786432
405792460
2745513875
91960359
3877639340
1169608560
724325815756967937
300847991
630930507
4440861137
2978019477
1062995012
529787529
474746645
4914230231
217939114
2525039696
1594040222
94082890
475325454
122520593
587783553
760930917204590592
460959521
540669424
127189314
944588666
401324048
345374298
884964986
319579722
437399075
2884438281
1622970242
559838846
471846501
3164390831
800163036
50233016
1118100247
2824712309
479016805
543308970
39546698
1298956886
49968874
122497273
2604042187
550416702
605157794
1117075328
3350829082
631361738
1639987099
4860620442
2326462552
370892488
1366648526
415608754
409089494
26968329
496967858
2951349335
84307195
353640576
4105925825
756798814518964224
791628536557793280
860326165
427739699
474251278
705451641
2821597763
402287600
2634622329
2418921020
2490943567
378056903
454177020
49141541
4355636235
501599823
3028595021
26982622
3599911995
176712900
775750439883182081
402536398
397512732
500763650
584658845
614443056
717334646405611525
772030120097935360
2212551910
2267623882
50590345
433435963
3014521558
3390886840
872497166
897195240
476799662
755206795
1071137358
6164412
1586227562
722848232792002560
2895077031
425907195
566540382
49303706
694638444807610368
214892045
319578825
718185423571390464
519297126
728733122695725057
2352059977
482275881
390752714
214047668
487403439
82902889
104450083
3094278383
2412909534
743180666259513344
827801822
2652874504
1357198874
779049756
1615551482
556169238
3431535287
577226307
1077453158
2562814182
2420100298
725066954394980353
421941338
3987103817
421758109
931542290
418301345
3345672868
3138188655
840555816
547050389
958385528
429928689
1012841208
2371137846
4914013611
725370452210794497
486146467
3069657982
4098447160
3314219367
40708908
783276237351489536
354312822
47987007
501931987
519616287
595878183
3776006296
2639918968
728295648
1151527296
609075599
387329231
767809657415036932
107517248
1082984088
2726498655
2250726350
3793353617
1146441836
402821533
61212638
199348405
1372859420
730929960773386240
743514238493278208
216288769
789461803382300672
512049329
109823487
781781049328054272
482107935
383227063
255182357
3402949349
934627686
2788765798
1673607168
270821168
407000028
754269921949937665
985080900
3173819499
15191260
384818191
3373955686
1562770316
631810976
1170295874
470075829
762186331011375104
1148239141
23179771
757949254765834240
1275456488
331795273
721303651575341057
3261069747
1011151154
3052918302
51067487
707605903328075777
4041487727
24252705
794822744840007680
1938878952
4204183834
1042134122
781593851182063616
254092558
490373717
558020613
501137418
354901534
486787100
251278335
1022801072
1003775976
3421640121
1223037354
480572988
62019002
3515611696
1913892218
3033201537
400273310
1921210748
437832290
1392039763
259206260
2719186852
426640529
731908101750788097
1260171894
434839840
792982394601078784
368950045
730132426110992384
1331730614
1235060898
2951587293
510153160
845413776
337321550
712703426468126722
3017868821
2512944834
2244460336
4775690980
4863618933
4149229876
607226144
3225190005
2694520743
462343980
483102030
4877257138
337168538
597453726
2892216196
789866400332611584
881165648
130851801
329591308
965913204
741762693972021248
792051353921134592
3144557331
1858411734
784105196070854657
1031432587
1251089251
472170881
783659253848535040
3368018859
2787549467
2154774592
98452847
424556261
801520165250887680
720515573
3193977725
1644683106
1229651126
711159303709847558
465921722
2237292276
521090462
793496531508793344
447439107
4229498536
143079781
459317071
701728403360190464
554993833
1544093054
749991934165385217
2570957394
802320974
63650287
710864700851032064
740277257424523264
379256309
2504004971
507971362
2511962844
1107205176
235660726
3176594760
564360716
717713995
723169924785426434
96233686
882708728
718137526783967233
303219287
374520633
3243488463
403444000
14108472
210847731
723922930304995330
3446019976
591459578
149609445
1384855346
1086810552
141529750
439397412
946529088
758530712953847808
412254670
1348851210
61216272
4416586894
2194433942
2962994278
3336144413
876037140
551979725
135461887
799175088423706624
1099490318
130181213
318549168
81467672
1037713867
194275021
54978599
2193007701
239434137
303307834
397474839
2992982729
513598801
722731347526201344
1094947446
338528855
860102160
2924378676
3860196976
345918295
739250450541776896
2318283220
2986513055
2319777925
794889137845366784
1050116880
1354491877
508645944
341989260
1855414472
1269675482
480023608
2889852755
3123285591
1114503342
771114116035543041
394119695
442005205
802598027265540096
440737015
783020674952626176
151390694
706086767523405824
759712744044056577
2174187752
3041209765
415039798
2557627068
2898075617
788754158241378305
31880558
2362666795
404759504
3025473960
31497295
1179385580
2719760326
758750662104522752
871589084
1014870637
1275239096
1586042605
1459455080
39240661
958750693
590188450
780736770480541696
2975144398
457323161
4383940095
2440218877
508768772
746691972459597824
171857278
538360052
522987521
256595208
1009243501
2656984642
419318448
463347621
225490204
430193635
404048864
535447658
899672546
1006432927
1346272327
2896345199
1089498344
768469887815647233
1679375545
3183670121
746565668846305280
510652108
383100901
778089012
41917375
87500470
385014976
452909538
632324504
752800121138581504
1346566790
441643347
50382610
1015929313
504545175
708386861
66631998
419285776
464954800
752010888
250774432
424084271
484106374
420533831
85590368
1284301519
318524279
484665449
1916947843
2342517254
19592755
914050591
3972000731
432688797
2180831464
713429269490302976
118140512
496233111
4371150255
2431061097
1007270076
14203530
363528043
409332025
483671947
721937520771129344
1139875363
782577416548020225
2342856875
115701472
2843887516
825321830
2784216706
194138920
3077650311
798213135803023360
3385699887
781954997806370822
777879171993337856
722050091624833024
1119430706
527802631
1137926508
3310442920
491212220
28724819
2339382066
557827565
708425080645279745
1100581142
771167828
528517265
2364035995
788974585266012160
722053268587855872
2462259980
1012989822
4008843159
138530001
597277298
2321180143
733026190689210368
2323867147
2350203541
746539553771651072
2188803397
17755496
801422494708236288
761582724176027649
1061367398
1385223960
1334417106
326144852
428915501
893330910
1192578464
712715493
132811097
3169603576
143590548
1279962288
2464999802
900445982
2835748534
2197153563
701600452
517496971
929249360
424269965
101349228
2409566784
2354230935
418221631
2765919539
211191573
393352465
2499664019
3230165817
434150529
1357812068
757173570783043585
374592692
773929798192300032
366228620
3300735423
286307579
139188966
2960103832
436833006
1176935226
589253599
432903283
1171395356
402995375
2480246000
1218998124
370171470
2569120848
361960565
422586035
3654048027
869416494
802227674001326081
376935892
3045361705
712312811305758720
448911654
1330971246
729294897891676161
295064979
458146177
628772007
731917270369357824
2920033789
402997564
1142540912
1327803948
366235360
598942493
253714436
135267045
4069173009
146215776
898256695
423804948
1059127664
479289781
475096024
419498039
605303095
504354294
794302419203215371
184423838
703927942192173056
739140549299568640
260185831
4688837276
17706954
359096965
2403109144
612741838
2301960876
1353602473
780111522030821377
2400326462
2202996597
1356673152
2171028731
51522357
391448955
788368573471293445
8486912
1362473617
1472981390
1410109662
793166155112386560
543230090
460275730
2372154501
970835599
3981639861
2300311050
2178758289
396218442
2216026485
438385480
1163796132
4883029437
383531511
1146253243
15036282
479677859
737964567737864192
706060041254780928
799529137648107520
1044114469
1370605363
313390906
3007504107
1926324451
2521671494
182789259
1527761478
406443794
416346211
1142996647
1275988495
1116671611
970705082
2282030010
252585311
575347900
446903999
1192260607
2380592546
2714596672
1040432420
2665954830
514469819
2900897831
458738784
253175429
2988110818
326226399
3937406775
792731002900709376
109659461
2153829339
83224596
44335065
772498157636820993
634999260
1585852927
2308512940
381128944
607236289
119678008
3035060441
706005164
2832335447
4331454017
714382420
69030213
930194618
561447448
2904967810
2741727190
22043779
800798359430696960
2809989688
4811997677
22011746
4845999597
586675940
3554465607
288204711
1405789050
2792238116
1255053170
527710207
707543821157060608
4879045263
748469128961351680
4221550048
966699302
457622220
2445645806
469267629
472130584
109573130
786920361858326528
471369382
2949739355
1541519556
795317869131268096
1075851336
789553715766300673
2380809738
798505651928465409
251333816
1242349663
400899688
1723968264
726108618051997696
267335558
799992817007345664
222170521
2951279819
415580398
708587318786007040
738960168768180224
1130420497
2574452613
585397603
2230023476
597787450
62300002
429392796
3345309321
990706111
188521082
730372688003338240
281239582
3405599800
321313255
396864261
2861549067
1469982290
414385318
439884911
782574940478377984
1450171
754728875054227457
1890293305
497906852
83449728
2732427263
906224444
4008290355
4892570230
49685654
703163427947040769
725759263025577985
481304796
433287204
1374652910
78971533
140945344
26319569
481359440
448158717
715887797165535233
2362415546
3182903687
1857295158
557259122
602802570
3043362960
945141198
426525876
3076910169
315428267
334388234
455094599
735980645273489408
1327867518
257223860
4885620221
1092927026
802212091709026305
2272854847
42478291
630918299
73595849
493900329
493870947
1464258434
468689162
774695874630909952
525581980
1363019598
1190659814
567151012
2150407082
374178936
1045573032
216008083
2290092179
2858795351
30218060
8620162
2535998835
796759446370271232
435173619
231834513
708969277
801808880955170816
1252378069
63060955
1927609350
798253751274500100
4764734509
720282686556770304
4536789317
414926221
401879153
831854412
63799365
1412500075
1215545569
995021599
519619381
173377254
802226446206980096
1040263164
587677613
3001638185
520623785
2212638076
773956774932127744
498846820
3102666957
2931672725
439487431
334337968
303713268
3047866432
217456749
291417844
465631373
433812103
1394582718
492081280
1212975134
443708574
3347934334
760935300189356032
838223696
1028707682
74964468
899952481
3613300157
1225509780
2419860820
389104963
2510931625
4405998622
232908749
1063694274
1386296514
1114596824
3696089777
2927018079
3059740810
1239672679
1036719990
434232469
801049687298113536
4284959421
4872050638
702128508835860480
722086969094905864
3527260401
1160659398
767795023970697216
469755986
949425925
405158422
422646193
55793308
899978641
303961621
937463430
242071863
705029912265097218
1121935962
590833841
1334865294
2884126876
759717599328411648
1151495287
255506193
41331918
724957881045491712
446371601
755281777
926231262
371123495
2771181483
2430152420
346117908
915191390
2906554709
1227206636
1333730431
2958168039
108262067
903701676
2876085995
1116548774
1918247922
440247035
786872295092527104
1120206308
1852450694
2363193428
985120944
478565327
2265398249
99125540
15532171
1410963865
61751856
431818692
295592416
2506050759
1037152033
111724064
761809560
2415685429
211061112
72248630
747123888
2645983188
3311089743
569680694
1068854492
122420347
1479816176
2779739962
336584606
454142762
1127618904
757860425451077632
249457691
415563447
405498561
2792078239
476976196
2377259598
3369172816
714179021110714370
395993825
278210313
312644183
2928096323
63705563
802137771678830592
232559332
39022638
169233625
937216831
1206105060
3044594085
915566532
1048569343
505611609
332885533
519800270
2442517233
2751643757
724711989667344384
559988325
402230222
738075829540917249
1100350039
2858584827
787235942
499571765
705109241
227606688
532365440
377272505
42662635
729359824312504320
558651454
4464016355
251309387
4218590117
2781784450
3928015222
742740487
3688803513
1510136666
576216226
3067708121
436178943
2588246800
720335994449457152
1077797754
193261391
76863835
2359448190
1719985794
2386237696
1063284294
1498521200
495386998
1452474535
484784657
2167899593
3049978111
774133777412923393
144210805
276497372
407685967
10282412
109933343
3862086448
3110551685
2361394675
2934930969
1402740133
1492497582
1068963974
294535863
391620881
703776920
3103748006
831768450
25676606
273316238
1671070807
1101913508
526606808
3398885945
2601961486
298123237
481355521
1368793633
409448246
2441179335
480246066
747307420276264960
1178518129
1876212612
223575921
