1696619809
38873697
1341242756
2850074284
797109025162887168
3000382647
452343838
989797758
599247299
259098091
4038219195
3395459769
366742560
2425600869
2433727925
1135414339
434783947
380526746
2597512767
2356202642
268899621
2452701214
726505336996302848
1582514124
110414714
281104969
436029270
757989565600858112
396841926
2459996144
2381791600
462876561
1427725550
1530798872
3152228475
2480352662
2418170407
989351852
3334952776
711620477
776388048561078272
486693376
418185559
422340734
194972957
802439518947254276
703708224168599552
522078771
53306660
574357133
859494601
516432515
1540142966
144987828
623602877
2617684187
1405465094
1229391188
4160203479
706918990543790080
581561624
744524292050788352
811565292
783983079597694976
315347276
75538541
849022136
1553893082
2984502441
764525968623071236
4824031401
2982641339
78412028
122155790
722758789036957696
1223079336
467389922
4883355514
109251997
788617257404497924
499128183
1328776837
3200053252
406153137
1082718704
1591945410
723480201599045632
1174274426
765933168
180317088
4892322659
213818443
4695730892
1573078681
2992145253
1307016348
283636579
3389000429
3384747941
773602742
2336431904
1066888430
2150969605
582973156
461297042
3433378229
3427709602
633645457
2367178591
1031322212
788472799803367428
423732690
2576990395
475678078
604451498
452010658
31521666
1322447304
462701585
3911482575
4866039789
801730510930214912
742029848982491136
2249221297
718336279260307457
3398643791
447231795
781046072865087488
38032906
3720860206
2216727409
2265984404
3790217597
133461180
712266973070159872
802299785906683905
443187387
119796222
712690061616291840
3228521201
300616972
3217393599
108686966
3344602462
2830228252
967124340
3398394214
1039048494
462882815
131292189
406841197
2328166991
4252198762
266642198
255669937
138418305
3115484254
359861181
766740702982205441
790857103544049664
437635996
2236793966
538462625
3140224961
2282422430
2170742693
988229000
1231899811
100610543
889202072
2958027549
722130030
3426670696
4069821075
3243634917
762264010070851584
455612937
590037686
709479074029240320
1938400746
303936344
1372078580
733743405751271424
426826967
2403776046
1562752760
85136516
3317075583
799719119213895680
892929787
2178600592
801348354760474624
1066107055
757950065466015744
765965375792148480
20008166
3155682418
337122176
4514436508
385413672
2344846407
1330005582
4736768123
421319874
413457774
397199507
3413355820
979960242
820278757
4186758514
1635670363
777025956078813184
3555782356
2476666696
2909606831
2585597700
790540888237830144
242707729
767772101503836161
163866571
1157534816
32931825
104275102
339528511
205638223
371749840
776825645183664129
1051114320
3833101347
1348840861
55303604
4244953881
2824597829
427657093
2326609739
627128494
267448563
2201962850
473848168
3555797841
1125544152
513144334
191488665
710162008180662272
2343427327
379347952
2548634808
1655311418
634575700
387166314
3374587240
732286939316011008
714739556747243520
263619418
3031199740
1238622974
81689292
199790331
986711527
1106149818
390622095
1593579625
1334303052
1583751032
211721790
2600737247
1015870262
764928828254871552
122384389
430200691
406276067
2648038336
463969453
475134082
754957121201004544
877434170
462983520
100278455
792627890395418624
472301391
3291493733
2356846439
841517665
396864162
2331718804
541787569
343239720
582622919
1004482429
859987891
1709866242
2997431799
2299916972
1444286834
1036863938
4624659274
288094317
3401876698
1903628389
560156137
20940320
531265189
1178526410
4318412477
330532430
1492509740
786541347750588419
779993497445228544
3491171117
1044907412
602903174
1117535029
50975033
497249239
1012822723
906349453
2729520336
147543162
264211609
1376730776
802547227671535616
1555488049
292203548
4870509898
436727036
1223309749
3000604564
590296051
59069716
3303829486
618782497
4872044806
421235748
798216901071687680
2247573164
1397374658
81590832
1045064690
50606585
1331086867
1381974631
2275860026
760548711701282816
2588051975
272406559
2256809326
814889078
258755575
2377444536
2910869781
4076765242
1466803693
1962577286
767616854
416618561
290585680
3971921128
2352161865
3047948086
1857779947
745916794100125696
1171488392
1517788118
991848516
3421011273
416884560
772074670208221184
2520868692
710044495748927488
2962772146
465823907
597554232
1495539583
437791905
1898454535
989485837
184489591
1908263497
3384524717
766664451223330816
251663248
533346277
1155342385
1227969776
186977143
4924737299
2333745212
538378384
2366108005
2486874688
1852088028
1143922956
396805021
529700553
13573252
278156769
785089989692493824
2355147860
463864783
3996258160
353888721
2652696807
2203007225
3457068923
88019719
4182142288
126691082
342118728
2479620311
763044924526825476
800692744230309889
3419625731
3363987292
3043905536
310845038
1230470216
1139838132
783023868378279940
1188832464
371781632
1077597126
32832926
3131729685
64522965
2448612458
259271842
75155781
3329102776
797905198811381760
4184943027
734764188162248704
1316027886
103068418
339932639
798743088206319616
1175672102
2215701370
14084272
724648551561728000
584739670
27833981
481929883
125070146
712640136081776640
4631008281
283080198
261146261
1270339064
751515465017679872
265385204
727938981120323585
390297468
3053830265
982037941
2339917973
2189342688
734053598884139008
4702970784
499227001
319166186
1150606010
2716739703
734261803140669441
359899396
3521541201
1065387764
1196533130
490367299
430033435
234134162
731920891735605248
575654596
944269080
313199623
3342581884
4873124837
428931337
2410447644
537477082
1207283455
495466998
432373469
2151049389
126970118
1386751423
2337708335
253550542
1351561135
3715252995
2361360169
2330094224
974726732
4910367893
2259459451
385571810
459575207
3025368046
233896013
1915422853
708429391
577023890
420494257
2322290576
1717274785
1857148146
1158164456
497988880
335395171
801974236315340805
764668857382477824
1227596455
4133217027
134058065
154322105
3198028097
4833429358
701439340807905280
354125985
349355508
58768691
3346569904
2881013986
3217711420
1053530935
1000188997
3356670165
889396670
4164038717
823648998
2444235358
87159394
553752390
2239534579
416832080
2319542538
4178355137
216281928
1329293731
485762114
3368385652
4387850548
1384913983
259362408
798635240889651200
708581628201844736
902101675
397147405
1542761893
2166921829
383831016
2798071301
793504775757238272
1642789244
2332571271
4735890017
433207635
581185063
621194070
1434038420
787009091373850625
3000102892
1411184052
797567182666350594
2248757802
762934873057292288
3031188244
725059657295912962
2199795114
21825227
400393067
51518999
1700280511
2257121711
2475864640
765908415600361472
504329686
1077391783
802097584332558336
1040976385
585968039
401650330
886686836
618722314
3647477113
2977102384
2340110677
369728921
2868084261
425649719
123986115
2772740636
1617496921
1586357036
50773283
774874962700238848
1880747821
471347700
914574283
2314286333
757917606707916804
430844411
470917335
31091958
306633266
3566570961
1093512139
416165363
88650213
2979240557
795271477901791232
54187793
435136836
424216485
2315044228
62364690
511271721
731252371226042369
3492344729
136801143
48996987
2846869078
2972722234
80200885
134232431
438210358
731869832430428161
790303007602839552
1675230540
776479770502651904
706097800040357889
635283342
519330046
52061287
724303327077502976
4910760543
598685083
1896618822
735045646005227520
2367306607
434279064
383842954
712376322
414260257
2342539890
242695991
859521930
1034862121
231590078
1164336541
3843282933
617747870
45514913
1379254362
554336117
1386808813
1653188624
1077925266
766066296618414081
416422287
1303573562
133297534
427522940
1064367553
801858993035612164
1116420750
1368152558
718337999474401280
964876040
503394897
2365538973
1084193910
370182507
55186493
1615176902
499033212
437607577
705813420973621248
740614837647093761
2940240305
371825725
2970015723
3050657679
761303645518499840
3370650735
173081447
2341083257
2635526840
288366021
406127621
2240805182
1145390935
4797073893
541527026
323889720
201744608
3129266409
96309027
558534010
3036352179
1039581457
1377266593
325704431
364323523
3063946601
3630304645
412168233
2305637082
332921113
54906735
304598010
545384133
776453763624214528
2944914207
3357276724
1007560902
1168797480
1444894993
1192672903
2317045753
767276669925224449
776702932523839489
3243909749
735366894857916416
57060570
4920069233
790846446908112896
582904239
718651225
794543370530095104
3312179327
1263818557
229804443
792810525533044736
742397759991480320
240118613
3413481177
2409382352
25105210
2791075913
789144305264910336
1259560544
1912251979
2394145762
1039724564
932396101
406523890
2190622501
2506713271
57479575
15491749
325760306
134206590
109021197
725557127872417792
396697870
1229121186
313331114
1034988296
225198604
2659556391
3201052948
546024964
1927224049
1320668719
473340894
21454307
1704116298
2296153657
492319960
729221180985618433
779404570808225792
74485176
1114715887
2224962167
1064261450
2748424515
2382424494
3621950242
211547752
1337081946
146763345
94829943
548616993
1068648510
2190386613
2407292225
3490660817
858180829
537662962
553472294
1300370167
2472444574
1251065840
932478324
442197827
1712656224
1384230229
2797539111
503452485
3926735649
1510018086
2829805719
289400495
755320994131247104
394780039
309750549
4919837110
1246974960
405196135
299800009
1389805699
3246127000
429194064
285491707
309347048
138008505
2948155437
4851423724
357074444
785773375385923584
595267886
2197175103
571710585
442225392
558038204
488587270
3387594292
1168651670
2903545671
426094795
3091392485
211126702
1682635764
4873612929
946701314
254079422
945454573
2304228233
477871080
600136789
908138683
295118858
492663789
597926584
715080807916912642
781114803465191424
612314316
581697530
793071301200113665
757926733962182657
391466134
499890226
1972786862
18618749
1261644342
2768661999
3385105642
2427495967
79511997
319060887
987120272
613917828
3080451825
909999054
2964119115
60928211
362093487
140057440
2559192629
186399539
493818614
961283478
409352382
2394411554
2156562691
791983374890070017
2730593590
2288338998
1050781381
799313616302440449
558987287
949372327
1106167964
14900051
192165373
243563921
2367326215
1891638931
440129638
3439230363
246089683
702614277472034818
4069758477
129576770
939337284
737320028270415872
394293884
420627699
290724470
756061004556042244
499876766
716591970106417152
3034643483
716911634871160832
1147409647
399964269
78128252
23039757
3199220876
792230731
1278132380
1538750090
763388821677469696
802152204459184129
796464365050494976
2833896585
216696569
749668349605515264
313652711
4549605137
138044681
2833760769
322037405
134554873
1699586232
3367934717
790171114278445057
408681712
2987790683
2654152260
157357753
408704922
786217307622240256
17648551
802200796368687105
754512084315103232
1712830392
298758103
40006630
341001184
405196197
735210289784819712
799754734315782144
1028662526
470476105
763274024675897344
3095233408
285012814
4928491697
2695570123
2512832146
792646804751970304
96362233
1274581027
219708508
408021280
463696074
490602212
2148839571
747064355682910208
1583613260
791271148940066817
961108988
704330777190907905
799587629977190401
74693664
3367527737
19392607
589261384
920626381
389076701
2927049323
2951442201
2767985158
836271002
1493589848
1870754606
2881244285
319191175
2198193816
2631193317
544700808
1035803582
2609786247
249862119
2913833871
17876465
405170821
76355344
441213910
1261453891
607112247
4735754218
3433894977
1041134352
1737163674
937263451
702047704889868288
1004372137
321911895
2322998168
96582995
2751139073
102200819
434752212
278188295
2679205663
462427721
2792814315
2333850771
2322781029
781584426186735616
593582642
2785117733
543703916
592489826
1127733265
22659500
731093380151803904
326183542
773563444750589957
1159825830
771413293068128256
903853592
472185426
784166239
712948986223730689
236565724
4624496368
122785870
2482396225
802293571693019136
20683548
406165467
2250183727
161428463
765113425882218497
28352472
484589440
385122590
1402978436
261757783
773074386
894992365
373219208
4615130548
1291656504
763737673613840384
1923616602
389110579
220996437
4273349056
786545828299173888
4196122397
382034832
4869095007
532222780
3380703819
726428495413387265
70103444
405586881
748790752084316160
748249787309395969
9476932
2508295280
2276807984
405426716
1968997549
20939436
2476119007
2194877690
264867166
770611373713854464
2400560849
394957022
46715834
625012293
405618183
9055772
1434279086
2543645621
1880399689
306302295
434857590
4860906586
61905153
4850369241
70904144
456971763
2420586324
99702635
715083557581033472
118351299
302633416
94656850
488894721
704996147
743437317130575874
545248089
3092809936
2302888393
467573735
787888638
3119071163
195316316
1227177884
795355999783751680
2309237552
394086402
2501851306
796847494105796608
4038240796
3298910494
1930695714
2331847077
2510778660
434430889
4318680568
1354935949
2603107446
733330743800258560
764195579081752576
1131780324
458632561
2800729570
407051453
242318672
3297456253
361209642
759292043973758976
391531110
2323933241
2650582614
1224387126
471401393
2164608279
4155844545
2530670296
49653884
783307585206222848
862986014
391946870
490933406
755028067517693953
3121596654
500583344
622868610
3074444753
983007608
194960059
786778001790959616
2935219756
1672302936
1978729974
2932258043
4280485636
776846953296588801
3244021258
787168283623583744
448343412
398108618
4608384377
422844048
426719729
764853057909841920
1372461787
17214580
174351797
194619416
4626223881
298186616
4861481447
3067517889
92823785
2505261984
250880308
490736218
3195430174
1013772607
441253433
597464121
1539421987
421155334
506544504
607286270
4806536835
2999932538
542094808
1238691594
97962621
410210301
3041758444
493455308
1254757129
928564856
19067940
2812859778
97938993
4909543941
394787464
730396590230413312
3227318753
3306842937
2969343543
759853330692616193
76596562
409130756
476154614
397125568
268994585
477757835
163879703
427227030
802025941740425216
2987362433
630524940
427804855
1539407683
621679998
370639956
2883671135
851456364
4881267029
3371026409
412941225
1464788840
553959228
777103966668718081
2357037111
428867906
1203674574
247209095
2173115843
500034455
2217674274
236138836
1009031150
23798374
967478798
403997300
513444329
1175934182
3169965514
374941410
16145985
384391965
2239737678
1069422908
442193839
2365011298
237816428
781578050865627137
3355557795
2301498411
857796026
296197775
216884788
471428838
801911337211281408
799219281451958272
783767997018177536
441914111
339173161
2978233996
801700087525216256
455446061
953265385
738805348476260353
1001303996
2376465507
247722432
745953463339737089
1369005530
875930238
432502938
196560266
2422131402
517934877
455500859
142393098
219406236
398032197
455266241
220976355
547936685
967057728
125153897
2707254209
733695386846662657
2479818873
392987772
1327117352
2484583737
787227720094736384
458670095
735788453737041921
403951532
1218936162
1875973597
398809701
2298937636
1117576526
3629322863
45199793
3695701275
2472761502
1053093684
3067898403
3432995584
1179979477
384881122
796684613452238848
385890505
449896218
3295153623
633728787
577287680
2880084795
469153
503303760
1103450372
486664655
202086398
4860590037
419914432
482343716
514124269
2173027221
1372922408
777855788882812928
20446798
494198440
4920828160
4446307913
2165389231
141181225
1642833512
1454614525
105602878
3313832169
319141378
766644219930873860
930659928
3939431595
780087732949413888
52332450
2375216695
540101622
1138051976
305255857
797160322868113408
116863508
2465437060
142807042
714814345100791808
633147468
746943549661450240
557183767
566326933
2615198467
2698192537
3510108957
745165565342343171
922711819
821518610
562736946
2417405263
2876824785
725983920
443005905
3962676802
382015339
731131129336627200
192939414
2230346403
555225636
2274450562
460987611
1079226488
864457176
984212430
708529654
2268685606
703695640782618624
4249227922
406920424
94594903
309632005
2987051320
818183167
4768064356
2191221171
4927824592
3099809855
701650211391848450
3075395735
2509796906
702921914
1059881101
3131554253
1068056972
751149104236027904
3299546625
215735286
469483334
3833401401
4483480636
617612901
1043011003
483854366
804961884
292158589
1009626624
237254613
218093343
705489178
706086896275955712
184747714
3147687143
2895953165
494909390
2948657619
3294057883
374385397
598558484
1367715998
109232037
2851118121
1117323301
2349128023
1354437403
3682346117
418636676
761516705445183488
1166637379
421839918
430437851
153342663
1404635250
442808538
438176540
92996440
85543043
330260849
465428994
1511107916
414554793
953542285
4860992891
4861559277
565500674
2234448710
2182425995
2751256629
2594867485
1061905068
3296744735
329305899
477543705
1962674090
45099617
1745966046
428587953
274531908
2760251254
999278988
230170195
566361704
1160278561
22044386
1208620304
797805423122350081
483384295
903430776
428411345
797136508293627904
1471491456
898173608
2396856942
999474469
2819178244
3032760082
430169858
1692004472
173522276
537290044
96380866
3019867043
1336555694
444837039
426774983
751848609348513794
236642820
2948819674
741220758643441664
161740961
587948551
306318181
533692413
730745676
1580176014
79036955
779645231285301248
3716663013
2438190453
1120118342
166976785
731444924500086784
13294452
1725431600
401970520
31233554
42062113
20802488
327024457
420464238
7414282
358626243
1022538426
481409710
3136221652
348141611
46931635
799987025055256576
412424802
587521626
49036389
422913943
51445321
4188671596
318661130
791713072549335040
2358475547
2707579435
1673777258
452960309
784714701091532800
405004713
2247433494
479645953
532545883
1071579716
2726948745
291604982
506299510
745228268
2360517815
497091752
29237598
475325454
760930917204590592
3154767440
524236416
127189314
197581465
895702736
356182393
1354663339
4200749482
1355407830
613452196
157917956
955821968
788810099267670016
733032143530696704
554260599
725422192046039040
416945846
348313617
436124417
3164390831
2219448182
1721422970
1000045820
4426518575
3242519025
3342653327
423799588
627127789
725949864
122497273
1510780328
581752139
1099414640
1348975974
2604042187
1077077449
2969519381
321264725
398946027
1117075328
14401794
2674680536
943625054
2260822969
2948932000
245715438
2328858254
1366648526
58636171
2951349335
353640576
151004331
759087669452365824
4188604709
440842714
570833587
2330406031
474251278
705451641
4340888903
2435638248
728166959427268608
2418921020
418013478
778321813
413010349
32434307
3241941287
3332448431
747907860777041920
26982622
2166133390
176712900
4765032501
338393037
800464320484098048
785934232698904576
2485008400
467773429
565547576
717334646405611525
264753679
453644661
4927619332
250624869
50590345
100971180
324861314
799774009072226308
457375249
2381833319
3025669096
328946138
954347947
1606675206
532601618
722848232792002560
767688070779002880
2265684361
242351511
566540382
3253240709
3090093706
694638444807610368
484982241
2329023188
400602706
2541601227
724009561242345473
617997188
69340006
2922689037
2843769504
1334612474
3350423657
114141144
281884852
1652723858
704615029572825088
3094278383
2466339133
2345773460
827801822
327471759
927916422
779049756
1249365224
480556099
2154746892
4622433142
2318485496
577226307
418028983
416124700
501874833
2562814182
442767427
725066954394980353
14324681
797171468002033664
1331603618
416157197
3138188655
734083116919365632
515638711
547050389
713448101785288708
859534544
401619375
357464260
1629008389
3986971581
515561206
429928689
146185718
2371137846
485148799
440716175
2218411411
398155586
736596690
3111732579
4098447160
762396908409253888
629068160
572469988
4873134448
432637066
2852162818
801133353126756356
423531049
749248856
471151069
470515225
4611199415
595878183
397153198
767596251311407104
2184144110
3012254517
435645089
416386667
722919613
1082984088
754260182713204736
420258738
2726498655
3762684742
164590811
3338622107
66635426
504684904
91348491
3065989288
187478124
2350347318
405443137
2348272160
247712433
164687938
1060544983
81412056
1594184960
391286828
1372859420
471486462
1645224056
2432948813
743514238493278208
609145539
724245672434765825
602173921
702432335078285312
2837751261
3700266675
569492527
1418015090
2978426715
2150833213
970849686
385704361
713009769
318939574
4512281667
763146166620057600
2885393529
703619424
1726668865
2153653584
30248306
937796372
2788765798
102099568
2909504255
406367602
1430355200
704431464524423168
985080900
3173819499
916860277
15191260
4791467655
54975036
4865355658
3239066199
788291127384367105
2820527567
1534786369
762186331011375104
93197485
721303651575341057
3258090545
1044539172
707218166250864640
886811412
952427629
25189236
998895174
707605903328075777
794822744840007680
2170527625
254092558
490373717
603613167
3481510162
261890079
1585659486
2975094340
247155813
558598786
96109716
1386737474
2348566523
235831481
3823074077
462026678
1226128195
1223037354
4868655040
148545440
563773403
497995758
51757652
711587750269554688
62019002
471861275
3814697663
3632667623
477654724
3080004435
743477715790077952
2610968998
1118851009
218931858
768173977890095105
1921210748
400273310
2719186852
266841916
1368007123
752975877517041669
1074200670
410852015
1456631540
1062583370
486509124
1260171894
434839840
760132107666587648
730132426110992384
1251804560
590867098
483941482
383639966
41480658
1867583196
21293399
796200506267996160
2362418930
3233660728
532666601
87467449
708755071861964800
443193400
2272916900
422858171
730380067637956610
2512944834
2380747454
2244460336
4726174575
38664454
53368287
752897299186155520
1346721164
3408677429
4863618933
4834898891
2727520025
234868966
595627313
103290607
328935079
3510030675
1050588654
3447717202
4755949588
264428351
2543955497
2892216196
2892534323
789866400332611584
307278565
396151080
1110242827
305495015
2786595941
822164642
758724504604512256
2771777799
2227758951
272941891
4468775656
188787298
3384958936
101456289
1219276116
129939757
836428490
712741795264925696
715634542363729920
1644683106
465921722
1727305202
195374632
964852682
2786077631
209891777
558053080
3301451717
419480134
799898540789141504
281613626
317879495
789470390536007681
426749264
3973423342
2493142851
1148226661
2518376945
3107226245
2895469174
538341709
1544093054
861373158
362421745
1290097460
1404322896
720880802939023360
396564186
1262939593
806655240
453966391
61011257
957962750
4874754473
2757272345
1104562232
1336605439
3166034463
534410540
1285829190
2941915384
1640766590
965866273
751920799964098560
1344131071
77031813
42113491
2319333378
791382828500000768
273896152
3221712009
3355048384
72058480
3054231435
536718541
422547117
254625981
2208033796
2459245260
1655773190
2679377412
1617914755
3038785617
2945491781
3290368415
403444000
734074574275514368
740493001248673792
3143144909
864362096
363158162
925871749
701359002496716800
47756372
744923485772853248
793249535657205761
3342807545
149609445
2744895802
2865365393
782584298964672512
914490302
4142762261
168796358
986828390
1961251566
377660882
3293356079
1107438535
1348851210
724633716396580864
3150260316
407741779
3087142229
4397747957
276557542
1013334853
795755549614886912
902588736
333867424
441651345
2866061393
3365536175
799175088423706624
2588802520
574765497
318549168
155695954
2537297638
2831366043
724154607254011905
557366826
2430563386
417094530
1344701089
750313888344895488
800566259561574401
704779333307650048
3077812983
1036494895
782880990259769344
3804550576
2994083519
1885687531
503510943
2193116548
223614136
117701249
1088672947
901788835
4664853389
1691046102
1114905660
3834882442
738033666811678720
2217779195
345918295
1358611800
2319777925
3351926470
306925405
719358879
500846038
158891854
1026985548
206831627
1256404992
602217677
1510489741
1855414472
420905398
3123285591
1015845079
778634541661556736
710589026840002561
3094312457
1928648348
442005205
602574015
1413220182
484647669
783020674952626176
1023802202
970153256
234339579
4873807691
3835026681
1524465355
1081132770
418215630
2482335605
751720869278445568
331723651
763844678005432320
2898075617
788754158241378305
319271486
2534372572
278273822
123903173
615023608
1365084235
1243460706
391955295
697879690309214208
1179385580
1339018081
2719760326
3356662759
1372497578
791360681815728129
3888190043
2369010655
715883458359398400
1459455080
958750693
1877956903
590188450
1125112531
762310425249771521
2975144398
1264214780
1715498894
54600782
746691972459597824
3154563449
3380255259
101188410
20736494
717328600
503303414
316364685
553529776
840241477
843223866
214475387
3072009003
64692701
1330069440
2355246666
2412606565
593742754
527270217
1009243501
2656984642
16246240
2742709167
2745302313
463347621
992696286
632814671
225490204
404048864
430193635
3190304315
754014404275044356
875178422
794629032533000192
263796576
2275495767
3086030505
220308940
452327968
748869534266843136
602182097
108959881
283602058
14942247
716719928028631040
504993602
1945087009
752800121138581504
715543732217626624
296475664
376145932
257499288
1110202813
791035487255486464
703215154897485826
2769827087
752010888
790567158489153536
743565574555504641
1543727724
754009621724012544
1225904144
85590368
457338639
77554140
1037153473
376869096
128859858
3036745805
860205385
2342517254
2219331032
255939314
2726505142
432688797
306180757
324262863
2180831464
369200086
601130017
387770884
77889072
2328471661
101573147
382896347
2361488227
1713096900
201680143
100602777
735551927392567297
2161648892
3296497990
188478072
2888355995
76616277
488864885
721937520771129344
1012046600
753519234710376449
258800738
546202998
782577416548020225
753932769147912193
2342856875
430995535
101762540
242392452
28116542
63942078
2992825821
708968225111937024
532577856
194138920
2584048844
2347271728
798213135803023360
594879721
2333388469
3207310307
2167432183
722050091624833024
1056454514
745345758958854145
801072087402221572
878503224
2241274927
495419596
1024365672
4842381857
51440987
234929591
741592495155478528
396756630
1418841108
1705414922
1332450144
69209482
28724819
708425080645279745
453712873
581069910
706900272
4633772304
391486485
738108664033185792
477062211
625039091
2396676379
766601799155449857
1013753576
138530001
1125982399
503199826
3242281907
948732571
738878628998582272
763353589347672064
23301182
490426715
715695040899710976
488895138
733026190689210368
7773732
467473645
215762717
4189744097
508555134
503351518
723392517081718784
496100909
437035123
962612156
705462413169205255
455091874
3428340375
761582724176027649
1055931559
1608490903
1341254522
515650307
1385223960
68362418
231525677
4609193302
326144852
389642629
428915501
47398478
281562636
397279221
585988043
2822583095
89212874
132811097
313514631
782126365315371008
2414596461
596739356
728282841054851072
418530644
413217587
204249074
983013728
501225131
383812478
789319518
190527996
360748546
133366702
391424539
3334148349
390568786
461163988
3230165817
2961401357
67574568
211226743
773929798192300032
788276220660178944
1137449617
377430097
3078100444
2394684582
1329057858
465465350
4432360889
717984836401643520
472689582
381953555
1009888627
1298935814
1037286848
317680130
983512394
3298528972
807579925
589253599
1471608194
775421050054139906
2398143679
367692964
51189176
2226243518
173430456
474951309
361960565
433717645
487824356
422586035
1316655810
1214982206
2597478629
448838002
3096569741
397338548
483132641
465753888
738095532166553604
295064979
2997985672
407380746
336442306
841387776
854432666
2940897785
418762910
1083273792
1472290938
965239081
709268747010314240
744659342738210816
831665582
37434853
564038388
2323995158
121106879
4069173009
431622091
135267045
3298850979
732773769824047104
2585077275
2376927394
989695621
3471435689
2190019526
3131529981
739140549299568640
783227203433664512
3662356395
2780234221
2455785997
440129895
1125646669
418518953
1169471665
183287158
2179686791
355122344
470633026
407898601
4726516035
424153335
2231919056
367837146
434736878
845764760
2171028731
784510322
385897719
51522357
1362473617
772016332615409664
432459379
433293009
761228645008609281
464127310
793217482316193792
460275730
460634008
104841172
324568388
2300311050
2735285272
329152979
1644456139
326271326
5847962
4244938137
986714714
785193802352955392
776304284
697799370297774080
1565896604
801393192490991616
458620740
29226134
514631537
1260160800
404390428
757599598395482113
737964567737864192
479677859
2196528408
2485617681
1370605363
50972738
1086700214
1926324451
1088527944
407194493
2521671494
2262396887
698805851751108609
51372388
192948690
3048846859
1173116102
637254997
1362048522
1221335432
855232669
1635529807
557057167
550787294
4888582030
3044614575
1147430462
2603715699
741293293930188800
2742489819
446903999
411670414
331223753
475248885
4876533515
170781140
1192260607
2714596672
993110552
1069414741
1370529906
3078113738
55290343
605499197
16377508
1474185410
2900897831
1591737049
1521671185
702267737
736491984081281024
2377363345
821776178
326226399
3937406775
109659461
483434707
800817923606528004
96389952
2208551793
368819722
397433071
3045081677
255708244
53139843
2227239038
786871131114528769
381128944
3155475373
120531227
730462806085124096
28387794
48682262
1142192286
1038366410
59272021
529290461
244749771
2345472305
4331454017
714382420
2360508155
930194618
2904967810
2741727190
1079126036
2509485582
794640388602691585
22043779
4112981117
871504855
4773966268
96516447
444115638
2831558388
438518215
592806761
2776126551
2776091855
258382452
55220422
3554465607
1405789050
319735845
1227796518
470480835
113075421
701169921053605888
1230607256
4221550048
2376747126
966699302
96364636
483368442
445546968
872579222
136012345
801314293031510017
2943709047
2503841804
173925687
494358540
394729845
1360385989
2938158003
740094487
444640968
3347471813
378706057
508679616
2453297123
31752746
779506339710140420
322728085
396467245
500574143
1357710228
390721955
497238693
98464365
267335558
2951279819
268378258
2153812941
708587318786007040
488765562
52468851
1130420497
1630346022
219995423
1310928253
1704854190
416582648
319718473
4910860665
748139485335011328
262781986
2179309175
96696594
142034488
321313255
764071712950550528
232231711
396864261
4702133172
2921447206
1101963793
4141927199
79814913
283577845
802325710538993664
787673845738115077
802176344515866624
426755550
511750340
68926378
1450171
133663155
366025992
2936766136
84890964
2353389346
541112195
763094873473945604
783740138660700160
3183738556
3224046916
2519061382
746936386754912256
857753196
567633436
490692382
2873406084
78971533
745595735966613504
2495776155
2718141621
89070452
800834104593936385
113050066
417291990
1264018218
4878708910
602802570
257709473
43503218
315428267
455094599
735980645273489408
2221319601
1350411
2478946331
423241175
4885620221
534616483
2746542772
2165518905
763143014353174528
1011705998
365477889
1000366015
1861601461
73595849
413855425
417904049
437396261
1620821989
704746963091267584
2279399816
840337094
1009028191
389136117
765687122
883127682
4892651727
45393303
1920965048
738690837027131393
1225968722
718974916
754440616487055364
2574266145
500592044
707373654
796759446370271232
435173619
734594705229545472
795274753007357953
1086912564
3028306714
453851050
1566318876
799317054880944132
958633201
1183179234
400983889
224690887
4063692863
786215749035720704
720282686556770304
1975150249
3355338993
243097501
414926221
621771505
3320285157
491318883
72848245
2944098779
3142613151
3949425333
802226446206980096
366829401
3167163237
801884847790817285
208642171
1052352102
4859642074
2221902807
498846820
1068728030
792614406135873537
3436934397
2365532641
86144313
726295360537255936
951280753
1412675324
1196348276
925871864
514243349
217456749
776686108289667072
865001173
472928902
3139667865
448732675
251105503
1394582718
3119868942
2778855315
1200136616
439340200
3347934334
1052704188
597720862
1289725328
129515952
483304367
59219903
899952481
486713414
1129269444
3644459056
3686769617
550922171
1121666197
478810298
389104963
2176226463
717647109114224640
2845737279
1036788019
541084493
560883286
727045398901186560
490533954
1036719990
1327684639
407134896
987220201
393289136
2308628263
55300656
1109887628
3527260401
767795023970697216
55793308
32152226
1268204864
4853472419
2464828514
115167975
1178411384
313813349
603612465
434832938
937463430
242071863
705029912265097218
2911434461
2819754561
802230069179666433
445626690
845781758
1435196936
590833841
1089800894
3034280366
995642131
2222816851
798181337433829376
255506193
1159915009
724957881045491712
1489965936
39444139
446371601
258562609
4893362397
2190915769
771042114188742656
722039071049125888
1063344792
2234825179
17774275
4919384266
401634856
3202473352
429144484
341480420
2512905313
1355209729
4871884721
2335372808
504271524
910729081
461219174
2822310640
544352838
244053999
1116548774
1918247922
440247035
330327779
1852450694
2726832817
2422875421
713292127179026433
216361540
68129410
793805935609339904
2160731013
4538649137
104651157
61751856
144117296
426712009
389430038
2381889308
100327059
3057407321
391521149
293372970
1607656196
1166887711
771053343787679744
274177707
747123888
295024898
2754859972
177616381
2258720305
418886119
359421043
988373714
119067790
993828108
54017862
1332209119
3300431854
402976667
1222000628
3309670823
2892417849
2182476063
493278355
1042935356
3333382456
3144494615
851786490
109578008
486015426
161659612
587805027
2897092401
278210313
589927876
303139807
787382344202260480
524597055
2870220975
241289430
3320655053
50598789
2332028285
257953952
39022638
2359465576
2731197053
540147645
416534525
2296057788
476764757
1715119512
774882052185481216
32408962
112233466
4060369233
2985347933
865193857
984851042
785763689345363968
1048569343
332885533
495514379
1637987395
898297518
81837035
2442517233
89651876
997664707
1695650172
506253690
53634013
722931043578310656
711187023
356192231
2942440745
1201012040
337155946
154924260
1267065014
1100350039
2858584827
1088806153
22610875
1638278257
39220730
1039374985
285077023
1286052349
227606688
802515513729568772
1963072460
771434547762368512
395556267
30464221
516778754
414319027
513790402
377272505
1122681396
252255936
2358353824
140265539
4407915867
4464016355
2508778031
251309387
1913735490
1010820098
1066272294
591144361
774239929865998336
1106230255
38438354
1264056133
708280503795851264
1510136666
1030992019
17688757
713744729981263872
2588246800
411769941
339571753
2348837399
4895893847
2954741927
255752744
86209782
1562493492
3023266619
2386237696
2262555456
486018960
2231318146
797805269539520512
213030845
328777065
89668286
706793935180537857
1440629558
613258756
3015183569
721143737770971136
276497372
407685967
2616680851
3862086448
724523436056428544
2361394675
1021541239
794961451194712064
4863546172
2973535553
1064232619
294535863
4610380588
41182770
212145625
901142910
3049910135
25676606
289825793
1101913508
4730040141
2234822984
2282434144
738613686596554752
298123237
4126847733
250316913
1368793633
409448246
761237376601563136
182859208
1209210108
8266162
913038170
428085622
79770812
790269417603162118
694875836411990016
542372059
2728402871
493464041
1876212612
3294159100
