736166324028768256
1153719110
3041069908
799248233981759488
788124436406923264
2511415512
13382082
2333218958
288764479
489546240
757989565600858112
2485271111
2454976539
65335565
1179157244
422340734
194972957
3044957079
452858854
33502178
2237096859
2322592224
529317309
1860935300
791154802549985280
2943039238
714495628018114564
3054090717
1001652342
1325276551
782557051352453120
804647162508431360
370172207
543706644
159886194
126344012
2872007299
801913119266242560
241912051
799203458150793216
788748356185120768
74707629
2241896284
2287024507
386576472
554226467
3360432215
499128183
868298592
3318747341
2406506894
552183139
1230556524
743821644150476800
525552852
4420194503
1573078681
884424342
1307016348
798204913297883136
1871000750
3157875893
453385088
2336431904
2150969605
3433378229
437772319
452010658
462701585
398248059
488844512
795677947428503552
829032654
1098132554
1322376432
1256727248
245991040
1914960499
3038624596
133461180
443187387
2380737476
461567074
3344602462
219226566
2720826652
1039048494
2166946698
573081544
1710375336
4252198762
4590614848
437635996
4073867722
814585603
2170742693
2891325731
885190620
1588323260
3094881555
626845548
4047633629
510061525
303936344
265011025
2403776046
752821878453141504
467272402
4811969481
892929787
1006439738
517986135
331005596
3298343308
1126319712
4494073469
4074228269
397199507
2219220328
593623163
777025956078813184
366747858
3039360208
2197727347
1668627061
430633617
497346830
2395137555
291328012
634575700
242259406
792792117227708416
482501631
989346433
136225328
588200416
1198391592
390622095
237422784
430200691
2960938695
312572813
463969453
184425554
629281834
244911038
787954994171506689
87491338
4901850893
2523203476
1318601540
1109886678
798225947837288448
400073548
602813142
384392306
969973250
343239720
2526968245
1444286834
4909449202
3401876698
1619769668
23052200
44395683
852595651
436640636
3287666158
602903174
355545085
2173351823
126610561
403051679
1226139085
1481960144
3957645843
3909032295
2497838698
804638937356632064
2715689925
3290984981
462113829
1196616440
306058431
434170447
2834174511
382662736
254229084
2847348915
514257250
83386342
3304225534
561823534
238084771
776050554418171905
293484907
755690195622699008
745916794100125696
745221301086883840
2663921790
1517788118
782610241363992576
1421381328
773869687465803776
2850135335
707281602351648769
4414211859
801532114139250688
801258780
772520766885728260
2817618494
3297108689
477922867
1006198212
573607391
363616037
1133516726
339843569
2192271144
51361757
2468306143
1331076596
791561946827001856
396237618
750786600213381122
226490271
1419413953
126691082
2671785441
475127858
1890582806
3028809503
1160553823
228051072
371781632
364189418
154896410
504501744
4854132653
923347921
2376928902
584739670
2242244208
2215701370
405658492
74159038
801725296969940992
1015686560
399568152
3169131753
1270339064
233268316
265385204
420983046
1159355300
982932835
793787252040142848
499227001
3521541201
3303594136
41328420
1168974246
804674615528292352
492688472
791545816322306049
428931337
2456837270
2719244173
105172955
1386751423
253550542
1697296957
1213759908
708429391
577023890
2192778853
794092015634051073
496410360
976455469
1857148146
412200626
734499385321652224
801134817836494852
800017894943948800
2252899982
270518699
327862293
625802529
2189147798
801457403808088064
3374821605
1100783203
779581916248965120
3346569904
3217711420
345535835
1000188997
2700071212
759346461758939136
779265942165544960
305648916
255047902
780342597458034692
497382403
2495079298
2634843893
303004257
480645077
85657467
2319542538
2773693479
3368385652
885184754
715828512
499921719
41153062
383831016
467274250
1642789244
779719795675717633
2332571271
2774751706
763880083
759129447022862340
2448044848
392677681
228010525
272876921
2509301951
790464906453721088
2199795114
251059714
705453997981876225
974551627
407609289
478607229
447056982
779236559908442112
401650330
1179962942
790218643619602436
281427065
3291324425
482699264
369728921
778177707234451457
305481008
3137217530
2772740636
1617496921
482482938
2365498822
1009225098
2504436965
1311402762
1074801517
1931968532
156445152
2948374265
731252371226042369
788047861342691328
278558220
1246808533
96333128
174298166
706097800040357889
2874889101
1100633432
482045811
1870641289
141555857
1037942274
472463917
573977989
1071485604
430588633
2330754668
1083645529
751725458631327744
356404890
2300003405
1386808813
3331413322
1653188624
2872452713
331013206
2887871913
2973508025
2316972126
717319878542245888
351137105
210842234
953887928
584022845
1285648478
1387377014
761303645518499840
1300646329
2927207759
803350148143316992
103646510
2986947023
159428186
4358642595
2408803254
330865662
478637914
237392330
504894136
116871279
754296809883832320
2748105759
3036352179
2740196383
752858490985734144
474941612
1055076127
1058536814
559478963
551480892
319822986
2365252169
776453763624214528
768494852656996352
1168797480
411428698
970032865
3431319455
2429287645
2328765859
3326844719
65853667
742397759991480320
4245105094
160290152
1280566146
2190622501
2410911599
803511145021800448
515350705
2739361664
3345161205
2329972429
1068491160
1229121186
1067008310
207211184
2838223366
1034988296
710375589
1228391671
4555440435
478092818
2877346636
350260649
729221180985618433
804650682586435584
221179969
2224962167
59165953
789417338433142784
317278377
784666406508003328
1307992418
537662962
2851228124
556818121
946023379
932478324
433694235
708570614190252033
300523330
503452485
81804418
216488216
2980016638
1367572112
1394277882
289400495
426178907
2186217137
416427349
4547668037
1080493914
710558844657790976
2197175103
711651132628672515
2400269172
392626820
1911991346
804325213206958080
721112026
67006079
2338719661
3042211947
4838445220
794287344715235328
44358785
564693328
1871088685
1307479952
798086349316378624
2980805341
1119665262
416402068
319060887
14183430
3383098727
1303512036
785072491563810816
3343111983
2958779025
1454869160
138193677
3096871079
252604372
146752258
2730593590
438339383
703875686218522624
800969617082552320
799313616302440449
122476603
197493967
1220743790
368491867
240401072
1891583048
4069758477
293739484
466571036
748170127364001793
752804996211740672
28876399
77789716
2716446892
2971568187
4372999402
779268696942477312
406509882
400019001
2238971784
428134332
134554873
2195622679
98921343
1956171698
838485198
738103298855731200
436230438
4754870661
477068697
385088302
1241498544
1712830392
427209531
341001184
1728213950
1334529307
850035295
542146146
39738523
58868395
2512832146
3302069128
732317340092780545
1274581027
396691435
453531668
831325898
3448617916
1070911692
1344242174
96319859
246840871
399971842
748240006867730432
1386793261
2262040708
94529815
303937763
2835640580
473735597
1272334554
2767985158
323670080
28072761
2535866450
2745585660
416540516
739927804427575296
440436024
2198193816
1692197918
2913833871
1661062764
755102530527457280
244734060
489334750
407062660
2729939422
893601463
2322781029
1613475049
1015149367
2357123873
45558248
340972113
22659500
143128694
637292613
847991659
429312499
747147930742755328
1169506849
152673484
574185238
1068405199
760806683564240896
765113425882218497
161428463
2498198917
3001145196
261757783
1230361375
2881464153
2350615438
532572724
1291656504
83903656
382034832
4869095007
726428495413387265
548301865
581203955
123712076
228030987
9476932
742094210447335424
859058736
2860075751
938563370
2295417636
4885903612
494844364
2293406660
99702635
4050739455
715083557581033472
1097904109
784340188679974913
3777004277
467573735
580189954
1960868090
2501851306
2559910725
1930695714
377429760
1354935949
775636532
764195579081752576
458632561
33489313
3019629387
500583344
2221404476
1618026828
2200868950
750612188688154624
2845018504
97445316
706823258990055425
61225083
1372461787
17214580
4184406562
585513260
193810402
2505261984
2174264578
239878288
446426646
68994168
250697308
4452313697
977005526
1853857640
452151464
390753281
1238691594
115523877
96666156
167845063
19067940
516388193
3227318753
2608779441
429974408
27660447
725882047
386574852
379916380
2883671135
719936001968381952
384437761
1579008720
1294174362
794136385
3043617377
794652233258385409
85793150
800371833363017728
268905980
3355557795
471428838
775781102724247552
2743862297
909777890
1257355178
63123584
548714946
2422131402
325102968
398032197
2883830458
733695386846662657
4737081682
392987772
3424436500
289979050
240253625
3313384270
1218936162
254943511
1167287822
1195176624
1919132101
4370357957
1037692622
4889377726
3764059997
3629322863
3032822771
101272144
1266649207
2168716042
1200882961
4342920694
338231881
384433392
347116001
778644518
276665800
868360100
3356663781
336539426
722437734
599328788
716188439826329600
770466882
2180853339
2287528211
287379444
2324568928
305255857
527697823
142807042
519379680
611987690
613766004
340838889
553317766
1883696546
754020946399420416
403012790
558032072
766402588690489347
14600550
789577810637619200
624096392
2243950814
94594903
3305939879
188029214
3104344534
935490462
3434577971
818183167
32402183
401407144
2886819686
493878618
3299546625
2262991946
435761951
1043011003
564148431
573590858
838292834
1620434077
415423066
1042515348
1039654752
4928346046
1068681522
418636676
237347652
2493300512
118978778
3105108137
1267779690
1307698028
322563649
3494653335
1119822385
412659310
22799265
2607072282
762316646061072384
739538599918571520
618138331
247856797
63419089
863413130
571894424
2481871779
329305899
477543705
4602580341
27123196
318388729
1160278561
563168095
390819984
483384295
30628682
1201691502
29463669
754282812405084160
1692004472
2680393077
1104861216
85670395
2496989087
528216670
402140522
3395557228
79036955
562168466
3065317450
429850368
1581542185
775275218172510208
97035161
348141611
4924594492
263158083
493025647
363616701
1022288858
2221318495
356975403
765897182
2977403363
3099675839
414978233
3407128227
593487302
399998388
798164626844319747
797028637333749760
753499324915519488
1594040222
561473002
179233827
797134962453581824
4645651102
3399075250
409090466
4436365575
1163888480
2863719849
800163036
3039916030
609438275
2494554724
50233016
803898061382701056
821872394
476812303
417947467
2352305154
883099326
553567662
135211574
122497273
702253149189439488
614540697
720897240366194688
2490158805
385098268
1063798752
1091649037
791628536557793280
713040261249687553
702089795
476976606
2418921020
778321813
601607662
2893109039
502676366
4493808615
2472788760
2571683155
2166133390
706841301
1028521861
222157419
504734866
493914599
1846097041
373887841
769478656498466820
2259395426
479628118
894946183
987274838
803617893464215556
760986919891271680
431603447
1364546478
2895077031
751124618832994306
2831182421
532361025
92516395
404088514
728733122695725057
2843769504
281884852
82902889
487403439
1357198874
1213184078
741409521684381697
795707563190976512
3386751879
2562814182
302345067
3090706071
257665435
1875085622
205210776
3138188655
429928689
737934742461526016
1111810363
19484936
2525599681
539098109
1556455656
432637066
423531049
2442953699
451449745
586620795
2221319742
948171079
395172198
2763791466
2726498655
405443137
171844789
2940999287
1068702612
478663552
746263383473799169
989192558
743514238493278208
2186313922
799340178854866944
1015943185
1339546009
2318486375
2467935126
4538879955
4850499688
2453200885
252676505
488369670
466789101
370345381
701849940809662464
1610530982
4865355658
93197485
11378152
2672276654
249099263
118680450
479604138
794822744840007680
3027663464
1069206085
1632312498
1382823301
732475690566619136
2977934441
354901534
4708550595
1261872931
28098604
2986885877
486787100
251278335
281518153
2656989582
4459166907
3823074077
337228742
848211463
560169622
1913892218
1934584232
1921210748
478591778
824715074
2207852354
793806766408630272
1468326630
1249912915
706217983862054913
562823508
781377673
761663528
2362418930
2272916900
309701654
980929243
1157854118
2416492224
3024843525
2960469293
4755949588
3949335315
1134804595
3802266503
541622566
400902983
496758923
741762693972021248
1198402074
2308536067
507715196
654283
801087171516137472
2754565029
4898162783
2933177745
2712331625
518478147
4614202121
722684492
3295023377
2787225059
2937388577
1544093054
861373158
749991934165385217
840284599
710864700851032064
585571018
1960029780
3166034463
2511962844
1344131071
4382850335
2178536571
2527569119
254625981
171453953
749617259849584640
356219289
3038785617
2945491781
4548508636
14108472
424535659
3480433282
864362096
969945894
1063332403
22031608
751102441828020224
1167316106
712027921083277312
1192998770
4142762261
731480135505969152
751519120043175940
18762875
727818198
441651345
3049129313
405919398
138772797
3070135450
704779333307650048
4106012295
4858595345
3124079014
456453383
442337884
239434137
406437699
1205237797
340877741
370365879
1258912039
1278624774
951867901
2318283220
231003363
3387135933
158891854
41102501
484648514
72283097
434411738
263595524
1725558426
2188884396
1413220182
748179751660052480
2898075617
788754158241378305
2356457670
174249848
539865019
803183834003083264
4821193318
420995289
184015853
50232653
346163733
2719760326
1372497578
1441666896
1275239096
2172194937
474720885
712457313
774691439435481088
2975144398
54600782
366258436
554271657
316364685
522987521
772120295465443328
3072009003
59073202
172314466
376346903
3332411590
2656984642
42191372
1586673164
772766178313904129
452351631
225490204
2283943289
2370908109
899672546
1100422622
2896345199
43890673
1067982564
510652108
527886495
1732239386
785078541356503040
221767233
257499288
1110202813
3156887011
419285776
946745624
2910736343
763885171
2740139597
730777400745791489
2785196062
266700017
149823875
451417249
3086975528
390304031
2342517254
914050591
467659856
1487338699
306180757
324262863
1905601525
1017310213
1273333058
144226252
4405181775
1346390533
3296497990
483671947
3224669813
1098245892
73913862
782577416548020225
1384894520
3567241335
4818092890
145563443
593635853
2442669300
164272724
2241274927
396756630
797348458881515520
16863408
711875747183521797
1086972710
2998311941
796237284
2364035995
766601799155449857
429127192
416918748
331629012
3436618168
714376418055073793
540176252
1053270936
707727883
763353589347672064
596833964
488895138
467473645
434180931
3386772711
86347667
3315474928
962612156
849387156
1341254522
332522093
50251798
47398478
598650191
2943808887
12893192
2607703608
1849672393
585475210
1264774998
1418786191
791920705340182529
419489518
2172743300
873793824
406580561
358729484
735374918892806145
2499664019
461163988
714968789
2768667015
4083585255
803539173898653697
553788916
365425386
1062997310
289823072
366228620
2966229029
136343557
1037286848
3251331238
2461382070
2348638410
1471608194
378831710
775421050054139906
583373343
361960565
554504621
1316655810
2435083828
805519117
1729205360
435152397
2263675613
701716640988270593
169005308
410972234
353492673
230844664
336442306
1228536066
1327803948
877896098
112812650
2221331347
965239081
2330181981
1380421874
804410479540105217
413883002
4069173009
732773769824047104
1140596424
2177455281
1107151848
623203984
318615150
293043500
2367102656
236346513
189651787
183287158
355122344
2400326462
407898601
3401227875
522780512
51522357
497424753
437747012
793166155112386560
761228645008609281
526327701
475956693
460275730
567159863
2858721511
1057930387
396218442
1015406335
496477841
4883029437
360737479
363542054
2585792659
941772781
2521671494
2966359733
2489927044
804354408
240844912
904244798
1192260607
2890739260
969771096
2932010800
857730480
361450396
1722899785
801754928356134912
3092255050
2377363345
3089012589
435266308
3937406775
1470706141
2354862727
379240104
947730906
79279200
782228826847899648
397433071
56487920
3183261832
3613181357
385512892
534826529
2527690677
2319258554
595755590
1266792098
469398862
2867200594
451596226
236843404
490232626
4703605746
2225431370
2741727190
551690279
521136839
118358954
2155070496
288718876
1685021330
96516447
457547376
4845999597
614668368
2363670784
351843456
4254101320
113075421
453961328
828717014
701169921053605888
417104189
2218349510
3421902544
540124091
759071073447075840
238957255
109573130
173925687
726540842660409344
1632593443
394729845
736566716210262016
304538343
3695737995
800298380714909697
766471224
978514940
4233541725
750847152
3416106556
3064457183
823695626
173110361
797008582822821888
222170521
284945036
1262566346
2153812941
713380260260220928
2374267118
229753610
3306600977
4885937632
3033238948
803639041921085440
317858250
4259508101
2921447206
539157045
2385290202
2327373751
478077452
223214082
2913111359
757596839688466432
781359137909248001
439884911
784265755508420608
3293835712
2903601496
78133415
3208222643
481304796
857753196
802942235398565889
421166716
802931122371969028
2860190313
26504043
3182903687
757666869499363329
2612652422
800796299004035073
3043362960
1183225614
257223860
3381701969
4885620221
491591759
961048572
1246598190
1000366015
3349757049
1282508136
838499514
149060372
30631198
4925341485
429868696
3392159079
326774832
883127682
3001239377
738690837027131393
3213463427
4857980363
2363684405
750399735626928128
22083
3373853703
3028306714
1485861086
1183179234
456984448
946620907
1374627000
1040251176
418863047
1975150249
795384502734487552
15712835
995021599
4860559857
396922663
500881322
537540867
242399306
713721722613211136
775299421705732097
1868341807
3027987772
397893241
411434409
618297054
765647763442896896
4897360193
55238295
235323455
1212975134
417904492
307976751
947262590
899952481
484283827
1539525816
2527331874
1225509780
97700741
3349395617
773378492
2251958424
2845737279
763785605713199105
384201277
753557703444824064
987220201
702128508835860480
3635334923
635191741
43074989
352651265
2942054782
3017279699
845781758
124162915
1121935962
1372944860
793825525483442176
722039071049125888
433426566
390366181
2389507018
1306691233
1867212703
381589283
255612179
749779490
251235949
15532171
967698096
1636129136
51510339
804535763039907840
105793968
2905245363
1030996831
72248630
2973337469
3293496178
394837520
119067790
432970985
900201739
3300431854
4076656275
256491020
2939040203
2870220975
3320655053
257953952
3245319177
447173595
169233625
742054546487271429
2359465576
383052987
1715119512
1055346697
105538883
1095469866
362432939
273544181
445596864
3654961996
2442517233
604477428
69896457
52063355
2766295492
730878351150354432
778009182708662272
773775218125012992
798535442610188289
2834394167
2858584827
430743919
1638278257
741042600707297280
187124340
2331936378
1040122507
1291390106
516778754
462974581
377272505
191814638
2306444410
721639933199433728
788082979335704577
1089499380
419739649
94801793
3928015222
538561359
1510136666
2455541630
2995507655
332361219
4843412021
2359448190
33521233
507768657
2262555456
2984790945
245054440
774133777412923393
75068313
370940742
407685967
10282412
4853784417
1021541239
1160746200
778238719878987776
1926516720
3214345809
464978906
1101446990
524493374
144238332
1063930682
1829960281
1671070807
761237376601563136
1236577764
707302113093799936
496201411
749539129
790269417603162118
545969776
164225638
3294159100
471859605
1696619809
138922382
989797758
438728458
926261881
2340131659
2418350499
18616891
54833190
396841926
68689180
1624989181
3152228475
2480352662
427735067
513497583
39239835
97773643
752841904669265920
802141581662941184
2261595209
397942497
2198251743
1143153842
744524292050788352
715905803195129856
2792119504
344753854
40131385
508588196
88725905
702455771670380544
804461614795816960
3126770075
1199579786
2982641339
1015392134
529639829
2508896446
467389922
2832566926
482306466
378231049
3200053252
228335333
1174274426
1894270790
180317088
776870238449197056
1154788808
3310422237
283636579
441233690
1648145288
1675561561
3056927199
423732690
962311958
869801606
742029848982491136
436153188
3130674241
151956681
729909979768074240
801499650222129153
958322611
2427311741
434259018
268749571
1016066683
350949910
50588269
437807935
389477469
60863549
1621368146
498234811
38444157
1114098782
1562752760
539942362
85136516
2178600592
775379869215625217
1168596805
3087139251
210501383
1946899837
2149606038
4243748615
4866958593
781821141858091008
4186758514
496437886
48090650
2759114062
1037393713
2267480622
186393484
3312303309
558981012
371749840
2878408107
3457594222
513144334
2207285738
710162008180662272
956969354
1180016617
796334964342194178
2548634808
449280374
771326596452061186
714739556747243520
1251326239
1698522818
1106149818
94562956
53401622
403273945
811059932
822057882
3055057510
769543337527345152
783319162550644736
512506306
1318788918
1393349078
610637342
242339687
2767422555
4445065097
521337019
83326299
1903628389
2369270534
3244676116
2351724810
2375550580
774293964987957286
1492509740
50246502
3491171117
2330689508
987309366
754269659998855168
1598750419
305272959
2729520336
147543162
1058237736
580422411
293634665
3027478686
2569072195
3000604564
785825867012444160
107221623
3047287645
2965000805
383922811
837129073
58052287
854600858
555323868
723818739712581633
1154856690
3115905790
3971921128
1238324383
55202918
830931973
583840659
3910018822
2962772146
753570089094504448
251094642
2936002895
4025768757
1908263497
12752012
766664451223330816
251663248
81318149
63791702
3418726954
239143892
56674519
384353170
1347495193
2370601775
3313351684
2215783693
801009914546188288
4868607605
785089989692493824
410966210
1034927581
4182142288
615491286
56431845
262300343
2479620311
2786900559
2276701689
3378666695
1230470216
1219977643
780089815786283008
471987010
133207676
1326743389
3317586231
1036560565
434505068
555056989
577859582
1283446118
283080198
254969508
2517301839
361748780
3050315554
2282008813
727938981120323585
4456357995
4802109016
4579125253
3439290718
798161037442895873
3309946937
1367363988
4702970784
402180936
417101186
697447492112269312
1702025438
3827667076
224940210
430033435
575654596
802875456747962368
1536506010
944269080
594767169
61987587
2410447644
39722579
413786539
2361360169
478803640
974726732
2822217403
1179036590
2575891271
434394574
1327639712
373413749
1717274785
327361068
1158164456
2414070806
2865546393
28820399
4824798082
111603032
4601698335
3239328725
2527090033
779853415
51107478
3121299317
307233953
3402412755
1485951925
52035837
407296758
790646624267763712
4073641030
3639353537
1468520424
561077546
389456567
569974381
1434038420
761971314781487105
1017498192
2435959670
586568738
789735337664839680
256888973
227343043
146738509
337185218
51271311
1040976385
585968039
2977102384
735454622509367297
2340110677
756908583648976897
758291580793094144
516802751
946249914
2846724899
14711281
1533213979
702545722386849792
757917606707916804
1292021606
470917335
2823691385
340965292
998065292
609872484
69623968
1494873888
984608412
143051153
716326404707713024
428515597
251554105
80200885
728594389824622593
128978964
2348140042
345250157
3042283259
12514212
2318032643
426812759
1896618822
2527780688
362168367
782907556159221760
2751847457
746302511095685120
407632922
12167402
740770152044716032
776003975921401862
380353988
368533605
1227778538
2180414952
797197311201972229
3420601067
2477173781
2996708971
101445331
1062955644
1368152558
417111368
2356372447
859927674
1084193910
705813420973621248
877958954
855369620
717965900062793729
207070244
457442858
2341083257
19643514
2172738673
8505512
2859584915
1031528454
747492094881726464
342681065
2440183745
765519857941110784
545384133
1128760278
776702932523839489
488339106
778900450812764160
501153654
836055234
514714806
229804443
2463100707
748385951521595392
803045655270793219
2866602010
383414938
215549448
491167846
729704804868599810
45217308
1165463461
459908865
636836854
1105944535
2504528224
325760306
750670310
482236124
141552396
48971201
712081496
224226820
313331114
609827142
149443381
780092964244783105
738344440851468288
164266350
1088677627
754694678314901504
504273161
2644998883
2504756914
782558833835147265
1028060143
2351775654
1000210050
2954613465
1658559944
548616993
1068648510
2159607118
2239071753
337767301
1660263480
395548966
443484477
789443113651699715
418918882
2881504282
2533346188
1862886032
713058194059304960
489577086
755320994131247104
358169568
394780039
84676170
309750549
4603645649
3879969267
767679162584854528
712668381
799177228672237568
4540086256
3233625838
2491534261
723203630917136384
1320078122
492964938
3406885985
1101689227
181629711
802059051064561664
2966503372
581697530
148394035
3385105642
84300444
1274882076
717452216840429569
306735266
847892292
1577808642
800409968021098496
434387464
33640390
1901331644
550588728
934197043
3031169168
260230310
2319131287
585526923
370278925
77240565
2692227380
3331059982
904438754
714184584787845121
796348634027753472
2355657519
54122393
348493456
495011205
1556086555
4889849530
1044932990
756587459312517120
736735739791048704
529431381
1105814539
420627699
716591970106417152
716911634871160832
1693766816
271468279
156316785
774862543747768321
499085030
135167434
107175960
2940410703
1662272886
1075024345
4038857799
775301877512675328
707643839343939584
1410209468
1035460693
1250044405
1028662526
17674830
3258049857
589407736
1619874793
793414057223135232
2603850468
3326012500
490602212
361341817
1408224732
2169476813
2223407550
255546772
704330777190907905
606731466
2310543444
939030506
2845429815
1016215621
744828787137839104
552146418
2880129663
2236419782
836271002
521715693
1326344736
124518866
842063576
900247297
249862119
607112247
720667018
1194951343
3339999905
747451360715616257
497949362
593582642
1540881331
405792148
2711033285
1098262302
1216273854
121424128
331030261
2436608759
775294620259483648
218067973
782643007
716653596654313474
110218135
1929877436
1114681735
789012950585643008
608125539
723094218734862336
1843782967
972589147
2336820800
856094503
524745118
373219208
2280648054
2714607003
475254497
233963729
715597025404968960
2808612898
1161191406
2331861340
2508295280
405426716
571304184
435138644
215278944
2218697421
546658485
45314390
394957022
36376600
1221983672
717393342686961664
773978092775870464
1880399689
240165000
1481835458
716259299
776255018181722112
138825055
3119071163
195316316
3047493292
127435541
2525740797
2800729570
58219214
1419854173
4155844545
2164608279
551331260
756085177709916161
287171675
763484096211349504
2197080899
485546674
2959917485
493260423
1978729974
4280485636
410764821
2361146452
942307356
3079251951
2311916317
81625338
422844048
401947052
764853057909841920
2208172767
621038509
217128078
194619416
197495235
785397318
2425868442
2355211278
1042229546
467536279
20430345
4806536835
2680617799
83459297
948318834
2174691850
4909543941
468521672
2290924705
3422769471
415083378
4196215025
2479999514
418662548
743041027712405504
486456375
389473754
3371026409
2217674274
82389388
2239737678
3586257136
498925846
2482825875
2863819967
2363914417
2482482240
70231136
357459418
598416940
2742019060
728056298
1211906816
733592241663397888
2565885655
3094560251
75500895
271368075
1158224455
2748826143
1858061390
999283472
887496074
142393098
219406236
323428736
2489764008
787391210377928704
449736439
414646088
1043255768
419951447
2281936099
405659403
1117576526
1220896010
46120689
1179979477
464020852
723538940502913024
1545029150
782111222745427969
777855788882812928
1454614525
227431559
927399679
3270703668
769102852564381696
985118000
489300199
1020682514
271803051
785731753700761600
2409152520
2393674071
411011344
784066684852310016
486876996
2516807525
3295337409
34883730
3326829687
2944834883
733711848
1566546614
222431192
2373624002
616080977
802512718905409536
411403085
1068056972
618244710
789786960470614017
2862871654
2635714649
389395835
451610877
1009626624
541670926
61162279
342663113
3664503135
484881943
400359479
119442405
410892254
408557520
803155774096756736
1117323301
753199104
1897585116
245960120
2480323358
1867118582
457311267
300709891
363401195
421839918
2189430449
756028559823605760
153342663
782574373534392320
2424988655
789842195775971328
847497841
277375609
1949543874
1745966046
982667311
3369262985
435959517
2482305961
1006685844
1077740636
1238996869
1208620304
147343659
184936094
942010068
707152435966509056
797136508293627904
560540704
12204732
405192597
599456533
430169858
3297601040
3218386990
224594895
788057909850701824
2495026299
885303356
1016320381
459275547
534655010
228162663
13294452
748870907456786432
1538261798
323449293
1857099379
1226101082
1159863588
382650535
2174535898
4196386522
559265836
716944964924620801
769569035533025280
1091835762
34652704
3025012821
787376854458109957
1041823142
323505072
272077852
897918854
2414898811
4464404368
2748801657
429063865
804411273332957184
460959521
540669424
377619841
192353315
1268297346
3319210179
493174446
188916091
550265670
436124417
3164390831
795950031916376065
118183154
2597273655
1573352107
53234289
800356874977579008
2326462552
541114609
4506822040
75771873
717298250462662659
96340114
2417383332
2508437306
746297770559012864
60608418
26982622
443910842
51075496
717334646405611525
1631136115
343931635
433435963
316972451
755872912117211137
3025669096
2948698869
2220186288
1213239282
1461433142
188270480
829177532
633831925
3094278383
1311315589
2154746892
1021727540
1236902449
571906881
463819571
280401262
734083116919365632
700874780031975424
406453295
3996856863
116190223
4098447160
410047799
38739769
456534097
749248856
2772505510
185547132
2377048561
175030109
342296335
722919613
3374386924
2446945421
4413429676
3338622107
518840520
804058015
1063124708
2373222249
304543070
1011561122
474175425
318656163
4893082468
2712498692
2754433686
236044812
311381225
2741298700
3415778469
736880955374325761
3006375111
3610762348
707656621795713025
1919237072
707978044179410944
529561745
2788765798
2891197923
704431464524423168
15191260
1424197706
577873250
117026070
21228323
333920625
2160946687
762186331011375104
1011151154
886811412
542327855
2862877348
2307925110
634737656
779967912526376960
12660582
1160328079
480531196
59188073
795971425127591936
512982776
4868655040
703386818
62019002
477654724
2478580177
220740268
743477715790077952
120206776
431692074
64139825
4394434523
425741057
1456631540
614259382
368950045
105890490
612793180
1527982182
1235060898
1269373038
82600347
352339485
3879766835
2475300957
973456609
588587293
443193400
73587691
2244460336
77863297
540895773
489386062
438598466
1050588654
2312096674
396151080
806305806
4147056975
2786595941
822164642
160011017
784105196070854657
87306292
778647667039690752
248734017
783659253848535040
3322620622
3395014151
428300383
424556261
813659052
720515573
744819568909029377
2262597843
963144078
1035409813
743782951285043200
2148135826
846418970
1863592734
521090462
1274899394
776884534889574404
780100421536849920
2863121903
731108440144248832
4187567045
281417880
934436456
93505568
396564186
739885032983154692
957962750
310195119
843757543
740277257424523264
479602890
782687052479340545
726721856749842436
270951173
3939268456
784105165079085057
227507782
1092670394
380243566
429009401
2679377412
403444000
3194476737
32434282
3305477253
2896487589
224759837
399684331
716881918323765248
1467807296
222040871
410278490
141529750
377660882
807581581
47091121
746069832966209536
63431013
113380928
2857413639
1131736946
2674941708
81467672
2831366043
1344701089
1288483735
425016519
991024189
1885687531
4343971877
4089359207
410876976
467577715
3860196976
608063632
3256271740
407891527
48981619
2986513055
787324511330918400
529402617
508645944
474239930
485985971
782535732950958080
763784342
862701492
2889852755
187124848
710589026840002561
3094312457
602574015
442005205
540983116
3985072012
3396388150
783020674952626176
17674611
2631929255
759712744044056577
1328476232
22038676
2482335605
188043254
1241555917
471163054
763844678005432320
4898012151
2475022843
361097511
1673632021
2529708649
1439340768
988188680
99360043
557637492
1014870637
403920729
83920877
343458847
907801874
4818612196
2609283590
832767270
106699882
508768772
631151428
1557557558
56425337
2327387029
16246240
2742709167
724173252969549825
725050316849336320
803916997058760704
404048864
535447658
263796576
719815038807068672
1935534786
445699557
415055892
715543732217626624
441643347
2163623162
703215154897485826
3117151365
2995763703
752010888
577169108
2912679700
424401692
424084271
799930052423073792
3080186967
83185672
61292316
484665449
82639412
627306800
369200086
732954867833176064
2180831464
3291626026
764140480775020544
133673973
534066819
77889072
2431061097
702171804417323011
2373588490
635972473
201680143
2938273510
2907520191
2257971076
76616277
798807953671266305
1092084720
281358271
2168052871
2342856875
505050834
1324201430
769549749833916416
4327300043
2301153684
776897408143912960
302711876
788723015089524736
3365915002
2784216706
460408863
1558587134
419622371
292649689
785794664058220544
3314962654
1141016323
407685623
2284416844
741592495155478528
1332450144
1289227574
440724583
557827565
2740841451
1260385676
1430162268
1339993381
51752772
759021203247861760
763347591899865088
2816638404
2267022729
2353760868
4729543995
2188803397
801422494708236288
219361447
761582724176027649
972598303
1385223960
964636567
2811089575
4609193302
2952740961
944721086
725273262519902208
803299268136173574
3000836386
89212874
3169603576
707424884
480692964
2414596461
884174870
1425576013
727844588459835393
424269965
622020182
929249360
2739787766
220729165
148133850
3614129489
3319305760
773929798192300032
440966841
418253203
6827962
367692964
2480246000
1566803234
3919762222
729333970261946368
846790633
1080507391
729294897891676161
846973561
463765364
2539380734
402997564
746053497750228993
1472290938
744659342738210816
4743531021
57142545
4252762821
303929988
396823374
327663056
1054906759
444225252
2962475685
412366752
1096235264
3662356395
597192031
906858110
599651301
3383981938
261838075
804670047117574144
47875351
2921948057
1362473617
594855576
1069378951
464127310
257204258
64144248
1389988651
2300311050
76369192
2149489765
469495566
98212000
396665771
406552900
1343245195
4659874881
737964567737864192
416433824
1370605363
2773048230
855232669
1221335432
1635529807
42579697
1275988495
110722335
464781062
1116671611
303298353
3984178583
321375506
2450265194
437792046
2909939349
317975293
70951142
515698229
34607171
554703131
708773259781795842
3399406084
855180290
4899487839
53139843
790372009
1497687198
2817088916
114179008
987577201
1235964151
128609313
714382420
730132598765330432
930194618
433789331
33226107
749984254923243525
83793343
1679376193
217069836
3014477295
1543776763
1642380530
258382452
1891067288
4165015275
468585900
281966090
4415743515
2917621780
2960217431
2451846485
9437162
183283202
776016576
2155572632
1308112182
801334903308767232
546077690
2395995116
297037226
378706057
201789369
1036983026
24378422
2205596798
3752183374
749151808682164225
2597970638
4902671039
2951279819
2871244143
1208685920
714096155152486400
488765562
1130420497
384220760
585397603
271124380
594104697
117853133
803590719432695808
794582375867052036
797123652487696384
748139485335011328
560468376
4702133172
410300839
2494115132
436167495
1101963793
751978328
730708867
423372441
4141927199
802176344515866624
3036230170
1450171
781879938832068609
801860821257191424
2936766136
84130259
763094873473945604
268992090
286168631
760872623538597889
2198507410
814747711
455678206
1341499153
1966419620
3410081393
768313926459195392
2221331701
426525876
1115449826
62334247
2984894152
1043113560
822492199
1011705998
3430185532
2324228217
417904049
105433403
1202168640
1362144619
489301209
2279399816
1013035693
322054650
229082336
1931703270
1316630180
1009028191
169584409
374002317
583980924
912491316
782890990269001729
159463958
2574266145
435173619
796616826180472832
1933284714
885661050
501669408
481550568
1296698486
2467306834
4848941248
854310253
536251939
18935802
1377648812
2788303634
2435522304
1421508788
3430565794
1412500075
1204999254
745681007488176128
256027951
70681443
22614847
702417430677753856
1008854306
498846820
493054513
4914915772
482197018
2308162216
2744135452
3347934334
838223696
197370410
474026222
374678484
22609483
449819882
163527039
3341458427
749398034774196224
389104963
1371655940
232908749
209786311
2369214387
3931969841
381439267
4834714805
1578337921
1036719990
56460480
428447147
29416653
1640653410
3527260401
4853472419
2464828514
710500851270492161
3341745526
603612465
705029912265097218
242071863
3002875031
270163547
1632825432
6831142
759717599328411648
517717792
4893362397
2190915769
3064945486
112485367
469273038
999773377
1243558052
467361179
484947954
108262067
2512905313
804114256174137346
628186961
4871884721
599114492
715686073
2265398249
246855217
3020271189
426712009
167058261
1057961011
2413327976
264914692
4610932577
713852625867960320
2432208854
1092846918
2192421606
325145422
436629007
345591693
583540282
3127307961
454142762
1222000628
560466555
405498561
142692876
337727921
725728464268066817
303139807
261233190
2383565354
1128241520
775632857993797633
2296057788
798899498152034305
377274712
156621995
4339037296
396513566
332885533
370320664
771232888381550593
1690321208
2665923248
53634013
242954953
337155946
572997879
3437538514
3424717246
613608614
1100350039
2230782069
3093445126
1261559155
2525069528
544376886
3438025775
1433286055
2647766302
2190187865
2900782241
788434519514832896
490545089
315846635
3688803513
728688476560953346
375352671
943572877
340499894
608408495
1316131556
754232386259476481
2940755837
86209782
2237756178
2867740125
53200070
1452474535
31255401
2775981333
498793850
2361394675
2749627312
729626196577759232
1875161478
2979813760
1326429109
357597253
178618972
377199894
25676606
701059824520396800
516483255
2286400352
298123237
391896780
1368793633
2282469222
517872714
409448246
94361919
419415644
719855009928716288
803316734933528576
1883765348
174210451
2338806398
311694861
89463988
