3041069908
3362685705
788124436406923264
2511415512
1142469860
1864679209
1426493510
757989565600858112
4384279288
444055310
31580856
793027413114585088
497798126
357154328
3904145790
194972957
47111878
829730856
1009689127
29021794
2873782396
1962207937
708479171702476800
392096209
805915159772491776
580232599
1405465094
1030042124
210376076
696595370395172864
757286959740022784
39788776
370172207
165706304
1367116628
764525968623071236
389970783
291729417
2287024507
62459428
386576472
2504142061
1591945410
192258181
2814599326
602568449
1524991735
1307016348
2913450111
613936632
48987948
2336431904
1084226922
1137093510
1031322212
497021694
4343359779
425730108
700124342
51875903
794538327085084672
527752168
45317110
801860864500449284
1562464483
7184902
520617010
2393222217
1162323121
380072703
1256727248
136700403
801545224808001538
2214106671
524372178
745147358
448288021
164787954
443187387
3126510327
712035142508945408
1017412344
413354451
1148598408
2867996071
3385597569
889057141
3020669236
133373778
792638720486825984
423508034
866449578
880981915
371310263
417265094
899901025
1883118666
437635996
584529887
704604489244872704
814585603
2186994061
2170742693
943426963
4212951118
2744358657
3426670696
2616804263
398391979
2735301707
1278879775
545008992
1128223242
2351601439
2801667790
978137395
2165771
1088665963
424950362
517986135
970022552
846309564
220829978
394598844
3355724674
573991398
156943749
316033868
4419158368
921043110
186221116
889582477
757879535375360000
579228802
1061750881
2328829536
795704371891863552
2333203880
946462916
2440196774
1238622974
326926222
1487030509
4186442691
418169027
4813403782
363677922
430200691
418762191
1374076440
2427827258
797820581584453632
416583838
172329261
788049329403506688
767813014309535744
3387206505
486764261
188708174
410809855
3293354852
343239720
715125585
1444286834
526662292
53025983
1499307636
1447003466
1093276411
775039590784729088
2174731387
4250417572
1306369771
534822090
776553725603307524
2233494194
378467099
29164255
1481960144
2497838698
2417919919
852570362
1121935590
414184489
721349394570813441
164382929
3437307191
2999816867
1397374658
793705615914856448
44120419
1300746456
486617604
2322318698
36915978
3254009057
2853615520
17880873
4076765242
2199548284
866119824
83386342
2236569729
3216441514
1857779947
533268748
1517788118
2984621871
2221644847
3198806519
3239016405
402819013
1495539583
1228581132
132810751
599240215
4038647320
795366802549248000
2469613758
39607100
520404945
1133516726
396805021
48958624
1727982696
716357499939586048
2240178557
3028809503
762765934922792960
2832500751
2178699621
299384410
52881654
767783947220713472
1205594306
584739670
787177370646175745
4871676707
1126191505
375625467
752244313875251200
432937614
501122906
982932835
496989908
447005422
734053598884139008
499227001
1249222590
202219931
3089580527
625923
310698229
31683399
1116320838
751814461690900480
390989801
1691470298
313199623
802432542
572125780
33856651
455495174
2557920508
2978585015
1386751423
1329958921
2360900988
924965395
2259459451
708429391
4818884571
447854508
370642806
1080924907
800444469455691776
3079246066
1490029824
2397696805
2217883176
742705128533299200
445567589
1318996693
495816057
2525321257
1100783203
50649238
298079436
3217711420
1269539851
459584150
4010980623
1000188997
2982433636
3124240699
3356670165
759346461758939136
2469570907
2619106441
1451053746
744263355536392192
1479828265
710520401735057409
473121090
255047902
1281238016
372981992
244500244
765884647498735616
85657467
2166335324
599280268
248339825
1401878311
1451023909
708581628201844736
467274250
361886821
796637487204536320
433207635
762595570183770112
2518805059
158017561
96346472
1411184052
432882729
272876921
1080503144
2199795114
714339177
1375679190
17532492
4805595143
748328221
754368761185046528
2349060598
1924562743
506113159
1244642113
798640448558497792
2543019165
369728921
549484011
783200025853751296
1224996284
107647855
719103580247076864
421438797
782138334
600485803
786961372991090688
800750620818800640
4905992363
952522788
374002264
1093512139
228419989
972414750
705377374632845312
787250023121715200
731252371226042369
1407243602
22813056
2511809006
2166843416
3155822716
483120454
497010137
198586764
26231258
133391525
305790839
365089731
712376322
573977989
579271577
1268045520
2372381341
2186945998
805560082083807232
507405357
2464335277
287289678
2872452713
452350565
4182189322
838168092
469220857
142204068
2573757023
267219188
2691410693
2910674200
2973508025
51107058
1360394078
3410104307
796181961513504772
4188938500
953887928
305812698
584022845
2319615301
1904124758
4257851241
138868693
3407777645
103646510
1284276553
856718436
390978339
261457119
2408803254
632742781
1244857718
59200159
1470576733
397997207
3143810488
332921113
565467907
3226558563
1111297184
335444528
1128261450
2292006513
1465205899
2675356905
3144446056
296556636
3025616883
559901924
805886825999040512
126315515
455994196
2765762353
748416033334132736
791560742348750848
756751959386906625
134206590
1482397633
1195912231
2739361664
390325154
1229121186
311374184
3201052948
322070453
478092818
2845626183
729221180985618433
1965515684
4069116213
799504971502944257
2223326053
2811563782
445434281
1476948512
3792460877
3300629145
1259047908
2343281118
1341462944
46355142
432451617
135617909
207356178
737695597864595458
946023379
3512608043
414993771
596568218
597504671
294675329
1257881796
3088659569
787432374237822977
226678158
4257265342
518507106
737954261292748800
2986650100
106771056
1534670706
2885630548
428235056
2201613873
1394277882
1296820435
3052641775
2299301118
33871360
1246974960
323966004
231245867
1159945879
2591060556
188903918
1475611711
590280820
210549075
2343512623
1219740385
2321086998
3428628063
589312435
425300096
391885865
752076895055966208
4838445220
794287344715235328
62814733
68984712
194281145
448120331
1871088685
865157592
79511997
2497394346
1176131220
420366735
2322261107
727758699587092480
805907581231366145
411370110
2302034329
4414946656
69834006
770234596839612416
2730593590
2225786343
836504312
553002283
4148271653
3436942246
181684989
2997517606
492992598
425285683
460465100
1891583048
3982458934
777547178516553729
1019814889
1278345985
827788441
4878358823
58410888
1033539973
326316197
1389298008
763388821677469696
805886005886799872
184754844
783048133416783872
1278542719
326095281
325739333
1385518470
3014428659
719961865317715969
2363888992
437710793
168123547
469376838
385088302
578819937
427209531
341001184
2540480404
459624509
1299094610
2258689712
574396225
58868395
991054651
3302069128
753901145366626304
87648838
261621525
721911823
1360582447
1386793261
595836650
1531171376
2487798168
1286690875
344767294
3466428077
459219907
2198193816
1062799087
507212094
822200874
821799522
725357680693530624
4869439901
633595333
2889161313
1170278395
978557845
757287162115137536
4847651633
418208469
434752212
4166503463
449269452
1613475049
1015149367
373870683
1339067298
2969726416
2152793202
2785117733
22659500
998799806
785983950539874304
115021825
3237119117
1068405199
760806683564240896
765113425882218497
1230361375
2984559201
263244860
970562868
1314567997
123856747
444063000
446469698
4869095007
532222780
3192664222
726428495413387265
574047334
133644326
1890326197
2711789036
1325008650
2194877690
516453177
1213170632
800684353126735873
276029690
701388779114930177
2819898863
732701339801780224
29960852
3240122307
3064824634
4155402466
2596562636
411735017
141925961
883065655
2222783701
290958486
1360369249
1571044039
784340188679974913
555551022
931508288
2309237552
58453980
1080606583
433440575
356050856
1930695714
1968518298
2346647000
1131780324
1275312618
4174063036
264356690
420543944
788386859072249856
711086278
740204367400337408
13815432
593923185
767698418869428227
512387705
2540030877
3217923085
71101204
2275421105
346665712
96983913
605434193
1372461787
84158321
990408180
51167606
446426646
250697308
548688275
402117391
696473558990614528
390753281
713988077
413890451
410210301
805900851235713024
4867693204
168782371
742397869
3227318753
135838740
801361825
2956811146
983222238
423793242
3227683351
2756277147
477757835
1109639072
722522191645052928
3474585855
496193538
428417530
430491798
3893394741
2710203335
412941225
576946442
940275222
3018730888
1646281124
1156953199
2373837249
858154196
1310389435
574384278
3169965514
781578050865627137
391661534
1143773466
799219281451958272
735817583279149057
602836025
510821883
801700087525216256
2728013525
2211353832
1257355178
2821370567
2376465507
1071858956
204765687
247722432
96325649
111937466
418639778
473960090
51878989
721825898492768256
3068966572
455266241
421347689
1179885114
3424436500
237012591
484914037
1195176624
1919132101
1037692622
90124895
4889377726
426966347
1680697170
23196966
344802896
1030314744
1122324151
3008168271
421736249
1222929786
1189743062
3094759553
1430226211
868360100
2218143675
1470458840
507764433
970245042
2721656760
1260487207
454052150
106342448
794234183128322049
2173027221
420624994
627798394
3346161747
3939431595
930659928
529483712
510475430
305255857
2685569658
311434296
117413096
410784013
72657937
150761176
536600780
784398647471595520
2206448231
969081366
311449327
3410755455
6568152
2903201591
594155232
60143566
315669678
319074916
2284121413
328491544
3305939879
41673935
786474228258332672
2488588980
2940621262
801315350759571457
1664604020
486890861
804961884
209007993
2184944111
3064354900
805803948686852096
586821355
776076329519292416
1042515348
586921074
765468572390944768
315997719
326340678
1572876396
2413174236
237347652
785880577610252288
158051510
118978778
885170298
573006396
228307719
2408611964
2893910086
80314220
787260047856369664
953542285
4860992891
72522293
3046015127
1068846679
1308538676
51762437
871223384
4214140767
628284261
2383824626
598457898
477543705
2883472987
3031581923
147332550
351555225
143143391
946614068
424243905
391441252
1402803522
483384295
533176044
2595566549
2464175796
803300175955558400
793079724088131584
374509955
3403569412
2364041090
350184411
2865955714
2819178244
419111434
862899121
718084807
3107574627
161740961
370596367
478692854
3145299803
115558584
1382712390
484234180
743218418032218112
293560915
405792460
574117698
1431247669
1161192493
398134246
481409710
1320273294
524453451
2357228447
2967412817
198234611
805766683797364737
105616077
2342104352
991982018
425360041
297060762
451313522
158367488
2246257107
299707371
2360517815
403003327
561473002
802293054296256512
395259413
3226194633
805552084460466176
1601251586
2404476623
252586553
1255414892
2889612136
417947467
2352305154
3873998237
122497273
1534486934
720897240366194688
107729277
2260660337
560715196
2986211373
407350188
3859630461
784318068889559040
728166959427268608
2418921020
701978031
415475075
964333646
802954987596877824
339596400
41068452
2233203519
1227144498
487504989
440142755
4355636235
264225627
608915272
1002312463
441273511
767063814235942913
4243700865
2349902485
240260928
2354983764
716526944897142784
2279025419
769478656498466820
796830886494949376
147322443
1639030544
488382658
1370308218
457375249
2817019830
954347947
2498399355
3321893073
4180291971
523331583
16615233
2751787899
310944185
827030186
1046104886
4218819297
714451248
1056178597
319578825
776855405637038080
60624922
186390637
571143617
3078186189
2185225461
1227624775
1331514499
733019117318471680
433532650
39028896
4622622557
2473312438
1039994628
1415054761
1303488596
805896020160839680
187029091
324356404
398595735
456894487
577226307
386687136
501874833
2562814182
2811550769
995565133
725066954394980353
85525364
2345320392
393415845
969698839
3138188655
506387757
748129984598933504
2305161806
3304016343
775748030012284928
1389335053
736596690
3069657982
1265157986
1223069394
3314219367
1470478922
2655855700
2397844595
1556455656
2852162818
416570761
2207805180
3406854231
47987007
3131574861
1491470516
3776006296
2351348872
728295648
2767316247
805883319963582464
500915160
51792460
718712462858694657
479810905
2940999287
15878695
3007937662
743514238493278208
494475884
449654453
2310609029
941041278
421292954
475194395
213408314
829417766
469750828
2445078025
318939574
471334188
2997661401
408035333
769128592299134977
1205448452
377249170
920612912
317659038
2372271426
3261069747
522645856
177937746
112510468
239328110
1224876578
1096331473
489693440
4775755047
1089413082
1089272156
124836934
4222479693
1005109537
2357363494
501137418
2977934441
730751401194860544
964719079
1050997706
51645818
319116894
2273809721
96393039
510101438
482231012
387985525
2935626166
4333709903
1118851009
1074173322
517385690
731908101750788097
1260171894
129199658
2207852354
730098624907071488
2373026109
550325863
383639966
706217983862054913
2173103482
870521268
2189679107
775767378076524545
224310474
2951587293
1007282528
2441568395
390161953
617201169
2416492224
3225190005
805899673101889536
2857263958
2543955497
2816446821
4912526302
788724782162378753
130851801
2870726057
496758923
741762693972021248
2954986355
357998864
507715196
801520165250887680
255674310
2711951166
465921722
3088206555
964852682
499778382
228868445
502971430
447439107
722684492
700411790669299712
498255199
2462314591
760392779533053952
1441009536
89747812
1544093054
2919241120
1050499069
379256309
2511962844
1224858696
3166034463
1285829190
1603393657
1273311685
414903464
77031813
47310459
3013216870
367662756
805703133569708032
1305566606
303219287
477831284
433192298
2260290943
1080795937
1039860102
789773192969748480
591459578
793249535657205761
410303607
341422666
104772578
409540134
2754454209
2339491366
3043907500
511569049
2442105406
2851592991
405919398
291951565
1274972942
318549168
111875060
2866827224
3588475175
557366826
2964012705
3124079014
2193007701
43703232
515615524
2199775793
117701249
1037459442
1088672947
724222174307954688
345918295
137388733
2332465278
3351926470
2348264148
2347206761
1657210158
1405110319
213616021
3381769522
1947835710
805461886393270272
2876529880
475234937
515474269
585072407
234339579
1359282018
804008103222054912
4229963363
115660475
4056602793
2728993463
2898075617
368772601
2217996483
805893058344714244
418286420
225178719
720157781324656641
1100645634
2311558334
1586042605
1215290216
557127139
2585035709
397572858
374525464
1345285440
843223866
758327439558836224
3072009003
1962856872
3332411590
509058983
2935248599
2656984642
763405961205800961
3060193917
970877232
445832505
524685911
1322287016
348018129
307026014
778089012
302576693
1035376896
805929256186478592
396497515
482405981
480531574
2709720835
45061598
85590368
420533831
219278789
149823875
224837196
2342517254
914050591
432688797
3310777829
2937052317
478436781
788808477686820864
1020730568
172790792
998138210
3296497990
844579639
4526622501
2723029636
464787657
449868263
4818092890
3385699887
283609509
2167432183
1642762838
494360036
593635853
1549242308
437358087
175315567
2241274927
370193812
1168148899
396756630
573974227
370705320
1086972710
708425080645279745
766601799155449857
164780237
160949747
2982639635
514422812
3001456207
763353589347672064
924212281
488895138
2469186961
4876627103
563894209
488736433
467473645
3428472718
434180931
51061269
60995609
477764834
1068635341
2625842403
3352952585
3110560259
384744166
598650191
4819626052
2200331127
132811097
1386861416
3140140060
813815496
1418786191
497215533
413217587
2223696221
406580561
1053223004
53909153
3357091883
238718282
2225303229
1010807990
133366702
3334148349
184945190
3167105703
237878540
753889512690950144
3089288838
1863493537
805895289127182338
1648213129
743016612048044032
78562487
379170562
1471608194
378831710
2398143679
402995375
2339402154
801808342125514752
435152397
805729999726739456
491666102
731380824579379204
50294717
2523568577
1369230955
9113092
1327803948
2420870084
400601927
428627361
3749352077
2518713866
195570374
4818447916
373277341
2177455281
4110208667
768783082736455680
703927942192173056
4688837276
1418335729
2534686371
798914053989167104
593577410
775318412507643904
2301960876
183287158
2753154182
2321825195
1099421017
27623719
783257684971773952
437769265
1015440260
236335841
236939562
456936722
567159863
970835599
394620314
2178758289
2465797847
381088822
788478068763549697
3457524023
1076597023
246735877
390476500
389500881
794587894145052672
496477841
22827984
3304767448
801445435407798272
2542387598
2521671494
52073623
786828737958535168
1527761478
3027347596
788432145161256961
602637632
929354545
252585311
1219137853
430734254
216720717
1121594502
2361085733
805888396254150656
266855450
537554676
267174899
3309391685
104919938
933339187
801046891
986583032
78863434
1642611252
1722899785
802487031121244160
554546400
768399420367011841
1006493750
3292795744
326226399
984646254
767040529100079104
368819722
397433071
3183261832
459084453
444931728
1606319989
2183042574
3946230814
124426856
60964513
774831266
1013151366
2186181725
708801020
2741727190
271541039
4582495415
3288318563
2155070496
307356280
2831558388
2317495928
776130429657186304
1035336710
781588515821875202
435816868
4254101320
968433782
457622220
400811586
2238011889
703835565938991104
1202486570
1532077525
353575520
199087253
396792186
2827362754
3331231205
1357710228
319126344
445611250
22628958
463841107
222170521
805858804588023808
779271293359325184
219995423
1565108870
2798567902
479575055
96696594
396864261
2921447206
2327373751
3103745741
67637870
1334815088
3345500818
549331011
405576824
1241515435
3183738556
82064760
702924803
1374652910
857753196
745595735966613504
152977521
2915548295
3182903687
907687309
1193780617
3043362960
426548970
4894897763
455094599
735980645273489408
460611317
804015434718650368
2337490808
70518491
753627017518645248
2569703055
1000366015
790113096
158106087
482028780
112805407
706198119441174529
227371681
1086749148
427739095
3392159079
4189019849
1320130146
731923970124075008
712789559478771712
847547569
2245181865
4857980363
1011176790
2628534651
2614768016
29182906
1075134938
2882347685
705462955626930176
660823
431084648
805891733510823937
3320285157
23424732
995021599
439389927
500881322
501835062
827716970
414253688
1370627900
3102666957
1658117701
2209486779
456677700
2155539577
607517520
1704580074
465631373
2288512031
1026484628
626096538
503061875
443708574
2276600793
2474101159
3874001362
494732432
318713537
557246302
950480676
491694195
151524010
469717295
544433402
1278700207
114723978
199610799
1381899780
987220201
1180381488
2938313507
131236751
101000387
1485632245
238659406
449245685
81720890
2158966523
1208311602
1209028406
4220893533
1020342666
717479185900576769
356786831
379224837
2478852059
64787830
805880374798807040
2882547052
787733172146540544
1068878065
16041612
2958168039
513791342
4253242395
1011351750
1234133557
1116548774
2370495549
2817371306
579701946
709020800129568768
772056899814645760
312613461
1410963865
2851967661
3048022054
875347244
73768522
376688279
2366279700
509044457
394837520
119067790
2872974977
2779739962
709840307249090560
471763431
411487794
250056918
805550472992002048
109578008
355808268
423686178
973851150
241289430
3043654139
2212987852
3011035791
232559332
39022638
964460408
2359465576
520310011
1219317607
391241156
15255207
2961876645
157994523
483785931
475177175
81837035
139678228
69896457
387043149
4872878914
887576396
2588366118
4838450440
1131555204
257363296
211178508
430743919
1366886233
1638278257
2511259762
377272505
383359173
15375883
1295101627
1010820098
26206149
2459210002
2517639023
1022539381
4845527260
2336993334
2418774046
720335994449457152
805888803407884288
1283360828
425645665
1802661806
2359448190
2391215367
2386237696
335547677
780161454104309760
797805269539520512
364208968
774133777412923393
449278512
40962257
144210805
407685967
2388403762
1103991408
774007495249518592
1131717240
1377898921
52731955
2875322452
1101446990
3187182555
1433919019
391620881
831768450
797053138326945792
2234822984
738613686596554752
79963123
174380037
1154991632
3753251897
4349538382
1655058528
541142373
901957920
2728402871
1250205410
1876212612
2850074284
4074792743
570019665
599247299
56792625
802911788522151937
2320167047
2979863884
464473444
126000118
547635512
3431896313
264741422
396841926
713827253990334464
3407684944
133246377
703708224168599552
206077028
730389738323099649
2216906114
625000187
2356888209
53053554
2205595362
811565292
432950146
440691898
802263885755666433
615766969
1015392134
2982641339
471211037
755342412
3200053252
1082718704
1025048880
805786401807667201
1174274426
180317088
4528485567
98732981
347387443
3630722294
2198114532
4764739937
746647026939629568
790264879735304193
2591825288
1198415630
1061111934
962311958
771387619360043008
189229826
382590107
1346574637
595372301
945407058
411196574
802942712324456448
636035398
340996459
801499650222129153
906647966
805559589177593856
493949099
263596296
619744018
352314354
2328166991
1063725991
2427311741
325127006
2578471809
1037146854
2789842566
538462625
426606498
474657743
555921843
2840111003
1881117248
275225571
2395171044
231414854
2912475195
1621368146
428934086
498234811
709479074029240320
20373953
437309303
404388230
1562752760
1368863274
3228944018
1311732848
765965375792148480
789130468469899264
4838940477
2336640031
158288741
329937650
735107028
2149606038
2432040200
392589825
971800837
106668572
244546028
3555782356
2974941849
484137683
264941030
104275102
371749840
3130877788
803322305610940417
4092809355
425246547
513144334
2689440504
1180016617
2353752559
605614784
757676234977443841
449280374
771326596452061186
263619418
1038231816
618443092
2272893092
778634730975686656
51419201
805838348422156288
403273945
2429027969
415883464
721018058580606976
1015870262
4798879156
517635978
325473654
903551454
109078503
2447803388
979243700
425276399
242922585
417698570
3805251919
805886942646824960
704418409723904001
1518874812
39725567
3322922933
3405634973
2324022020
1747158031
422468997
3053723635
210822189
972884324
1374460555
1972832178
1061399634
2969224684
1477657056
2375550580
2890764376
4705505042
521800913
4074620896
42020911
2569072195
247863643
91080189
1478297786
790625241856937984
2902753786
2965000805
963357198
2427072883
426908100
2588051975
3219906546
999469686
1416485676
789957825917222913
747062107636637697
4076025623
805561734190821376
2498928031
290585680
2363886035
2748285723
2520868692
724630872964665344
384575017
1898454535
26716444
407789173
251663248
239143892
443303708
2420367649
476049203
13573252
1203559136
1262138317
977137188
538382007
4182142288
1013045366
2199283209
763044924526825476
794187962825244672
791374453926166529
1219888831
2838517743
1452545070
821719770
1230470216
225468944
52694024
1219977643
4872314811
3131729685
1106516964
398291306
583920508
2354704705
1244647422
72310257
798743088206319616
712640136081776640
367090986
409118790
720415132350742528
383982534
477835402
2517301839
2282008813
452183386
3309946937
2839630066
746774248715345920
1337596044
131768380
3022681938
2294674471
1065387764
796011644
4836438088
358348320
575654596
944269080
3416046153
765879972464656385
413786539
790099830
2386642032
1162582322
2361360169
2615476385
252588117
2575891271
1165552946
1096323168
744655172211728384
1327639712
98689547
1717274785
1158164456
970970300
28820399
863773182
333554062
1621071816
3198028097
314851902
464687764
746439475681759232
300148270
2940718365
475964548
1623855672
2957157748
4212866417
588543892
399010858
897054630
1037602873
263363638
4912745338
780464402
4735890017
1650257054
1275002341
4919661688
183686681
3031188244
712647058709155841
346609077
2488453649
238296764
1080423679
35181867
3179223957
2686892396
768898726895185920
513555021
1057682683
164223102
2933100036
4688664552
252250565
780930794420334592
758291580793094144
406469071
472840802
1086600416
799992773298520064
1880747821
1096419438
338887809
90849691
3201907600
121190725
430844411
739526875500908544
1063063351
170304692
2979240557
964368552
3352192281
2355249940
1011289866
703609955555917825
788859641082089473
264760596
364331185
292089465
139832267
1261748484
804080566949859328
128978964
798464978273660928
26309297
2389687188
2496237324
278907226
860350934
2527780688
2544957299
3081790409
50625691
2826424217
105853342
2157207460
3899894777
45514913
1379254362
2272705066
82960906
712755285362917377
766066296618414081
3226013529
797197311201972229
2448102733
3597402316
1305916776
1593767335
2824073461
2696347350
1368152558
899730438
504524011
2181953194
2876447163
262709701
859927674
1084193910
318887216
705813420973621248
441091166
1120077589
457442858
1296801535
1304968112
2341083257
556780444
505051921
727628624740888576
1433806334
200146354
4797073893
541527026
18163631
323889720
1090118378
1627031726
785472054
4795069195
1857810883
805919161679548422
424241865
3309510766
1726662828
355815507
592688115
2185222224
2834332673
721338196639014912
273051700
40985455
704598502
780085194317557760
440128266
3096110321
2797745693
541759113
805901560630956033
2389505121
863028571
414627859
421406745
555408466
484257494
325760306
2829230812
630961397
51720974
434864209
1320668719
1231366670
4227091119
2555751045
264565063
1062535159
2240836459
2296153657
4631600495
708755015868006402
1311687600
1070288839
1869314520
3038103838
470257543
548616993
44839560
2147638752
2239071753
3995075176
775798541679603712
1262601242
3413443713
527938655
2241657341
526793164
838468238
418918882
1420741807
3086634161
433750466
944428878
3368334621
749672107190157312
482882415
447059765
3023901389
361389822
4769400089
391470200
2245653349
364947294
143211412
804302503277891584
1355401399
435706626
723203630917136384
361898272
2534513566
600136789
813055092
4899492155
838693075
1368900804
4523308156
18618749
3385105642
789101135323865089
2590515409
84300444
104142050
13727692
805106423436865536
714896919349346304
133661112
801845830483382272
2594083175
717452216840429569
4906320167
167566334
4265388017
335123275
541824556
2319131287
112386378
490790247
458370341
889154604
331881841
2249959502
3331059982
356997587
23460272
717447220530909186
415052189
54122393
348493456
322528854
774327465133084672
553368112
495011205
2937209879
161450764
859582356
2501545436
355496018
801732026776727553
128948359
5464132
2789928382
716591970106417152
2390000516
716911634871160832
791259822301806592
789001282514198528
418200938
538461403
2214539367
1208853571
376810905
54496528
271468279
528461591
313652711
2604012643
211117366
3930314836
4140519261
3130622027
997601341
604009725
408704922
4208727496
2277860888
3740240715
815756892
525702777
2864948588
165530020
388946039
1410209468
3434252595
763274024675897344
3095233408
532562936
4634898946
845313296
793414057223135232
2195623517
2956918469
2168544166
2148839571
2478641336
845468852
2456929573
4843948937
472014480
302538500
803115926002532352
2223407550
1849153957
612984125
19392607
794504474932998145
427671284
2927049323
9940892
1061430067
109878653
436044724
3023541567
836271002
616365409
747062212347461636
82426793
96350254
900247297
2324434960
1277793402
4275415887
249862119
786568292
805141954329800704
607112247
1443706704
851318875
109216039
2584467354
1322551362
1662000925
2338003979
710525705277325313
1957607898
778717606085734404
592489826
52886983
438222914
1395104083
2436608759
38964269
150046203
2813529980
441676801
601861520
2180545696
919658064
716653596654313474
1312010358
2979620307
82379983
2754596762
608125539
4201687816
3042356055
802237904550498304
2758151231
939878528
1851226928
408834813
778371426432811009
2280648054
805891190725996544
472124094
497926684
713303560352571392
2911176083
589162889
715624015
556156225
405426716
1106363018
215278944
3458373497
1314661519
2391090577
596928486
248339544
1880399689
541147498
2922539446
882872700
2510778660
540701757
217178397
2583026273
733330743800258560
407051453
1066207429
471401393
4862143995
387198659
287171675
479054996
783307585206222848
163899788
483258299
248610688
880401740
755028067517693953
1978729974
2932258043
410764821
2361146452
3244021258
768575901516828672
709052668220743684
805548736676040704
790984475656192000
1384478448
621038509
4861481447
137337075
3108373833
2522802620
143250248
114843091
401948377
3392585361
711250614995558400
4806536835
805885666546581508
2999932538
847193448
1715437566
3010643289
703596145411563524
805884499032739844
870647947
2812859778
2901728910
4102577157
986382066
486513387
730396590230413312
395383733
591663175
3422769471
2497628532
2652929369
1063446985
1345104642
558377336
486456375
410208486
1829373277
2464823086
45400255
800282029254246400
2355256140
124236178
1323367921
2211480714
3668295616
2217674274
133460400
2973874516
359993281
373287402
436213501
746830680257077248
1903648940
1338878742
633302027
1264709348
962201628
586157904
1018416800
47449932
394926817
3107458432
1044579342
459446024
2811134706
799540275391725568
2235047637
135541896
749757178530164737
762068647766532096
196560266
345521560
1565551105
1425755594
713136440088129539
120711642
403951532
735788453737041921
3226465606
2413730278
746432998854135808
3202597630
1384265604
1058440837
369762590
1623490123
1117576526
711877336396865536
46120689
796684613452238848
2530670244
745207130207170560
3363741953
493117094
2248923694
519667200
710713901663592448
800006070777298944
452382482
623193414
259214304
2769796480
520827419
133692338
99913258
1219848883
3313832169
409951584
353160476
2470692079
193642197
478995914
2375216695
2425442529
494287037
937279710
633147468
746943549661450240
483747090
430775309
805743265454706688
63478646
2611506554
985154594
2416044272
1439480814
420656128
3357308483
932408082
805762492802723841
447234708
3295406872
2560586103
3404776456
61051865
701650211391848450
460161518
2316301654
2971919439
968871944
3653292675
743531036
2635714649
549739837
451610877
3288138993
1009626624
805786143795060737
197198251
230468714
100878763
475994227
399337897
589911268
419543607
564130758
79502644
2280764604
1279870898
1166637379
430437851
2955736762
1404635250
796033040443129860
1185457286
2223323408
2193133820
306134369
791741544831315968
2751256629
866601420
2594867485
38878380
2611695712
511941121
428587953
370416519
505745312
566361704
3024781929
3195669568
454173647
743942725
193249494
761252940
104135821
805791194462691329
1706556157
3325251946
2835240843
841863842
1228211810
885303356
4202703562
143555995
580184701
534655010
364165163
485582381
485107842
3347530847
3080297069
2625792850
52887994
822157436
1288267278
2174535898
2549720989
4188671596
547650910
318488169
3123797819
846194792
2561253733
2720583173
2398040662
405004713
1480351040
2485728489
3373673675
4885797333
1420325533
448402028
3208985039
908147456
1406174118
591215948
145439895
1830717614
3164390831
574808723
436124417
801459575153184769
2285114260
1063917386
391937038
1357813057
2371610712
753229135611396096
390906063
888075391
778950791361167360
489421781
241857339
2873024296
30632987
2883813258
2194894268
432874982
541114609
58636171
423616577
223288666
2951349335
717298250462662659
353640576
570833587
385122061
2865314139
2827084763
4340888903
2706574363
464835038
2340552066
96340114
413010349
2508437306
37756411
421723841
26982622
4409676869
4735647376
805895911348072448
461962554
618124225
800464320484098048
942042836
717334646405611525
988975550
1191218358
2942381427
573986602
1374923707
32402731
1050589128
179442802
1593113011
768698124793745409
347442566
2871347159
377469691
138800969
2220186288
1855275732
4735246341
71315887
527534420
798939482
452226860
1274855814
738434718287450112
1065081188
422587276
436998900
4081934681
727223148677087236
301171038
749570773321474048
3091025023
729775229598351361
354549311
527516661
547050389
961773410
194582452
328473338
387762782
440716175
2218411411
133038458
406453295
564910192
38739769
296215921
805883621710106625
749248856
2761183186
2324049793
4229782887
444028791
4884166671
1611246091
805517495541108736
698226027756126210
3015242813
492136342
342296335
4879423979
3116015123
1082984088
3338622107
2983072780
3170255502
174178027
588553042
2714660159
325165914
756921009882759168
703338796826365952
549344896
721766834815549441
2360365059
569492527
3415778469
995658620
330597137
782519200044679168
509321895
510307226
454081262
198079470
788744386553208832
923195227
17649765
255182357
1039846340
2231676521
2891197923
627471730
551776586
2558870687
71093090
494239795
432265899
2370306151
2160946687
805878452947709952
140287042
2165464137
331795273
628128010
721303651575341057
256443765
815921760
563585325
1106715577
707605903328075777
787240062773854209
1291022089
1042134122
133792370
499742829
636433553
199629624
2348566523
795971425127591936
462026678
1223037354
703386818
2357226215
51757652
467307839
228189307
3037744342
2859316269
1012205810
64139825
4394434523
4076497583
614259382
2198334809
185760677
712974222
2411149982
443193400
537571703
75994558
2559438244
475827565
1256447174
11514952
407162151
2882163783
2892534323
806305806
2786595941
13563692
3351756621
3322620622
3368018859
1644683106
797599806319448064
791521154
455991791
35804051
209891777
558053080
2760440145
718196234712911872
4229498536
799898540789141504
780100421536849920
3929581577
463649801
432268178
3973423342
2208789310
417370434
740277257424523264
1176637908
50662478
176760567
702178529
3176594760
3221712009
227507782
894920761
3975122236
4784064865
812774677
2754433723
4839515446
718137526783967233
803867149831995392
734074574275514368
2458741800
905847060
782377401955287040
1384855346
141529750
3270126810
1336847760
168796358
377660882
807581581
731393402
2452231707
2752353844
63431013
2857413639
4397747957
562399185
2845221227
620546533
1380718032
1092822224
98415470
753919791140855808
2960484382
1350769627
2831366043
417094530
2408772318
1036494895
1011639912
991024189
57444664
3825308554
805884719363661824
397474839
575437784
332681880
755394279258910720
2315669589
3860196976
2986513055
397555068
752727902559625216
358677461
862701492
2889852755
1672975260
1039152966
2318406154
602574015
440737015
2760351771
4845878153
796082544215212032
759712744044056577
3050183838
2557627068
588607464
840104520
4832530456
2224880222
725051865159884802
3349425333
720575642601930753
420931672
1334227477
1014870637
343458847
4818612196
2312996169
3172267571
4201307896
958750693
1264710499
590188450
14703893
143934900
3890120957
461180122
4898877849
354437152
379030092
593742754
527270217
600415712
463347621
459452891
2318216051
401753108
949722102
77340775
68118653
535447658
221003632
521645027
3448001980
2256453579
3657726321
3183670121
19394469
2739356051
1394732834
752800121138581504
296475664
2962702114
1346566790
2606637891
2571630204
485841317
161843603
3117151365
752010888
2543265306
413916151
577169108
158470519
3001111939
424401692
452082534
1043570672
128859858
3036745805
484665449
553374200
2356887630
324936579
729981130007531520
779641199040798721
2431061097
789833483275341824
2907520191
1218580224
570076370
1092084720
803770735957344262
753519234710376449
2342856875
443832737
805766874474696704
457700602
164608349
67863892
500110521
31115134
752260874002436096
1152071204
781954997806370822
724560206152216583
1012818918
1123148515
2252673458
430995991
50040128
284057788
225957971
557827565
717894055405961216
2247827322
757278078
2740841451
272028995
2961761943
473099731
2426934927
2816638404
2195885998
1710210360
3341203948
1911554858
604610304
2321180143
3021934949
508555134
3047652054
3058454202
3638926461
2273512710
405140607
761582724176027649
1065857210
1385223960
362706589
68362418
3031672891
36430879
3169603576
1057813165
900445982
496769260
2359663543
999860240
483151386
4913455468
783770526422560768
2739787766
3323194799
418221631
391424539
1072429142
702904109070946304
210239170
550972074
1454932543
573872757
2189190782
3046433745
443987259
3121230182
458347992
2394684582
747917978
787115406
1708267843
3192285299
1314735973
381953555
3298528972
805882760690827265
367692964
2190313025
1566803234
736205254560231424
1915578642
422586035
480453928
4473833595
1497948943
2475118937
793101117844520968
444398234
710379738
286608996
863791340
805904541392715776
746053497750228993
500096474
1472290938
1532048785
738702793939243008
171468531
3417762706
1142502205
2820455714
2652883779
1066895088
300362067
962989620
761460870425829376
94966761
359096965
1444738142
702593712489172992
1219022928
1133933233
2842468841
281547031
424153335
804670047117574144
45146744
950190842
47875351
3697237636
1587766124
307587291
1378987628
780488524328042496
378212883
147371974
464127310
485903140
747315391
1644456139
3069843927
540703786
383531511
849274159
1146253243
2375532170
485521993
71304426
3402915261
426987849
15980018
2411779897
1275988495
1226137165
498191944
1116671611
303298353
970705082
157946397
455377234
2412990951
3403986760
1340066966
1241451222
489493520
1093269157
1069275696
2207330516
724811216183562240
482513993
114311004
1352568188
428418598
1166130295
489419534
3450310997
523613502
191542718
2397882503
3025536011
3344039001
51285035
2999879276
2329178833
538472318
2904967810
1251431112
796311583077044225
776126572680122368
767272709105524736
240454257
3014477295
1364214068
396914645
496842486
731342369430327296
297903655
258382452
288204711
420548533
320742062
379741776
2429092036
57367213
61081513
872579222
529487504
405515447
1231068138
581801913
966194582
2882514598
378706057
2861271427
2786975403
439470264
122016493
593817814
1524554196
328617618
76029658
222273248
1068084830
2574452613
346411027
1238881056
478647183
2737168551
292186046
537439213
764071712950550528
1442307266
236794333
2852396193
326962678
278425671
2353976618
211454659
3078470825
84130259
805888767047438336
2359142030
760872623538597889
1131342930
2203727552
1068801092
2182257900
1325259006
444116937
2321469412
209733883
907919298
3343429930
796272344402722816
4867831151
1016270622
3030465038
2883200783
137120635
617101203
3074122662
994100862
411699605
3521388197
618189727
400798557
1190659814
1009028191
161462044
432211151
2878690973
2914303918
3743344103
1071718562
356156509
463727974
501669408
485031544
2510576799
712856090
74347842
2906873477
874235131
772445684343660544
737918135584620545
3248511540
3430565794
1412500075
1250016204
513006044
58300699
50238269
773956774932127744
1068728030
77323487
584548614
1382144390
237633755
714555676417265664
1044822307
479740301
441851951
426064773
397867387
172170794
415437027
748861284695805953
452038540
1506815232
474026222
3182786127
471232887
3717571997
483304367
545821255
503347544
257490569
2368728417
2333450384
528800955
478810298
375539926
781930651528392704
6529252
414278508
950642215
232908749
107451227
1886228065
209786311
374723494
2657797725
3003451715
1236246583
805885023983386627
1036719990
1110311593
29416653
4284959421
363129737
772100378057900033
767795023970697216
526801476
899978641
2464828514
270070566
3036587481
801986598699233280
788290166146404352
402863215
3000601366
242071863
750424089429413889
1632825432
1089800894
226112148
3995124705
472946369
995642131
263053332
15467126
2190915769
1469933792
3082109127
702597457490927616
399008641
1311541112
101858538
915191390
241597004
513080000
3202473352
484947954
1192735105
4871884721
51698926
544352838
1120206308
722899925978247169
99125540
1608647216
1216209888
805893299923984384
2966187939
2899612829
164267043
3318915569
61751856
2506050759
1037152033
1960258021
97322775
1882975495
551374959
341184767
473274676
634892475
325145422
457477405
345591693
988373714
3279978827
1875163214
570894672
433764828
2372922933
993249822
476976196
714179021110714370
804979919788933120
151389582
296732220
52337911
319699679
303139807
261233190
857508649
2928096323
715993935668228096
2332028285
447383607
4765712722
791346102977069057
2984349707
2731197053
1842447120
2875231648
785763689345363968
332885533
890819750
1026457428
426542439
1014016028
337155946
3105299290
1100350039
3088529306
499571765
2822134376
405682451
39220730
123497251
58512089
490667441
395556267
356727248
1686177894
999127400
4854936225
2163227033
410810169
1295979390
1342623084
470554249
986286079
251309387
591144361
700115915
2425240244
734456397824430081
261689373
3270063726
4502240597
1176004074
375352671
1117558933
2588246800
2940755837
404380686
744252966501236736
86209782
1249898532
15818764
2273740121
374747479
375682938
2994679426
484784657
1149263083
2289758560
2361394675
1003617564
516395917
234815796
37282173
2447717504
2688230387
765195398587805696
463911801
25676606
701059824520396800
1101913508
4730040141
3398885945
298123237
2294329303
2890594157
469249349
2282469222
409448246
1427359140
863720953
1209210108
442675224
1036756046
3050698037
2865977735
311694861
