2557719974
1439123106
372273460
233710429
563747770
779791109916688384
788124436406923264
268899621
4384279288
757989565600858112
2459996144
2735171102
996095940
1597928726
2966806611
326854012
747498212672561152
194972957
1009689127
1262007300
434558035
2394430171
859494601
2472146552
326693198
452858854
237248877
3235938178
462900728
1452224784
880408916
1618048040
728695134
2266033014
368338436
1409902837
3248002781
764525968623071236
788748356185120768
74707629
2315513041
2404185052
4883355514
788617257404497924
499128183
868298592
192258181
1230556524
1573078681
1307016348
791655227783077888
701425649169338368
799170061118427136
1369870686
189343971
2150969605
759714475696021504
3433378229
729873024225316864
4655664915
1349514043
497021694
870395221
3445295777
425730108
2572093630
2903619039
316376052
133697656
484010722
2251943851
411708151
1322376432
925782877
1913370296
1256727248
502918121
133461180
366066995
786902810
443187387
369585128
187305166
2720826652
1039048494
131292189
707558440235888645
820325168
4243297695
4590614848
437635996
1090175304
2170742693
63732939
801181281073635329
781366033231802368
759675705647063040
841603218
4212951118
3426670696
919502593
1282936026
1588323260
626845548
459685683
2416029024
1319275574
215224614
80583467
711206425
45120224
331005596
144213581
1191184285
970022552
619015105
408699368
3355724674
394598844
1126319712
4074228269
704836932107313152
397199507
2927551738
2754292189
1040920220
203827028
3130737011
777025956078813184
2525924002
767772101503836161
3633219917
4256715496
484127871
2197727347
783762422721048576
4859931532
785540126277570560
191488665
2343427327
342636977
50589162
1278210284
634575700
1150604383
1227799914
4154714363
798264883062206469
1238622974
19854174
858340783
418169027
137068692
3349228901
2376999356
803939813267304448
1019978210
463969453
312572813
531851126
184425554
775336111681961984
3988102589
522507912
787954994171506689
2252341345
1260225181
754718657880678400
632151062
2377247953
1444286834
288094317
1457535378
715593055789826048
3401876698
1619769668
2239180308
1387006716
589286587
714553962599464960
3026297093
436640636
4112467042
4250417572
906349453
2267806358
2149812819
403051679
1226139085
25824939
3957645843
34705503
3290984981
309533058
425882483
462113829
1331086867
3254009057
978488840
1004126912
306058431
2310261690
3925347557
2182500787
83386342
2877804497
484090897
776050554418171905
293484907
3292905852
1857779947
819652946
745916794100125696
2850135335
2180128512
472118555
801532114139250688
2762706833
199923959
389456032
792341976138051584
349642471
70650884
522454023
2333745212
1865508474
1133516726
3245368049
2192271144
721942034
52995543
822183163
1038389942
336447434
26278755
3259602153
461406688
475127858
339060680
324946999
703579471983546369
437533038
228051072
504501744
22842432
1283861509
183030183
345488835
4854132653
923347921
2376928902
2850858044
2572209035
614101601
715782891586908160
752244313875251200
566434899
458460908
2319748337
1916781434
975969787
2814189047
1346509117
3148670416
982932835
519360327
499227001
396143318
982162434
310698229
3120474387
3343035869
332990530
711343781644255233
428222407
3289742169
541596083
790260453540790278
49318571
313199623
3125099459
428931337
2456837270
1384017114
299543588
1414076593
20790972
253550542
2783770189
3025368046
15317484
717355882342981633
18484129
577023890
794092015634051073
1116674660
976455469
2465900299
270518699
327862293
150608013
3719207249
241602781
801457403808088064
1100783203
411018458
3217711420
1000188997
2984198033
2182403667
2746586057
255047902
303810430
852980726
1412754547
1307458242
2416323679
48384215
1157781200
2634843893
2319542538
3368385652
440809589
383831016
467274250
2774751706
2371530239
228010525
356655235
225168723
940963134
3386107840
339309372
1484550222
2199795114
3159487427
1667689482
2298394045
754368761185046528
1179962942
369749865
866911332
369728921
1229273522
1070320147
2501169637
1240103790
460080666
1580199242
273053914
783974293621370891
914574283
453340945
272152104
2582924537
1259767670
2677397216
1076649404
2755907311
259925537
411066978
2231803733
3246313708
102688383
731252371226042369
366175274
1687467302
823163340
706097800040357889
845920736
615121842
29469037
34265728
752081166384136192
1870641289
738067912439824384
160339069
777913128994611200
859521930
573977989
579271577
751725458631327744
356404890
421077547
554336117
3331413322
467359617
3228099125
1233975200
3187818934
1375185360
976995883
1228034526
3342978617
2992614868
3410104307
858519895
964876040
760240948488044544
744976936196313090
761303645518499840
797906158325534721
155514374
1300646329
1498709755
939484063
1640889865
103646510
1339529246
712583139
2582196879
2532744429
473659309
492325083
789028242221109248
353555558
504894136
59200159
754296809883832320
4058624363
2371925091
1111665702
192850838
1055076127
1058536814
997232677
730997244
3044664286
2296214830
332921113
3226558563
416340182
1111297184
1168797480
756956939746172928
57060570
3664903823
1462179565
3768512055
486084757
337113181
145561037
742397759991480320
789144305264910336
834267554
2190622501
2410911599
631884951
376745169
427268031
225535128
724208389
3345161205
2329972429
2922966989
1229121186
710375589
262745603
478092818
2628952445
421766004
350260649
1064261450
2224962167
2343281118
759446099182714881
1341462944
307741565
459441699
556818121
601016936
946023379
932478324
1854556328
1719811099
799613492466749440
403669677
309178760
503452485
2748304043
803627580758835200
1367572112
55027498
1394277882
289400495
204791100
2340699060
3980123284
33871360
396043184
1246974960
3414835636
753675279420235776
595267886
14570287
4871561392
37631819
442225392
2343512623
26295447
426094795
1710955382
1911991346
779789249407254528
2894781395
67006079
2338719661
22059942
150790521
2835121973
794287344715235328
4838445220
2348629739
3004135889
746008230757867520
564693328
2437309637
1871088685
782874183365779456
35700426
798086349316378624
1501568251
56982346
325588415
909999054
2420965975
1153173667
581285865
2302034329
4414946656
466358678
1175424128
555420716
3138084547
522667905
949372327
3436942246
3001665089
243563921
1048802419
252481530
710046420821286912
460996641
418785833
570274433
4069758477
970504938
3034643483
4914382227
2716446892
401399952
798883998458056704
792230731
4871837783
1964395448
134554873
2534968364
98921343
325739333
793123877387927552
4570489414
56692061
1400111406
1099059128
427209531
1275308629
3320642767
58868395
22248695
2512832146
732317340092780545
771197191
1274581027
472919383
1006453046
3448617916
507970638
488749288
803635803121324034
3004847224
748240006867730432
1545193808
51793633
1732794787
94529815
303937763
589261384
730811617
396698099
127025568
1870754606
195427066
2198193816
770989240545120256
723835861989756928
2415768917
2597549564
537525524
807213625
2913833871
755102530527457280
587385901
792353515884711936
407062660
434752212
301923545
413935857
523343629
2312169774
842320472
1127733265
22659500
143128694
2619985539
326183542
847991659
2369467775
493435272
747147930742755328
734790436028616704
703101064
47698840
464477564
3238508633
1037543545
152673484
1068405199
567196189
760806683564240896
765113425882218497
161428463
3326878185
484589440
1230361375
2881464153
432566115
437790954
532572724
298248825
1291656504
732206617341595650
791287209508933632
38340760
2754543846
726428495413387265
123712076
742094210447335424
2900789860
2309731819
849195252
767425400175722496
770611373713854464
1672667984
406234389
3064824634
286216634
2359406918
715083557581033472
725294324
2785334697
883065655
1360369249
784340188679974913
2394836599
3777004277
467573735
2501851306
1960868090
2559910725
58453980
1930695714
1354935949
764195579081752576
458632561
3297456253
4174063036
2401418695
3019629387
741622785122930688
4558218203
862986014
423327600
1488372031
2221404476
504661653
401161443
2845018504
3404352773
921116641
573648634
2342306520
4160599461
1372461787
1914253158
1063011624
3299490593
1669314613
2290115024
2505261984
1137933350
68994168
1187920309
4803830717
3434287768
421050354
607286270
765631835086917633
1853857640
526213147
452151464
390753281
85060556
259232598
167845063
3345594861
19067940
249167257
3024022989
2608779441
2984362528
2484661227
983222238
759853330692616193
393981611
15047521
429974408
163879703
27660447
776439709488803840
3474585855
1040072863
2883671135
719936001968381952
567086543
790535575782748161
8873182
2409273144
1579008720
92602577
2822423930
3349036179
794652233258385409
3545919143
2365011298
85793150
800371833363017728
1103389747
471428838
799219281451958272
318923862
2225607369
767870049579364352
2743862297
553684583
2763523690
15108909
493497596
1257355178
3888428213
1916736956
1369005530
2422131402
415564172
71293003
3068966572
398032197
504249870
506221043
1002084986
733695386846662657
14340947
1076089766
576074091
3424436500
288828205
379223749
458670095
1919132101
1680697170
2479440949
846230053
421736249
1266649207
3432995584
863020105
449896218
4793814082
2218143675
970095434
1565314302
613199311
1227447218
3347777716
771613884
770466882
2173027221
794234183128322049
2368789219
2180853339
4923500123
1021729232
780087732949413888
52332450
548450155
305255857
1450286413
270877772
421796745
2804109824
3347525428
142807042
2320276583
753772110783320065
4011901702
68492512
14064966
403012790
4589805027
2524571118
515380651
624096392
1371970536
2760739042
303730430
934188559
574872653
188029214
94594903
3305939879
425264862
725060346776555524
3104344534
1374489680
3434577971
22651555
818183167
32402183
3127155902
168623825
1059881101
72368174
376688003
371633792
716631504
204041863
3299546625
321949553
2435916027
564148431
209007993
420186908
15331638
3435593188
136275685
461019019
578163085
41391760
923555906
495243061
1964575616
13725552
2845668851
423308449
2863798143
2314569539
425385039
3372154241
3105108137
1267779690
1671704071
2402653372
1307698028
1598964204
174919256
4860992891
532050164
38205384
863413130
2448563317
329305899
1962674090
215686278
66545080
239450599
1601716938
815758254
351555225
260626836
1365478231
988884571
574310014
334900532
1160278561
483384295
2872332023
903430776
428411345
799983421
2998176689
2819178244
754282812405084160
127599374
537290044
2211388062
1459703156
2496989087
1221719288
161740961
273023163
1672580731
79036955
422177795
1460451570
801539825216212993
775275218172510208
2494635800
3003737465
221153691
524453451
781228956112580608
1022288858
2221318495
356975403
4902145547
593487302
2978019477
516664834
715581212425850880
81943983
475325454
2738783405
3385872369
421433392
81075901
524236416
786333824431034368
90139268
591364724
469254466
561473002
840243150
57291452
797134962453581824
1314367554
964924026
3399075250
4258420899
1650119516
4426518575
566150054
2352305154
883099326
1008400513
74735060
1534486934
24319564
1176499273
1275799418
2490158805
455700963
2279801235
993658128
735765372293382144
409089494
2527431917
791628536557793280
472186470
211090942
404836757
2207172466
778321813
41068452
3126534947
785934232698904576
236332690
222157419
2649069526
2373453494
3053511803
3390886840
417260423
894946183
4024562895
1558477968
882473480
2388245224
3321893073
1586227562
803617893464215556
2895077031
751124618832994306
3245675775
319578825
718185423571390464
396459358
404088514
728733122695725057
347497240
1227624775
509885417
82902889
281884852
728996434318655489
786233441742364672
2848348516
141566267
1357198874
784072008640434176
309784041
1145650134
70695596
456894487
1487351570
2562814182
3138188655
788458787032170496
859534544
1295567060
429928689
19484936
2493287096
2397844595
1556455656
3131574861
425033450
2446212983
2896043008
731906277463457792
2221319742
3387386231
358847239
948171079
2726498655
579954898
2350347318
405443137
746263383473799169
989192558
743514238493278208
47593206
2270552779
2186313922
799340178854866944
1015943185
2318486375
526735998
1171952936
802932138601484288
1267449962
51486290
482107935
14335321
252676505
360537015
370345381
1124653651
1063503469
978937388
701849940809662464
436838636
307537574
589248909
75576699
1070732071
757949254765834240
2856165242
461248674
2846509326
332894847
420430028
24252705
479604138
1069206085
455434012
254092558
2353564274
763315505910480896
2977934441
354901534
2975094340
28098604
4501094794
7950242
486787100
3823074077
401680400
790939624977891328
218931858
1538637733
382056971
2719186852
2460371842
457889747
824715074
1260171894
2949441737
771020626903572484
434839840
350306021
562823508
599219874
2362418930
1007282528
2650978150
53368287
3408677429
1346721164
2540653035
4863618933
617201169
2366862174
2847838805
3024843525
4755949588
434135494
54918493
789866400332611584
130851801
766147249718042624
418208091
400902983
2194497177
792051353921134592
4468775656
93953682
4898162783
106772715
2976609286
579867137
2935824485
803573856145391616
2493142851
2937388577
89747812
1544093054
4885456060
3166034463
2511962844
564360716
1344131071
760842477607776256
1423876909
3054231435
4626119985
97193301
315140856
176015580
788600690356719616
303219287
749617259849584640
3795663855
2978361604
4548508636
797550098582503424
14108472
1230871339
1080795937
54016278
485939604
1063332403
1167316106
712027921083277312
2482490152
799729300245270528
87286001
1159982192
58020070
25744893
2173603415
18762875
441651345
318549168
249625261
382608504
3588475175
253571297
704779333307650048
353673948
1040485819
218995078
3124079014
2193007701
36469575
783760924649947137
720048936
1384260270
470180296
117701249
39940281
2595713404
901788835
4664853389
801747385949028354
501691674
1678352208
330956650
755077129554059264
345918295
3351926470
306925405
231003363
1064151775
856476714
3387135933
2480085912
158891854
213616021
771114116035543041
480248512
434411738
294127138
1725558426
280617318
593644722
1413220182
1869414950
526838409
632087849
50104200
970153256
329817290
36079217
2943393603
1488338479
2898075617
368772601
2631427167
789417368103419904
2714500212
1150670402
1282958953
93691257
346163733
2719760326
557127139
409311997
428376870
366258436
1267591759
2200075155
791602493469913093
216329365
1876700449
2801528655
1316245117
435135749
1619917472
746418917481000960
225490204
189834862
2370908109
123612939
1033253838
725937762449264641
927074624
2896345199
2508257327
2494320428
2478033566
53888674
510652108
1131812641
1044957452
2943507749
484158845
221767233
408760297
257499288
3156887011
45859888
353766961
154487155
95482042
2359426044
786652238353752064
423294786
19592755
467659856
1905601525
1017310213
387770884
7722172
788808477686820864
417183811
430925661
4405181775
226532072
3224669813
333498140
485772542
539926402
782577416548020225
430995535
1384894520
401687825
3337033395
840139694
4010000614
259778195
110190828
796967169808592896
437358087
593635853
410752364
2241274927
816899671
938488687
396756630
856906760
3090189012
390641455
16863408
704259717833613313
796237284
3001188891
706596340306984961
714376418055073793
23301182
763353589347672064
596833964
488895138
4876627103
7773732
2350203541
434180931
746539553771651072
3053267033
962612156
2948897212
59080390
2517329992
804266605874135044
1341254522
1608490903
2625842403
797679000
772825836093399040
231525677
326144852
2729415801
14257328
12893192
132811097
431157210
1166821154
1264774998
169510626
2172743300
983013728
4470002068
836324732
3334148349
3230165817
757173570783043585
211226743
97650801
44370691
3306971873
1062997310
2376789387
465465350
340294381
2484303523
455777345
4342730236
1346055018
2191248370
2398143679
570045852
361960565
487824356
335595246
1249848746
2804118049
510553990
910601880
1041069463
701716640988270593
628772007
353492673
56957163
336442306
2856598563
2380566639
2221331347
729293681832960001
773161248099803137
4069173009
732773769824047104
169248718
569478521
373277341
421965605
115139827
556683592
4915761266
2827860090
545867898
2152381152
768783082736455680
17706954
804271992660758528
313008482
58016005
630264862
745339531566661632
183287158
796633906606964736
585263805
252067587
538885766
36176128
382085343
932888491
51522357
253037330
342280480
732970367434825728
1376992518
433293009
381150459
793166155112386560
236939562
155588864
460275730
1160507178
567159863
970835599
847963362
396218442
389500881
496477841
22827984
435880626
363542054
479677859
138052071
941772781
2521671494
411530100
1251955484
1362048522
716217206753902592
2358221164
419607944
3298321662
904244798
754075999852191744
2364603574
2361085733
713807893875843072
475248885
735888541079732225
1192260607
520206776
1151170046
413778440
25097927
728107134714437633
1722899785
554546400
414331511
868606422
2377363345
2396523013
326226399
804304134
2767355170
33205675
3293573594
2239753448
3613181357
520706665
607236289
242461878
2319258554
178685251
786432845111635968
26216423
1337654743
390814833
783287015865511937
4202021733
354397758
372238164
59272021
3145545058
529290461
490232626
4703605746
463313162
354747398
561447448
271541039
2155070496
800798359430696960
721768316130430978
49319803
717773478213103616
4845999597
1882963957
586675940
499260273
2363670784
510329104
307536134
113075421
828717014
701169921053605888
2821199728
417104189
1303959097
3015642023
1154178326
3056847964
173925687
105210939
2878097184
394729845
736566716210262016
2609222965
568307670
77823743
3055754503
787056705188356096
501178012
3233551233
797008582822821888
1262566346
779271293359325184
708587318786007040
2153812941
738960168768180224
52468851
3135173073
3979916494
772092626107457536
3405599800
875324551
2921447206
3136165793
746723827648978945
32937876
2327373751
2385290202
781359137909248001
4350748833
366252148
2233598039
4872436589
788653482106560513
975335252
78133415
524489307
906224444
2874154983
1300968402
202256562
857753196
1374652910
2352460353
2219545025
2860190313
3077550544
317792814
604619919
4878708910
969804560
602802570
2612652422
514344717
257709473
433612192
3043362960
720198001822732289
455094599
742293529645469696
749963389
491591759
407316124
725262366867378176
1000366015
53046364
1054705531
254646788
415373883
582236593
28528873
2882526197
101280803
339016603
2363684405
406885867
472989062
792894176828485632
453851050
4063692863
1238563154
3264794374
837370934
1565366160
431084648
3107605546
1640547025
496028168
4860559857
586429781
500881322
288929015
577919503
1106912257
537540867
242399306
730685457529511936
775299421705732097
86144313
397893241
2897193045
514243349
3020578613
3194910328
472928902
235323455
470102886
1212975134
784138144870457344
446490092
709468465531322370
318713537
4124138679
899952481
3332720836
97700741
1225509780
469717295
717647109114224640
1036788019
33526991
987220201
486822096
256163349
34187758
3546314488
16213811
1351360772
238909679
704078981591646208
2373805427
845781758
394604317
4895702908
55560545
868187180
2222816851
1462993410
258562609
24405108
1336027495
371814769
433426566
2234825179
724962370880176128
4706971294
4919384266
2958168039
429144484
755882445367566336
1418976222
17053149
1122980041
2307942183
783280828231086080
2580853616
9405912
196111778
973890739
1636129136
3806382809
372245394
144117296
299261662
2515144546
243402188
760996394085806080
3293496178
426849929
394837520
1702730929
803949681722228737
2872974977
435801815
2520677245
1042935356
512987105
2870220975
241289430
3320655053
728568113847996417
3083483560
87950192
3011035791
232559332
169233625
2359465576
238520291
43309580
756950860471660545
383052987
957357619
738803856906301440
543283828
81837035
2442517233
979279446
90636117
702845775617912832
752032310690717696
1032615842
711187023
2858584827
779405054147190784
56449615
430743919
1638278257
752199246997258241
236333273
516778754
462974581
377272505
1063955917
781894109963358208
562846287
637147639
2508778031
4722997649
3233336236
77509020
946288772
419739649
555869032
3928015222
800074358538399746
2455541630
2437403432
2995507655
3254705038
2674541642
477187357
2764299866
2386237696
3587587647
774133777412923393
407685967
54225347
1021541239
778238719878987776
788742242219520000
2198940267
1131717240
1064232619
524493374
741625059123601408
1829960281
777410247698841600
1078134512
2443006233
2234822984
172278444
3154263946
713001370987704320
3158016406
761237376601563136
2844329429
474021846
790269417603162118
147496924
1876212612
264686296
1696619809
627550484
166308250
2433727925
568621322
170747137
2597512767
126000118
17873238
281104969
2607883488
396841926
339066423
68689180
5893702
3152228475
2480352662
2418170407
787905639540555776
853635661
732561151
628183914
623602877
625000187
2198251743
2617684187
77308774
1229391188
4160203479
272317881
432950146
4905744514
14227296
3906213625
75538541
440691898
702455771670380544
4005101235
1199579786
3126770075
22015813
467389922
50674708
482306466
1013535530
1359299438
71210114
803648232144433152
1352301782
1070320532
1174274426
180317088
728807104790794240
1039566296
3630722294
40452175
283636579
1687908140
3427709602
2343161827
423732690
251502882
1278546558
3131346994
774047754834313216
718336279260307457
97189414
3398643791
775033513175314434
2192358781
1070696468
945407058
402135565
417994871
410206647
3720860206
38032906
411196574
3377428947
847536198
340996459
2816606222
801499650222129153
2180073286
459169636
471328170
3131012013
784331797496631296
325127006
268749571
3115484254
389477469
484804704
500122789
1027581487
2958027549
4354338921
3055103145
709479074029240320
1114098782
1562752760
85136516
2178600592
429279647
776436951322943488
697090269859213312
465658194
319769760
392962936
964810638
2149606038
1946899837
4866958593
4186758514
48090650
501598774
2909606831
3312303309
787941432267051008
371749840
803322305610940417
513144334
4092809355
70993476
519270696
386474826
796334964342194178
3305152361
81689292
3123304071
216798636
1038231816
4758052456
428648797
2965811733
1222227577
1867073203
769543337527345152
3391877111
325473654
783319162550644736
470349216
4877601425
1122635904
419721045
1318788918
405832858
928297514
2308389536
1009529635
2390989461
521337019
3405634973
403334506
2364819052
83326299
419544191
203717084
398570282
1254440240
1903628389
781749446908477440
1492509740
800699001687273473
2890764376
1023906182
54849589
2330689508
296717811
17995753
282643059
1341865640
772153767718420481
147290527
2729520336
147543162
580422411
1667528750
1406934528
57439579
2445286363
292203548
425031071
764201799217717248
2965000805
3081135833
2427072883
328463754
1111703173
2487419119
2865677793
917889090
2225589287
2904311573
1676734230
779685782235783168
1887780103
98125196
3115905790
1953446730
379112362
2858398438
124178555
1076119734
53631979
148787137
251663248
81318149
56674519
2360749273
215728045
761203827806789632
1143922956
2277405288
3313351684
482141121
598628475
868671120
4868607605
785089989692493824
2355147860
1409217584
2163884867
2902660673
946282471
102727300
4182142288
713877778681171969
2912599330
30949900
2479620311
2744331992
236956276
1227104677
791374453926166529
2276701689
3378666695
1230470216
310845038
48484178
349810156
708419348478750720
1219977643
3044737421
778195022973923329
418786570
1074597768
1036560565
798743088206319616
481929883
464675744
9820132
892954382
751904098987966464
1283446118
4242565703
283080198
2517301839
367600267
2282008813
135547288
727938981120323585
4579125253
3309946937
746774248715345920
1337596044
4702970784
402180936
3022681938
319166186
417101186
4911191667
3410355807
70602731
258898957
38846888
2240925978
224940210
744518687617593344
2520582142
1094831563
430033435
364452450
555997804
323133173
3342581884
1069116288
3339984820
594767169
2410447644
1050697136
117407713
3384474441
404063825
790099830
2386642032
1351561135
2361360169
974511188
414373079
1717274785
1158164456
2865546393
27992407
2223966992
733973547006201857
4133217027
1372596200
3752394153
707223648986337280
3121299317
2957157748
2628648221
487433518
3402412755
365065358
543874665
3240905590
399010858
1037602873
3639353537
100961915
799667660510416897
1372517456
723554251612499968
1681073648
225453862
3399782626
2166921829
2571102050
2914286685
2902073457
344552830
621194070
1434038420
481287765
854301498
119178709
2974477551
467439918
468806146
620351637
3222791895
337185218
318965193
585968039
51271311
1040162287
164223102
735454622509367297
168976687
1493149598
586375300
8252912
374111956
2594797000
386526692
1880747821
1379069714
2530314205
121190725
701747343339741184
1292021606
497384675
97485734
451428588
416165363
2867322416
362476617
2680027245
4257315664
54187793
716326404707713024
435136836
74305366
47585054
3046529709
788859641082089473
138364373
804080566949859328
495990520
2214275961
2348140042
4197625936
1675230540
322559236
86494166
244869589
499910613
12514212
792329915228127232
2813661651
2527780688
2544957299
2751847457
2942625706
386456950
1379254362
2358348371
776003975921401862
1722369487
368533605
329710075
76615199
471117838
101445331
794495973124874240
68161227
2876447163
380406099
1084193910
780053471722700800
717965900062793729
1636528548
520251134
1876456813
1028499156
2341083257
21859039
19643514
2359496138
51781061
735062260847136769
359879752
79813277
1031528454
1344773354
4033980106
449850313
3378319665
489397857
50286652
3044774409
592688115
342681065
2440183745
304598010
545384133
421953606
1128760278
776702932523839489
1184060185
778900450812764160
1910621256
231967652
2777724153
514714806
4233092909
2463100707
22015750
462336529
2304414910
2363490707
421406745
586401250
366565632
25105210
710829874773155840
783741519564005376
898133066
406523890
191364077
325760306
2437846648
740562673566396416
95913190
2371000552
489562627
748252291959037952
750670310
80639000
48971201
329492939
224226820
313331114
297866031
2781366593
2289505911
738344440851468288
3162195879
2644998883
1454233897
1853678790
1028060143
2351775654
593693314
505772004
339672122
3038103838
2827734168
2954613465
548616993
1068648510
386450799
44839560
2431985092
451483593
3427047832
436171792
2706185665
395548966
777506688316411904
366180331
789443113651699715
418918882
1964557453
756485488278704128
1225534116
289833088
755320994131247104
2375661338
426515004
4851423724
1707513894
780095104132509696
785773375385923584
553523926
103596196
1280953482
2903545671
946701314
3233625838
454088602
723203630917136384
746022877653241856
600136789
381990313
1101689227
802059051064561664
793071301200113665
108390188
3385105642
779306269190553601
151597193
22615495
84300444
714927852152561670
1274882076
13727692
3067467537
714896919349346304
717452216840429569
3673796295
796720508427452416
2364670551
847892292
3295658451
810919795
186399539
2350173428
934197043
1308491004
260230310
2319131287
1528013437
50292364
2491194481
340847319
2692227380
2249959502
3331059982
23460272
904438754
47880910
599268299
14900051
2296207141
1067984269
51393096
126883491
247726328
1044932990
888296226
263037408
529431381
1105814539
539997390
288339892
716591970106417152
716911634871160832
4744618343
789001282514198528
20432064
4836437745
156316785
2846751645
499085030
1446871488
3118963961
2654152260
562440912
599497975
775301877512675328
799754734315782144
1028662526
2341326693
706749882514731008
2232688633
41689819
793414057223135232
2294481057
280242927
481154512
14460250
490602212
361341817
1434133657
413025596
3741473963
2223407550
2532491303
1420323073
606731466
74693664
2845429815
1016215621
522272749
3394261233
2927049323
4699832330
2466589783
701513839989358592
758876073614454784
593523410
229801419
69405600
842063576
900247297
777789093640040448
3130552521
1443706704
3433894977
1737163674
747451360715616257
230402050
2195380902
593582642
710525705277325313
3063216130
592489826
1216273854
295535267
1499706972
1044303800
121424128
986811270
2436608759
150046203
775294620259483648
218067973
733383127381487617
782643007
236565724
796340446221963264
789012950585643008
608125539
2954907201
723094218734862336
2351805974
1843782967
2862216426
52362602
773074386
524745118
4076789541
373219208
119495852
2280648054
3117906651
2331861340
715624015
2508295280
180707741
1390344757
2871007953
1048095474
197056224
829507466
391237371
46715834
274202080
785908587608481792
717393342686961664
1326609169
1880399689
1876822644
423768796
2420586324
146010269
522567091
704996147
1248046735
318601197
4299066556
791562057183133697
3119071163
776474823547555840
1927387476
2583026273
2800729570
1191533341
238990492
1908575102
1419854173
567278450
735175269695115266
756085177709916161
564388390
1734254454
755028067517693953
252245001
415129119
2959917485
1472353806
493260423
1128044090
1875403849
2361146452
2311916317
2615032505
884774786
503215196
48967204
779986090707021824
428897370
372208149
2191894196
20430345
4806536835
1715437566
152037698
703596145411563524
448631884
2812859778
2290924705
593547387
3422769471
2464437033
4196215025
2479999514
425153508
418662548
39273093
737633633356369921
410208486
738067590212378624
39975495
4061316509
798573571723423744
800282029254246400
862812493
124236178
420437976
439386203
1429916701
2217674274
2399247913
2243798055
109337854
989322810
786865600115204096
2343732192
803938208836947969
1001303996
2631647879
1298737056
196560266
609965522
2369953109
1154237778
1140098112
414646088
449736439
3327004810
735788453737041921
795749937157931009
419951447
2281936099
725828917
387345110
3202597630
722539689446674432
1058440837
1117576526
2365807541
379984058
553445128
2497086351
1164188192
723538940502913024
452461228
1215863226
733661694027829248
519667200
303347593
243703728
1545029150
800006070777298944
4446307913
955314738
133692338
4133259777
14394318
192277509
766644219930873860
1556491195
628380486
15106767
2868803500
1106896303
985118000
77893023
4845403365
800001302
231764379
576362054
2494203453
444665671
922711819
407636372
3918540497
804304569761144832
731131129336627200
34883730
97952419
3357308483
1079226488
489818698
703695640782618624
51727698
2571076707
1266792668
72132769
2373624002
4130639901
360868017
2318623488
125213973
726281638821412865
1170127518
3610537156
1009626624
489291238
541670926
484881943
286544227
390004968
800125454
1050593575
1209547698
374145405
1280190198
1109152964
2861197613
354816962
245960120
1073356891
1166637379
2717902222
2856871329
298532531
542526244
878026549
712430129763512325
85543043
2436489082
618985031
3322478014
413215193
2424988655
2347290581
789842195775971328
715687585
2184184290
2902258413
756546140644974596
3131977982
1745966046
982667311
772136635928633344
999278988
1216444724
1238996869
1077740636
1208620304
744573198163939328
250171655
3360251476
546015671
3879187997
599456533
430169858
498031195
262258254
3399848795
264674074
379189837
1314549691
556650372
551202543
534655010
3543518537
396591679
3121456870
13294452
420647354
189664536
473166234
1114474675
545978235
1041804853
323449293
535489574
492928925
535729333
850940348
3105612117
908126539
447923082
382650535
7414282
3395984483
418531608
320725662
456976486
384192964
557803659
4849677359
224799997
436870309
4125755319
487914485
324254835
540718926
604899762
1360232630
2720583173
400321579
479645953
532545883
519731238
587281863
745228268
490663784
3020693140
1034769188
715979798275821568
989645683
744961229853167616
1268297346
96089113
47373547
3164390831
436124417
4173459970
556145650
574849235
1000045820
569820566
1611260352
482403856
1573352107
1077077449
489421781
943625054
2194894268
245715438
570144271
4188604709
415185894
399404980
3036835001
413010349
2508437306
2490943567
3332448431
175557941
259898941
493318360
136971453
26982622
634629867
3641846835
802569490324193280
2199633606
2311945255
493224817
717334646405611525
2942381427
772030120097935360
79385667
791755612979888128
1374923707
4227664641
282484568
1092735302
1631136115
2811388466
1050589128
801504624
275994776
2181992971
440977656
45532597
415387207
3247960643
2220186288
2354818038
694638444807610368
1079592241
109640788
4775464589
431658112
2352059977
483725781
3408525531
3094278383
2562622972
1368048013
545063550
3136892145
519335913
803951825112231937
1021727540
418028983
1236902449
4786466487
329196856
1288209314
706067859550695426
792455432765894656
34649922
1617753811
527516661
366840828
2914144864
832613244
2725663345
791281665125543938
406453295
486146467
4098447160
1556259583
377389027
2324049793
2572838813
245328223
3015242813
71193744
450121688
528649172
297548565
3012254517
435697521
722919613
1082984088
809727294
3338622107
500103357
383783096
3295039204
8558742
786276460080209920
164687938
778304305434595331
382052171
1011561122
325165914
756921009882759168
724245672434765825
1219792052
2532689280
311381225
733032658943541248
569492527
3610762348
707656621795713025
1919237072
335435063
498125899
164320486
529561745
115675193
2788765798
1673607168
704431464524423168
985080900
788291127384367105
460176241
1435095462
721303651575341057
2328923415
3060987945
2436176891
1011151154
542327855
244867902
707605903328075777
129443586
490373717
2318991212
12660582
776453054149296128
1160328079
373977897
606494426
754009225911758848
96109716
957425850
721466546279817217
381526818
462026678
3313002219
4868655040
51757652
477654724
396387534
486040055
3758739195
400273310
3037744342
858517812
410852015
1456631540
1062583370
798918340999872512
960666673
715574358350163970
368950045
1331730614
612793180
46224994
46928097
975016903
87467449
304865987
764870336894603264
2380747454
848045168
721281920747839488
475827565
759742279955263488
1076537990
307278565
2892534323
463748796
2786595941
768885077069721600
160011017
272941891
248734017
3322620622
3395014151
1257876535
3368018859
428300383
4525011809
720515573
3072664510
147661405
163860196
411011613
35804051
427357728
612831033
105509137
754738926083010560
3880191809
3293794476
2538895314
1148226661
2823377296
1958640014
4187567045
417370434
2803441027
396564186
310195119
4204859608
415088731
3407698420
843757543
2714350413
3176594760
42113491
335292394
1405314698
321469139
3222096079
96233686
1092670394
2754433723
365770924
718137526783967233
403444000
610814425
734074574275514368
781034881073684480
701359002496716800
224759837
421810729
718126630670098432
609406199
1189817647
400663633
141529750
703607966
986828390
2472634306
2752353844
113380928
2857413639
356353903
767996964118097920
276557542
771821289669533696
724952777240248320
761243555788619777
95503892
4359734896
551979725
4860266019
724154607254011905
516631427
115509479
123943257
3825308554
149097320
500174528
608359188
527778059
410876976
1301012280
769960650
1884220010
142423926
3860196976
608063632
3256271740
104798720
2986513055
367161949
508645944
2181837838
1887395294
341989260
1026985548
1032237176
420905398
358677461
2889852755
729616747272245248
1664743039
3094312457
602574015
3985072012
26760769
440737015
740069666106802176
783020674952626176
2361510583
1480178468
463009167
1328476232
386041299
392046617
123903173
278273822
158949892
376435133
871589084
83920877
238268991
787595292
2375114416
418814614
590188450
2359620656
420194671
1361634884
106699882
508768772
1394460469
4915900165
593742754
582646248
508747838
1605178177
3195775203
404048864
875178422
776116078124687360
535447658
1032240782
497298464
2781747366
429881927
602182097
408766834
486759593
485841317
703215154897485826
2574560504
3117151365
752010888
3929305397
790567158489153536
235171152
3241670374
3385958710
229848654
72257237
83185672
523251306
402803669
1070923920
729981130007531520
2180831464
732954867833176064
2263606787
764140480775020544
779641199040798721
133673973
2431061097
83126449
2373588490
2873811161
76616277
1092084720
803770735957344262
753519234710376449
14145846
425739679
2342856875
15424735
242392452
3676997313
788723015089524736
2784216706
3365915002
781954997806370822
724560206152216583
1123148515
292649689
407685623
2409081446
1008971185
2722863047
3468716363
440724583
557827565
581069910
465390684
16362643
22887971
1339993381
61811875
722053268587855872
167341717
138530001
2816638404
2188803397
73445989
934035138
1385223960
428915501
273853899
1312048352
760015703101546496
89212874
803299268136173574
1138200559
3169603576
1458010693
782126365315371008
263046135
727844588459835393
622020182
794174439072133120
1194727632
1071185384
4024506411
17565436
408246656
348502260
773929798192300032
4896181677
418253203
182113694
6827962
399624734
314392100
317680130
2398177411
844743386
2963152966
800148156973363200
2306091538
1369521278
2345206182
2480246000
620081055
2222239096
444398234
1080507391
30218895
18680083
402341164
470404668
418762910
1083273792
3154630425
746053497750228993
3323385291
1472290938
37434853
203958586
266066911
427418997
722872031553806336
287793277
444225252
1054906759
479289781
325804266
1056227316
4195440875
3028280830
2190019526
2529634825
416439103
794302419203215371
752726608272846849
3662356395
732287754483142657
3631947141
13514762
599651301
1402688845
2308488378
1108966327
1392931717
2778061603
440152678
799365446688456704
429847277
343370530
424153335
3039699201
385252844
398023821
1447157665
1135800156
702623157518209024
378212883
557584682
758178577909153796
504973589
1536031052
200888646
2300311050
3069843927
1872223814
3318877703
3007395941
68006505
837804025
300888596
1102216892
485521993
1086700214
1088527944
432733277
855232669
1221335432
1116671611
102672182
2907953530
3984178583
575347900
446903999
2749566881
17715444
799642016888012800
3309458867
420405373
28352615
31512850
437792046
446090752
317975293
407299582
970936674
1566395436
551104825
3241758183
1591737049
821776178
736491984081281024
515698229
792731002900709376
855180290
151463135
4899487839
53139843
1732490672
234426659
786491581503156225
734725512950603776
114179008
417094749
51285035
1103554206
2832335447
485963632
714382420
930194618
4887827675
2904967810
401710943
749984254923243525
871504855
294482809
75563024
288204711
4165015275
1966711322
281966090
318332496
966699302
776016576
2429092036
61081513
72331470
3958002443
532610405
800264905
15178183
201789369
293504218
70380540
1263019249
1036983026
3457493836
219159765
547500719
533473166
122016493
396597980
412080599
255499883
788875940575215620
778924404617207808
2951279819
2797716593
2473348917
1130420497
585397603
1930085377
527477202
478647183
1710006104
492474319
794582375867052036
1220072246
1171486081
776166990146834432
497763567
467232496
802176344515866624
1412775048
117782283
1450171
428880267
375709660
2936766136
634912538
783740138660700160
264673317
4195937194
570178300
114221945
984744980
2182257900
517581277
2221331701
199230149
16823683
204059855
3030465038
517721087
1043113560
22901191
623936681
1439633221
2193041926
1143351211
4745173942
77207264
489301209
3321293566
229082336
843770665
1048968648
1316630180
1190659814
1008326401
583980924
46934586
1432794030
2574266145
796759446370271232
1933284714
885661050
776513891060813825
14451153
317628440
18935802
734839351
1089391746
1578013482
787642636693798912
724517000060518400
411076021
1412500075
317305371
1176872574
2163514121
773956774932127744
2365532641
493054513
254704627
1201274174
363650198
482197018
421110631
794535156291866624
441851951
1394582718
415437027
1248607890
3347934334
2569588048
838223696
474026222
986866543
776488765183459328
484968881
1096629289
471232887
22609483
500297242
449819882
2225039966
379166924
410910327
4003940735
451410343
232908749
4823965924
3931969841
481475713
2172441530
1327684639
2315451092
3194234525
968459856
497752969
803354984440020993
4872050638
4922341
2308628263
3527260401
122665594
2993021697
422646193
899978641
781483367434969088
2464828514
795590799736078336
199264427
898298473
2895710387
603612465
402863215
2221450163
705029912265097218
242071863
241544501
581310185
445626690
1632825432
585883841
254683319
3995124705
415071140
498085187
2184159493
445499387
1857838688
1489965936
2190915769
749486426543288320
469273038
999773377
915191390
785481697462718465
45095424
467361179
947323542
108262067
2997976379
1063034107
741184122505289728
715686073
3049683939
243120841
1952706475
734286883182813188
1608647216
3873875115
2899612829
269856706
61751856
133000879
426712009
735022891583016960
2413327976
1595545141
486478353
713852625867960320
2432208854
413883500
2436261898
4244881703
345591693
569680694
71529985
847114458
1222000628
386226952
747906736930037764
399314100
405498561
476976196
112807659
45415143
618868174
795565851265159168
2316274661
399589131
1225148376
2862461084
777963073
775632857993797633
874822747
500582673
2296057788
2466472062
726031112632471552
598528444
724912659162865665
2776699463
332885533
2550102229
1043376626
948311107
868049126
337155946
919526072
1267065014
1100350039
3093445126
756230260971012096
1261559155
444943220
1122681396
739547121095966720
3356708404
332403969
734704904804159488
2900782241
591144361
2781784450
3293781916
3688803513
1854517788
88017073
3156492300
3014801056
2588246800
754232386259476481
396743688
1962493526
2707601247
1627601215
2527788012
2695502666
418210914
542549596
919355984
925874496
572661442
2361394675
495036664
569920608
758028983208468480
1037526320
246377592
113185359
963938472
25676606
377199894
3398885945
298123237
318414872
1137916604
409448246
598279585
719855009928716288
913038170
1274346252
557632715
2338806398
2247685699
277573955
