216003080
1971485982
1171945117
372273460
2825910696
366332600
153748622
799248233981759488
2511415512
160556117
16986506
1474213489
361808481
1389042925
287586387
472780261
3334952776
934053559
338660611
422340734
194972957
14507975
1251907262
300744871
1860935300
415619638
365375902
4824031401
74707629
62459428
2241896284
4883355514
499128183
74544145
2948661737
596821309
868298592
192258181
1230556524
1524453986
459601113
1307016348
418743064
1675513404
453385088
701425649169338368
3042805982
784854175
791269727830237184
2150969605
3433378229
736257667568635904
4655664915
497021694
13728662
799999773818363905
520617010
519365999
553715474
2251943851
782312271200522240
1914960499
3038624596
133461180
443187387
348744693
1338839544
413354451
3344602462
1710375336
1883752308
553321184
2629123617
437635996
2236793966
529597945
1080882642
2170742693
3426670696
460064675
157091683
2403776046
1343971794
1040220258
80583467
825247129
45120224
1941528318
190688480
394598844
1012066934
397199507
2296784245
2927551738
1040920220
417196887
777025956078813184
245048586
4924035922
1285422270
282624338
767772101503836161
780303584936202240
19623421
186221116
4244953881
484127871
785540126277570560
191488665
9619082
2333203880
732286939316011008
3320747710
1238622974
989346433
1139825378
2773268453
211721790
700397826824654848
312572813
463969453
1638861805
787954994171506689
946207634
2829102190
3072354119
1318601540
104430215
3387206505
1261822464
969973250
343239720
2526968245
715593055789826048
1619769668
2716420332
2148746163
44395683
20940320
1387006716
1447003466
589286587
706983565838385152
2924944360
167085694
2450305403
436640636
606823551
1041743982
2488268792
906349453
2469173094
524807407
403051679
3957645843
2497838698
1200977984
427546521
804638937356632064
433481180
3349425513
3294901019
374743672
1381974631
1331086867
17880873
2310261690
507697095
2199548284
578838113
83386342
561823534
293484907
917243564
745916794100125696
1421381328
2850135335
1288700246
2576566518
617404862
1065507722
801532114139250688
2762706833
444807091
4164602849
2817618494
804232112555651072
522454023
115623241
2548419224
788474975422443520
716413277
1133516726
2192271144
2468306143
985254589
396237618
345475530
899385834
342118728
464045620
3228329063
728120974223118336
228051072
371781632
324946999
722850803464015872
313978999
156239686
4854132653
345488835
1205594306
4184943027
584739670
4910859243
2850858044
3871871513
715782891586908160
2427705645
804255964178345984
410623684
3169131753
1270339064
2815678435
1346509117
71491680
982932835
519360327
793787252040142848
734053598884139008
499227001
1947149755
1007131807
368769631
776475984673505280
3289742169
2950133739
731920891735605248
2363271545
313199623
1077801097
2212485620
2733559859
845500196
126970118
1145799926
2737028641
253018145
1191558961
3025368046
152442726
801783651977613312
1235372959
719307983856001029
708429391
794092015634051073
2192778853
1106530849
412200626
483046948
1227596455
2189147798
4833429358
424572542
722327438223663104
578946799
507443695
3346569904
3217711420
1269539851
1667419908
554333061
2391369431
2444235358
2400294800
414660035
2788453788
159760914
780342597458034692
429203153
497382403
804632834501644289
2495079298
85657467
2166335324
2502131693
851621720
715828512
1134483002
2242729885
496117967
397147405
2332571271
1719583506
545000238
282111513
2199795114
584086024
3263800121
3577040423
777777871
398209378
734293401785499648
3480866369
2188896114
700630516043649024
401650330
1179962942
743853432793079808
42663404
128695226
369728921
2868084261
1229273522
1617496921
2424020059
729563331783208961
3243222784
2358355020
800750620818800640
1093512139
864123438
731252371226042369
788047861342691328
772177045820506112
776479770502651904
706097800040357889
1100633432
2377659242
455254102
735045646005227520
478026574
2149265671
2902050336
1382274499
462764304
14523150
579271577
460496380
233245609
356404890
4735924216
554336117
1386808813
1328664937
3334850685
863596795
382203329
4894576517
2304978866
717319878542245888
964876040
2948863234
1064357792
761303645518499840
535318339
366639902
155514374
2224891988
438849246
2335367718
803350148143316992
4358642595
406127621
4838146889
116254234
5922292
632742781
473659309
2753392599
3374467005
4058624363
713498795347218432
1016248057
3226558563
2365252169
17268435
3866051891
1111297184
776453763624214528
1168797480
3243909749
44948272
1465205899
604751808
758935701698191361
518523870
742397759991480320
2684536234
720617956540026881
789144305264910336
1357159903
1364981654
174197510
2410911599
3010605299
1012718378
15491749
134206590
1482397633
91206257
2184362212
3251588698
3345161205
2148602272
1068491160
1229121186
3389543081
3002121761
428994978
55404019
702443682126041089
3201052948
710375589
209618253
1228391671
729221180985618433
518743903
221179969
1114715887
703664439044734976
1064261450
1278423985
307741565
459441699
793096447914827776
537662962
556818121
932478324
414993771
2352631876
1257881796
787432374237822977
1719811099
4857416872
738932299
613387563
4920749673
503452485
2888908630
2452618380
2201613873
3436590851
55027498
718831473101520896
1394277882
289400495
204791100
2257427185
2186217137
2727239123
1080493914
105092185
909935803
428393835
595267886
2197175103
747460891885604865
1156454910
2343512623
480611717
951368623
3064138162
26295447
1911991346
779789249407254528
67006079
3291485625
3042211947
794287344715235328
45523540
746008230757867520
418508915
11080682
798086349316378624
1119665262
416402068
2723369673
2762345533
785299243
870445994
275434452
4327485993
2186975672
3040555925
2512327216
146752258
1175424128
3005727892
802921215715405824
437786863
1547897641
4898235652
438339383
798202174190866432
949372327
1048802419
2589552909
122476603
452432240
368491867
161044379
38196064
2343639954
240401072
241608899
365304824
752614673237831680
570274433
412940741
491142862
971840395
970504938
1504584834
530990399
594559435
458700330
3034643483
4914382227
3241512717
2716446892
3199220876
2568515717
2833760769
134554873
2925423826
1345163496
565784508
838485198
711105714937323520
857004631
2992011118
791361224252489728
802200796368687105
9808092
553392203
1712830392
726042185779519488
2279477919
419862356
400654283
542146146
700841898
574396225
58868395
4928491697
449717780
1274581027
396691435
1070911692
492121189
721911823
246840871
3154086009
2350743580
2703902763
278743750
956196204
2787878581
2158195314
32130104
2767985158
2951442201
265017059
1870754606
344767294
22757909
1221995204
2597549564
64239109
1661062764
908951064
752816796026175488
821799522
3007848857
1075391245
633595333
2847984473
3018290121
1039534922
240642244
944606934
128844770
842320472
2785117733
852675379
1127733265
22659500
451473769
306396502
747147930742755328
2788783275
2587940700
776867281880178688
530969708
928203079
1357263476
1230361375
261757783
2412507160
2350615438
125786855
704558982
298248825
732206617341595650
4838231290
4914304701
1377320102
1325008650
484893458
3068039679
701723329
801055910747586561
399948614
455110436
9055772
732701339801780224
4489541657
8672302
1175727986
2359406918
2293406660
108434084
4050739455
883065655
784340188679974913
3777004277
467573735
2971741504
22833587
1960868090
2501851306
3229041533
377429760
4318680568
775636532
2366761307
458632561
731040814143553536
4174063036
738090520866623489
300798803
700711798454898689
548252030
3019629387
702931234
277015964
401308330
1672302936
2221404476
504661653
124482859
1079446351
2375448565
750612188688154624
4910051933
573648634
1548872300
4160599461
484850334
701456941894266884
2420202672
1372461787
17214580
2725221087
239878288
490736218
830081490
2873576710
4452313697
1853857640
2221874484
765631835086917633
85060556
390753281
788717815528353792
3041758444
260317931
742397869
19067940
792675932414803968
3227318753
2608779441
474672860
2956811146
2573479167
479865593
1007334655
477757835
735162920
2884770762
3474585855
464855487
803502325029605376
406860321
1078203781
916593962
370639956
95647096
461088423
412941225
4419241582
1024976264
399374372
719936001968381952
2409273144
1077736116
709437969241866240
804257184536297473
1294174362
38693247
16145985
2467497190
3057389291
2471307470
800371833363017728
799219281451958272
804622234392338432
2397659735
630177246
424168278
952009314
2967886673
1916736956
803711058779271168
1369005530
418639778
746040936279474176
1228485109
3068966572
138539547
398032197
455266241
385980814
420312926
733695386846662657
1076089766
3424436500
435285639
462829190
396592594
382539264
1919132101
401612847
469584786
1680697170
2990250646
3629322863
3764059997
2740549287
596702756
785129133009494021
1266649207
2168716042
1200882961
863020105
4342920694
1189743062
384881122
715142277652484096
414354427
771613884
2706535910
3574771937
770466882
2173027221
795564464829595648
583037362
383888615
1013911981
1175736948
930659928
52332450
3720121229
3796440797
710311520
74156712
378014511
784398647471595520
3772136069
3201116973
1357640916
3172561779
3288686555
787555225678864384
3184558807
1330873988
784071937823760384
589445550
403544693
502118586
2225915403
568604367
3434577971
518665906
544183052
401407144
168623825
2466067561
3299546625
564148431
891579169
1664604020
709634135288111105
2402307408
420186908
2853718191
439237901
1261316370
759511811964231684
374385397
2699999945
1283811182
316466266
415423066
803169294389510144
1039654752
16830613
1357773991
118978778
712917292955385856
1307698028
953542285
945989622
22799265
341980981
446929182
739538599918571520
63419089
413159874
762337563025760257
2481871779
477543705
15144611
3324994840
500243289
706397427
916522718
815758254
260626836
1527062406
390819984
483384295
62038434
126269904
1201691502
802626172802764800
473021625
1040606185
2819178244
1306718947
127599374
1031176249
1262703662
406324316
790097962978467840
533692413
976243140
2816273194
293560915
498308143
328020740
2970189689
405792460
3130683383
1860102823
382133673
348141611
804474360862019586
1221343388
705631911473864710
4924594492
2221318495
3099675839
773240110120927232
105616077
892707241
426114352
4209276022
1085676949
745004825738346496
4318424669
474746645
342077520
217939114
1219056841
1594040222
2246257107
421433392
81075901
90139268
2795593730
561473002
4860111165
1039674703
3399075250
590781553
2754876919
4208501391
426622703
4039568062
417947467
2352305154
491140594
883099326
1534486934
581752139
2490158805
614540697
3209081
47683227
481920011
790054314328940545
2260660337
4905617759
455700963
771669650761404417
409089494
2257560786
3852509535
791628536557793280
472186470
2435638248
2418921020
2207172466
481314037
706841301
50334591
785934232698904576
476053480
553772651
24528997
1551547838
417260423
894946183
3025432512
882473480
501674305
803617893464215556
1586227562
76769340
4870860898
1334666292
1176472178
404088514
347497240
757644822748524544
468286215
487403439
281884852
224752847
124528185
472335341
39028896
634020827
1357198874
325771154
516918398
167014241
1249365224
62469494
2703729438
456894487
501874833
95441446
483635358
1037740650
416157197
119902223
57251373
271654618
2434012031
2371137846
49060410
730034081698877443
1556455656
2397844595
423531049
558101743
595878183
194308406
719751136
275102486
2221319742
728295648
784165978905120768
395172198
2476818032
2726498655
995345934
405443137
2940999287
1068702612
720978207437144064
61212638
743514238493278208
2432948813
803361578087251968
412514464
52375621
416539898
526735998
4538879955
469750828
2440237919
55527972
482107935
2554859694
370345381
461190832
1046050586
425236969
769128592299134977
3373955686
4125338663
29411470
711843915293396992
4275490114
574072662
249099263
239411530
332894847
363160035
24252705
124836934
479604138
2170527625
1069206085
803583904376569856
786445441
354901534
486787100
411041852
92058239
1913892218
1921210748
218931858
1118851009
331763256
334715057
2361317193
532463016
434839840
4385175135
1069263193
456082255
58439589
761663528
408068270
1162344666
4863618933
468777277
617201169
2416492224
733785341476384769
760547032625020929
4755949588
402352368
28433379
792051353921134592
1120362086
2503935596
603005791
507006278
1854355219
255674310
1382206622
116685125
2191680460
90501249
795945148135915520
2935824485
470113437
447439107
722684492
761818936614805504
487465768
749991934165385217
861373158
840284599
379256309
3166034463
2511962844
1344131071
77031813
4701923905
395520606
1520277540
303219287
749617259849584640
52354783
181178915
1546218236
1897927194
2487102222
4646720549
539238012
4142762261
373563902
39454080
751519120043175940
2442105406
1921207994
441651345
3049129313
291951565
138772797
318549168
440932233
22705731
249625261
1037713867
2973007930
73971750
384690779
4858595345
470180296
117701249
224619251
901788835
4664853389
801747385949028354
393519608
336507961
1278624774
345918295
578086978
2773376409
3387135933
73065144
1388488790
4916390609
213616021
4063380377
1477028552
1725558426
475234937
341627555
50104200
2203686361
748179751660052480
14060013
1357675208
520666162
804008103222054912
1488338479
454311330
2898075617
788754158241378305
368772601
1031879690
482480981
1150670402
4716282147
539865019
184015853
356031456
1275239096
799522939792195584
50249412
3101946463
3415357985
243627014
2205598141
957115429
366258436
316364685
214475387
2200075155
1284294343
3072009003
1876700449
2829961320
1316245117
1009243501
3332411590
2656984642
4876680137
772766178313904129
1307442482
225490204
580344256
2203598177
899672546
96736190
2508257327
501061708
136232653
1927339682
541178236
1732239386
4635341237
2203488436
2182218816
1131812641
504993602
2149138327
257499288
1110202813
419285776
730777400745791489
85590368
266700017
748815242835075073
281904941
19592755
774917832228343808
467659856
324262863
1328735738
1017310213
1482223236
2328471661
2182923351
735551927392567297
2161648892
696214495543296000
725291215026032640
3224669813
333498140
222453488
782577416548020225
430995535
1384894520
401687825
3207310307
777879171993337856
572426495
785150345135677445
2241274927
396756630
2567121758
396103010
1377373874
22129679
796237284
3001188891
2267787658
766601799155449857
331629012
2296569134
706596340306984961
782585681990279168
503199826
763353589347672064
488895138
1565438304
4830432723
434180931
410631936
403652993
962612156
454185506
190964538
1341254522
1608490903
332522093
414634390
326144852
50251798
98088844
3337657533
1264774998
791920705340182529
413217587
2919170415
211191573
3230165817
1317253111
461163988
1345269470
377430097
215270850
4432360889
1320264439
3251331238
2461382070
436833006
1538732857
775421050054139906
361960565
487824356
499102941
37619931
414692154
518553053
353492673
2732492729
336442306
1228536066
9113092
2260295838
791439786
2221331347
372191158
965239081
804410479540105217
507555986
773161248099803137
4069173009
732773769824047104
511961726
2330865256
166094661
533526676
989695621
115139827
342588019
2152381152
703927942192173056
768783082736455680
2367102656
355122344
2400326462
796633906606964736
407898601
2231919056
436239851
3401227875
945585757
777145679181471744
4017914423
1015440260
433293009
793166155112386560
4459087695
950513972
460275730
475956693
567159863
3395020235
560548365
2858721511
417196979
2178758289
484133390
594042443
1057930387
396218442
4864664511
496477841
1163796132
4883029437
94788246
363542054
756606084413087744
1295297316
2355253204
941772781
544388330
41221907
3439145415
637254997
804354408
716217206753902592
779407172832821248
2282030010
904244798
802869362264829952
2364603574
411670414
482137874
735888541079732225
2932010800
528493399
553784534
728107134714437633
3091275909
4784064395
3130657370
768399420367011841
3346047160
193269654
2377363345
984640950
3912089235
2396523013
1470706141
2170098151
1476718243
2792050237
119522838
3613181357
385512892
327406661
448039159
601134365
390814833
4882739453
469398862
49285071
708801020
3322548533
2225431370
2741727190
2155070496
5579402
101218055
800798359430696960
748814836595826688
198633968
4845999597
2363670784
2215848484
307536134
293518432
113075421
2447883613
457622220
166161984
2238011889
173925687
109573130
394729845
435663871
736566716210262016
787069568086867968
307781832
209249028
453821249
1532077525
353575520
978514940
2183769826
1357710228
445611250
463841107
711908751209537536
797008582822821888
708587318786007040
2153812941
219995423
3135173073
434333043
441483457
930416396
137315106
4259508101
2177262113
1259906438
1088783053
2921447206
539157045
585845073
76015496
2385290202
2327373751
781359137909248001
341996757
221786478
3433661590
3183738556
2882593798
298996098
745595735966613504
26319569
113050066
2612652422
602802570
3043362960
1193780617
720198001822732289
800327474106101761
4885620221
607981040
491591759
961048572
417209008
780667395002118144
1000366015
498658028
630918299
407983705
149060372
496343408
289866230
144585161
1278202914
168586183
2245662505
103809135
3075472505
2882526197
1693164817
479832408
754440616487055364
4812464489
768460411628838912
425759519
3290370616
868181893
258400230
946620907
706051793843843072
373423842
2196158901
912845659
431084648
491318883
15712835
2828057292
1118920148
755104913139568643
2524993797
775299421705732097
397893241
727418955074293764
3020578613
776686108289667072
1108512408
2288512031
235323455
2850871143
302450661
443708574
446490092
288854744
3330461728
760935300189356032
463483195
395327805
899952481
484283827
3332720836
788419621426782208
1225509780
97700741
711937157234106369
773378492
2251958424
2391598947
194310769
2166568844
2234253145
702128508835860480
635191741
949425925
1357715070
2158966523
162468280
433227573
423726677
845781758
590833841
1121935962
562166504
514599314
2222816851
1879889592
525905151
771042114188742656
1336027495
2282228803
2430152420
1045560134
4706971294
3065831547
1260037848
2958168039
702973559279394816
1087094706
755882445367566336
1306691233
1122980041
739778677722992640
1918247922
1337403674
440247035
881565745
1852450694
749779490
9405912
1391463475
776366439632605185
2160731013
372245394
144117296
295592416
2515144546
2172507394
4909508512
2841791595
1030996831
72248630
1073802740
24608545
234583839
85557887
2353012439
35245638
47170794
406360666
3307165198
157131465
786225772226678785
783929423053676544
2281925530
978759398
4076656275
2972919280
244865065
36182841
587805027
2870220975
3320655053
3083483560
3011035791
87950192
388190082
964460408
2359465576
1652968850
739740119477915648
1055346697
3017874879
388150035
2442517233
876655723
1032615842
1201012040
798535442610188289
700901262
2219899278
104270122
1638278257
396836245
2869471262
236333273
2987996997
462974581
377272505
2362829526
2465224970
114712439
1870961815
191814638
562846287
553646924
295961054
2190892188
3001581299
1264056133
38438354
1510136666
400383332
16418144
2995507655
456508187
728267401
477187357
722148199797035008
4187739622
980610223
2359448190
957427112
507768657
33521233
427564624
1440629558
2553199141
774133777412923393
504631659
803962307474849794
267247302
1021541239
4738886235
1926516720
801919542230470656
1064232619
62040984
391620881
1829960281
1606650468
465471132
624543149
381058257
707302113093799936
8266162
790269417603162118
2728402871
475908911
2941026292
1876212612
1063141806
471859605
79397446
2597512767
1490717322
154289060
803288617422647301
396841926
63152361
2753018300
715843852842713088
482861607
2480352662
853635661
68421930
215374702
2734369037
925089097
752238593742168064
4160203479
58033969
725664950
360518583
3906213625
88725905
708270672817082369
2434445726
3345485428
752617406191767552
2256124088
2919375467
3200053252
1359299438
465557489
1352301782
1037651766
722008053491580928
1894270790
728807104790794240
180317088
144199196
1262157433
3310422237
283636579
111933671
423732690
2872502326
993135720
3911482575
962311958
1190157246
3405754877
2800197810
4866039789
476627549
722062343673376770
3398643791
2291700139
447231795
1876984472
498964636
3720860206
38032906
1176618985
3082586581
81599206
2621194049
527318573
764542387750305792
706711917
471328170
958322611
1024520136
268749571
840184051
100610543
976600392
4354338921
3115489930
733743405751271424
3310355760
1114098782
1562752760
738092501853216768
85136516
765965375792148480
729277064147275776
1016105090
964810638
2149606038
781821141858091008
4186758514
1034417863
48090650
1211994655
501598774
423280813
783427641298808832
3312303309
787941432267051008
86061126
1051114320
371749840
2563368064
3833101347
838458120
55303604
962724564
4643960487
1348840861
627128494
532163319
1147448544
513144334
796334964342194178
3374587240
754593317313216512
1251326239
2518577318
549105829
3458047347
74301788
16867526
760795645871583232
1593579625
960574614
799900104123707392
1409766889
1150449175
382562043
769543337527345152
599940695
742469305976098817
4534673776
572056299
1053176233
4868432043
2565509048
1337049217
2356846439
1518874812
782820304854933504
2767422555
3405634973
83326299
2732066485
2936705943
398570282
1903628389
100152848
972884324
113888163
1008958405
1374460555
38573759
781749446908477440
50246502
26248589
786541347750588419
78653081
1023906182
54849589
2698697022
438700919
2860101424
754269659998855168
4714030515
386440603
282643059
2729520336
147543162
580422411
83072323
540264278
3027478686
2569072195
430741049
434309073
3000604564
2990072992
2965000805
3081135833
804031502229110794
2427072883
4472938067
592806834
328172814
58052287
351724012
488234925
384948399
1151177190
864703938
3115905790
470384469
2225639237
830931973
25499078
4326503175
2962772146
2605945762
544952446
148787137
523255151
1908263497
4733150242
973525898
251663248
3256433748
56674519
1259041459
2360749273
761203827806789632
2909491005
1143922956
3313351684
797787538844958720
2224062058
1278510602
801009914546188288
785089989692493824
541659611
500804936
946282471
4182142288
133652275
2391603191
2479620311
1657974800
821719770
1219977643
3317586231
778195022973923329
2549528592
14084272
481929883
434505068
464675744
9820132
28954941
2281231953
283080198
2517301839
2282008813
1333864027
135547288
4579125253
125941209
755882426530922496
3309946937
2794273817
4702970784
319166186
417101186
697447492112269312
3166400685
1065387764
48312239
1347003716
558892344
430033435
252316883
944269080
1179711277
2233113344
2706476465
400872094
407765988
2361360169
1470343742
974726732
1390178377
899849222
704699840442269696
804061479070814213
779420777317883904
1327639712
373413749
16087705
1717274785
1158164456
2414070806
2865546393
2351850546
28820399
27992407
1410435572
1337288432
325632743
1372596200
3481946428
300148270
436499309
2850884786
215573918
854678546
226995153
365065358
1619961732
2199307722
52035837
897054630
1264916744
3639353537
1852811395
485762114
845697666
815581470
129433502
2915966008
268744692
3034201259
621194070
412193273
520552470
737708398125420545
1179464636
398319264
437525870
242659088
140012862
787676742668484609
196518637
709229757108387840
151087202
774949362141110272
439885110
589999382
774874962700238848
3971354332
1533213979
3805232716
283932101
470917335
497384675
3047851452
1494873888
2226318312
50295560
2979240557
2680027245
740896451333607424
362476617
3412818976
4174051582
435136836
4832516829
80200885
128978964
2336376229
558089202
169939494
426200281
1852391984
794654387998224385
123235814
2496237324
1958200020
2544957299
782907556159221760
82840318
1161058597
1357793023
1045369358
1379254362
2358348371
776003975921401862
740770152044716032
106366981
547517425
766066296618414081
755225798
329710075
416422287
594793423
887379080
1303573562
797197311201972229
397931865
290093767
2259040253
393895340
2181953194
486507645
1084193910
705813420973621248
501811802
417962415
2341083257
19643514
1134647432
2577315657
323889720
587688477
50286652
304598010
545384133
933027788
988701344
2200783811
3130577031
488339106
778900450812764160
745784576719589377
40430869
215305370
999371760
2463100707
792810525533044736
497315201
716902085304918016
3468355577
406523890
2504528224
325760306
2437846648
2371000552
851471263
408437002
57698379
2296443458
224226820
313331114
297866031
2306326187
45114956
780092964244783105
754694678314901504
2296153657
9584192
2307333362
2644998883
782558833835147265
1028060143
2351775654
235615214
1492135807
3038103838
3145614550
470257543
265310795
2954613465
548616993
386450799
1059528432
337767301
2791492995
395548966
1867361222
397402165
3413443713
2887891006
250064801
789443113651699715
418918882
460099696
285523418
95891990
786503466604699648
161983199
289833088
358169568
309750549
92940490
3119915485
721148434
1327481593
2246672993
785773375385923584
1370329488
2313667127
1280953482
2987520981
411312650
417800630
2609688214
799177228672237568
888531398
723203630917136384
454088602
600136789
802530080639643648
1101689227
4506308787
457387356
802059051064561664
3385105642
214551930
84300444
1274882076
88014506
801845830483382272
613917828
1049923886
1017142682
734684918932996096
186399539
2350173428
777093032348946432
550588728
1377069902
418462661
320840126
1079909342
3393848325
404951630
340847319
3197165667
611130952
969030108
1058676752
305031022
14900051
1846444333
783599386785972224
161450764
1044932990
702614277472034818
238183373
260150517
420627699
1105814539
716591970106417152
4744618343
613870699
122363556
29556279
565334533
2858986984
191574580
107175960
2561977803
1356882974
2365219877
272402900
3928749496
428507062
2940410703
2198032835
3439135871
2547681274
4038857799
775301877512675328
1410209468
282545544
473027302
2170637596
1028662526
958529605
763274024675897344
706749882514731008
65494640
2603850468
982628515
2219871178
2360804515
2784533667
704247911211728896
2956918469
865077301
4780779442
3365743337
371174340
255546772
74693664
2845429815
7450202
2927049323
802168605676859393
2689846621
836271002
26801513
4294512207
96350254
900247297
131946542
3130552521
1443706704
481457729
747451360715616257
1886518814
102200819
2283780786
593582642
977118906
1065306211
1499706972
703242229301829632
121424128
2436608759
986811270
1326332772
775294620259483648
733383127381487617
789480289944866817
788487071304482816
716653596654313474
434310171
796340446221963264
4866822466
789012950585643008
608125539
723094218734862336
2954907201
591231469
2862216426
1843782967
148636060
469755340
52362602
773074386
524745118
539150646
1146147427
124576769
763737673613840384
749369737080176640
233963729
747560489220177920
713303560352571392
231134468
571304184
197056224
3238853314
2400560849
1880399689
2420586324
207034666
141326259
803737951683416064
743437317130575874
4299066556
1703205367
377680158
195316316
2553584834
790596082933850113
395179767
238990492
2390797348
4155844545
1002688524
756085177709916161
2197080899
2691941747
956074304
2810679525
2959917485
2362964227
1978729974
410764821
737302538542845952
756462476045250560
797064705558855680
1085979823
48967204
771495594695294976
593237139
779986090707021824
2328562800
1539421987
635668294
20430345
4806536835
625585624
703596145411563524
3026614547
448631884
2174691850
4909543941
730396590230413312
207596405
3422769471
60867782
4196215025
132227549
966502022
425153508
1599296083
477844210
418662548
207122050
427804855
39273093
485172855
486456375
3041231505
745025263679963137
4881267029
113902301
84018589
3889028069
800282029254246400
951365918
247055138
1429916701
2885489783
513444329
63764089
237816428
1903648940
786865600115204096
953265385
271368075
499633425
118000836
802704560
790836272478711808
744984726080004096
455703414
1288497643
1367973715
1103649698
2390747907
743513444926787586
414646088
798886486712131584
419951447
47746002
3329627571
2189633884
3365548265
1117576526
1231417717
792685021354201088
3785335761
464020852
896746550
723538940502913024
331067583
4860590037
2202172361
107488386
777855788882812928
494198440
4446307913
319630558
1454614525
390573861
14394318
3127521489
766644219930873860
424529280
3270703668
745522720025128960
1106896303
985118000
3310852186
4845403365
1365423529
2409152520
624359831
3022820703
988930476
721957168015126528
34883730
2416044272
2230346403
2184410046
434899832
1079226488
2268685606
701762343827537920
3404776456
1040080075
2373624002
701650211391848450
796079716772016128
782137993649848320
4130639901
802512718905409536
274014643
360868017
2877751768
397326726
783330667258142721
789786960470614017
56341776
2635714649
389395835
451610877
1009626624
1299375126
541670926
602340681
1357782474
1015741482
1058025901
408557520
409427594
2950936654
179568411
1117323301
488582331
1354437403
128336315
2359304625
1387466808
1537579003
761516705445183488
2189430449
434817153
1203189763
55619032
462710873
2278956151
2347290581
277375609
2611695712
1949543874
1745966046
2482305961
796763568
772136635928633344
831827472
1625563128
1077740636
1238996869
1208620304
2214021765
2289897662
3360251476
55360087
36493382
3879187997
3399848795
3297601040
3325251946
3218386990
965814960
716194484200022016
224594895
47917860
885303356
1167206024
4578456569
459275547
534655010
2203429105
68735558
13294452
545978235
1041804853
714736755816185856
850940348
822157436
418531608
453357659
791713072549335040
1176522596
436870309
4112673143
715947181652451328
3025012821
787376854458109957
495412522
153565754
4909156781
1041823142
753855753119817732
405004713
2247433494
532545883
72549997
794583917999357953
760930917204590592
57358236
802814151164825601
540669424
708773624
377619841
493239048
422581944
2338484714
192353315
787573024774090752
800808214283448320
3164390831
436124417
1000045820
358808488
3342653327
602038473
1573352107
390906063
1284065244
413278857
489421781
170296809
261736361
398946027
425752546
1574792534
943625054
2194894268
86746587
245715438
353640576
2903764937
4188604709
2827084763
413010349
635446554
2490943567
82625683
1530966212
717334646405611525
2942381427
772030120097935360
1971962198
795615393431846912
256465160
400035492
1050589128
461254969
206993379
2951027260
3025669096
720592519
3247960643
2948698869
1213239282
132965464
3147713225
1685976398
431658112
370895961
438431990
1067019276
782479854142943232
9170162
3094278383
2828477103
712391983541723137
1029202296
730673331851132928
2154746892
484147648
1603000872
182767371
11064442
706067859550695426
487501431
3664232957
734083116919365632
547050389
832613244
2914144864
533510595
730268496
515635680
4914013611
406453295
116190223
762326924
4380015196
4098447160
3065802795
1462586190
7654802
266705242
871246968
698226027756126210
767596251311407104
722919613
3338622107
500103357
68356587
2348272160
786276460080209920
402821533
1103834130
474175425
325165914
609145539
721766834815549441
3415778469
380342179
2672952668
3333764236
529561745
1037579658
472047884
2788765798
2788788411
406367602
985080900
15191260
312616250
516453272
18483428
4376552003
542327855
778646509
2862877348
2769490962
2318991212
12660582
754009225911758848
136982977
96109716
846045162
2463497702
474400956
4868655040
703386818
926008154
62019002
287457353
2331609421
396387534
743477715790077952
609984521
3758739195
487658598
295458873
183955279
64139825
266841916
1076737932
425741057
748536833869484032
1456631540
1062583370
960666673
219784110
1597917860
1642630968
8032202
368950045
3879766835
4602588857
433742591
87467449
984555210
2512944834
730380067637956610
2380747454
2244460336
87666553
540895773
4405224977
183188797
2598012474
368929485
800360111898120192
718402632126197760
1920377047
396151080
2892534323
2786595941
821879334
822164642
784105196070854657
501887658
87306292
778647667039690752
248734017
3322620622
365664894
1357718432
46887047
428300383
1483155344
226196762
720515573
797599806319448064
744819568909029377
521564908
743782951285043200
2148135826
719542156126498816
558053080
4229498536
780100421536849920
2863121903
934748839
2823377296
538341709
2390176060
4187567045
934436456
63650287
720880802939023360
396564186
633764580
957962750
726721856749842436
3176594760
1092423506
270951173
335292394
801510904433147907
2754433723
403444000
416928501
509313495
200803896
781034881073684480
452278988
2896487589
224759837
241703665
716881918323765248
4900863694
1384855346
3083847341
986828390
1222699580
377660882
62501613
2983119910
2470879507
4828915329
320421364
2831366043
1344701089
3082084121
1040471648
2341770566
149097320
4343971877
2597719151
710622505
2825626128
769960650
3860196976
608063632
3256271740
460226131
345321374
807361466
1517691259
2986513055
2319777925
508645944
3346552000
1095058850
2577145604
3091707250
3305521049
485985971
2889852755
1672975260
2837876374
802937898739888128
3094312457
602574015
3985072012
2288707520
783020674952626176
151390694
891456458
419046277
463009167
22038676
594518368
751720869278445568
763844678005432320
1427236458
1374582042
1192856120
420931672
711700109495504896
99360043
3908391321
1014870637
343458847
797727634880864256
418814614
1400701532
398838520
420194671
1037730840
3182253213
29694342
1357254163
553529776
1068604638
1291614584
398303100
606259626
614966455
404048864
110669722
991498111
372182708
102479317
752944386472865792
14942247
752800121138581504
14979502
1594210574
752072327748345856
927290354
485841317
403430248
703215154897485826
3117151365
2995763703
2761273107
752010888
1227226388
424084271
3025617939
796795293316612097
729981130007531520
369200086
3291626026
764140480775020544
77889072
218560212
863845664
1124867449
635972473
3302587001
363528043
76616277
1228441892
281358271
4783916222
941567396
505050834
1324201430
769549749833916416
2751078489
776897408143912960
3339701793
3365915002
131345477
94542389
407685623
878503224
386721282
3355372709
557827565
465390684
455840858
3221064916
384214851
1339993381
167341717
4194026595
138530001
759021203247861760
268455349
3408660209
100226575
554550990
461229005
821204528
746960805288099842
1011183535
761582724176027649
1385223960
744625920313536512
4609193302
2811089575
189264868
384715317
2822583095
89212874
803299268136173574
3169603576
782126365315371008
1135256400
796980229768093696
424269965
2359663543
803897147926122496
568446041
2739829006
418221631
17565436
405658810
2189190782
3319305760
3121230182
773929798192300032
4876302513
418253203
322920844
197424739
2190313025
3308383353
94765165
979023937
433717645
2569120848
1915578642
3349890172
2445766538
1025143716
822184940
2245698050
1080507391
1221955844
701451907441827840
402997564
1472290938
510115575
82065633
142643965
1054906759
4195440875
479289781
325804266
2190019526
1052927598
794302419203215371
752726608272846849
454314015
477025365
493866087
612741838
1219022928
1006483980
118513045
804604604143038464
2842679807
2341908197
147371974
618929613
200888646
257204258
31394223
110180072
2300311050
1644456139
76369192
38135277
305269020
3065548348
1416334759
774226010011295745
837804025
531519847
744590647223521280
1102216892
485521993
431822373
1116671611
303298353
429977312
970705082
995790745
2907953530
321375506
1357909922
730507517713911808
2450265194
3346507493
1287327732
1474185410
22655342
94300919
70951142
144114581
736491984081281024
34607171
2492852256
716422928
14692786
772498157636820993
2555242896
53139843
2817088916
786491581503156225
2798863589
2212470754
51285035
492104860
233574116
128609313
4224402507
714382420
930194618
2904967810
82072785
2479372688
460290015
780714403217846272
292850268
516970620
4830782164
712308565541855234
258382452
288204711
1323216032
281966090
944558094
416923575
1357615280
19190645
513424484
2960217431
2451846485
183283202
2429092036
483368442
46194698
1673816466
1060028629
472130584
85049014
916326246
893923597
378706057
4256026096
1036983026
774612532036329474
66962468
519866924
407666309
429001617
434242329
789049794773782532
1466929356
50373692
41926516
2951279819
242470301
1130420497
585397603
630152241
527477202
188521082
305236970
803590719432695808
410291598
794582375867052036
232231711
1692580633
214138422
4702133172
236794333
955561676
38676577
278425671
4141927199
423372441
585877918
544218009
284706444
2250936137
802176344515866624
1450171
792845943175544832
531032071
634912538
541112195
267439693
1068801092
814747711
758419807834411008
2355545718
792840100874944514
2221331701
702514825214238720
80891401
315428267
178330203
727770559107485696
2296638619
3039742403
3021582753
734861008494284802
417904049
77207264
489301209
1316630180
2843581449
374002317
260912864
583980924
52011737
782890990269001729
2574266145
336952789
435173619
885661050
496112346
3230736075
400048079
2510576799
318940180
854310253
536251939
52305444
1377648812
466582888
621771505
1412500075
595566285
2234580853
773956774932127744
2365532641
1070289462
2415586640
493054513
726295360537255936
4914915772
2759833728
794535156291866624
2295167733
4902342166
426064773
1394582718
711919695054692352
385952157
2893425033
3347934334
414741143
471232887
431483569
133267422
2225039966
3341458427
1129269444
389104963
781930651528392704
1225691011
232908749
2369214387
466348695
2921663932
2725223452
3931969841
2356839824
4773242133
482958648
127936127
968459856
789223655825891328
497752969
2920005634
4872050638
802257747089747969
3527260401
767795023970697216
2993021697
614407423
782482968581378049
705029912265097218
193008820
987172572
98875589
479450086
3034280366
797327775963222016
802193363076345856
1857838688
274915400
2292447337
804094800282734592
2190915769
999773377
2352984616
467361179
2810463863
108262067
903701676
150725695
2609374654
2265398249
22635732
353750900
201232633
420146229
3902252362
4134072261
588507242
167058261
770940748065804289
1104275185
211061112
2804804104
713852625867960320
1064383910
2432208854
516647086
452127175
634892475
1273496268
988373714
579742883
454142762
1222000628
468464818
73193003
3369172816
161659612
432926462
52007644
1622368327
2396546035
1087160287
3377922353
280738990
775632857993797633
2296057788
500582673
798899498152034305
4060369233
785763689345363968
65922786
2468035339
332885533
596364695
398928323
2839679883
53634013
919526072
572997879
1267065014
1100350039
348392216
49922148
2245202731
15806786
2989751332
280551600
2355108967
3550261402
1106230255
22609411
2363590581
3688803513
1854517788
3245335695
1117558933
1457867539
2588246800
340803178
754232386259476481
797198401976803328
1151876744
2616680851
2361394675
471460352
1675709983
294535863
615033595
2676005622
803245873618620417
212145625
57466155
791392103876202496
285099275
377199894
25676606
1101913508
400289790
3169141887
409448246
327455219
259047162
6443392
324818479
311694861
