736166324028768256
769593057792651265
599247299
366332600
627550484
291019658
266189786
2433727925
1160430404
410264989
788124436406923264
13382082
2597512767
17873238
110414714
288764479
2353634446
396841926
413452932
1389042925
65335565
5893702
3152228475
3101916429
1630204784
3334952776
932376896
934053559
776388048561078272
194972957
39239835
1444752530
697525270593540096
97773643
1568260291
859494601
2261595209
516432515
472966889
33502178
438236543
719515530001063937
1227307748
1860935300
927409196
26499377
602216944
210376076
4187059228
744524292050788352
811565292
272317881
24504702
163969032
728695134
290652162
75538541
64056797
40131385
483073228
702455771670380544
468457103
849022136
14341395
4235856255
718710455250853888
764525968623071236
4824031401
3126770075
434473804
1015392134
2982641339
2735400227
2404185052
4891433775
179115582
467389922
4883355514
386576472
468602078
499128183
3200053252
487792546
1229478864
272822756
74544145
1076206273
1551619392
868298592
496654038
192258181
1037651766
1557514573
1230556524
2231871937
728807104790794240
180317088
1262157433
731021730
4695730892
3310422237
1307016348
712941879113949184
283636579
540531263
2336431904
2150969605
187206647
528681933
1278546558
1975733520
462701585
2199804117
3911482575
771387619360043008
35312869
3607235297
485012318
829032654
1346574637
1895251016
4866039789
2249221297
2364107448
465950531
3007456234
782312271200522240
774210914409127937
1633220767
945407058
1914960499
373947833
2620904945
38032906
3720860206
411196574
2929621361
3295324269
1017412344
514374051
1338839544
738626681418579968
3217393599
2850373275
967124340
2948429116
706711917
1166757204
553321184
1016066683
2629123617
4590614848
899901025
2346570771
781539111052115968
314537220
2170742693
100610543
759675705647063040
2744358657
748447839215321088
2808761
3109897131
359256835
1588323260
421878171
306064701
618444797
733743405751271424
408738224
2403776046
61727028
1562752760
1090339776
85136516
1319275574
794520564866154496
978137395
1040220258
3325113766
765965375792148480
757950065466015744
1016105090
329937650
964810638
1396350326
468746327
210501383
3297837127
1946899837
2149606038
397526279
455378815
69959408
781821141858091008
4186758514
1521455803
725986621
262078275
777025956078813184
3129702251
704594335317278720
2525924002
282624338
2585597700
27636956
4419158368
4381541415
2873588080
783427641298808832
1157534816
3312303309
339528511
795290773642215428
960087626
186221116
787941432267051008
4889391088
371749840
760849751608668160
736212458046672897
2206083227
2197727347
4256715496
2353298806
473848168
506364886
513144334
373453321
710162008180662272
191488665
416372229
1605322836
3299710354
956969354
402171616
605614784
3069933261
634575700
494915050
798264883062206469
3131316279
1238622974
3458047347
989346433
2799612503
442641618
136225328
1106149818
408710262
299195161
403273945
390622095
811059932
367391294
2773268453
1241582108
2328729294
2411624330
139765259
1068896102
137068692
728754830
2376999356
3834367960
769543337527345152
3044896882
325473654
461363018
1362230798
2521854263
312572813
463969453
736617948257865729
473445891
791309619478032384
3988102589
4653395295
16088660
4858527059
416370078
151639390
788049329403506688
2356846439
2345481387
242339687
486764261
2767422555
3394568602
521337019
171447577
582622919
2526968245
1444286834
877388203
422468997
2257038246
2936705943
288094317
565727870
1587765782
1903628389
210822189
1943373336
2313205965
50361109
1447003466
589286587
3108090405
3017823748
852595651
2447686987
786541347750588419
420254187
54849589
1023906182
436640636
3491171117
602903174
14170643
96106430
2316729719
2729520336
147543162
2281381593
762983877849800704
1376730776
2569072195
755852992600010753
2497838698
2745777701
785825867012444160
3290984981
2990072992
414184489
586731493
2752833515
3348017975
2427072883
409349015
2466256099
19531637
2474434594
3294901019
1331086867
2865677793
17880873
2242100015
864703938
789957825917222913
416243016
1676734230
561823534
3115905790
3216441514
293484907
4864869765
2979050746
4905419657
917243564
995341382
1171488392
772074670208221184
3239016405
2723056569
1953446730
1288700246
710044495748927488
709291269135187968
1076119734
620115817
102485345
251094642
790584598816256000
801532114139250688
199923959
497714059
389456032
792341976138051584
949291363
772520766885728260
4038647320
804232112555651072
404069171
184489591
251663248
378591855
3309780779
88689757
56674519
2333745212
1259041459
788474975422443520
474829757
2981387872
1133516726
3313351684
985254589
396237618
387067067
785089989692493824
2355147860
17709747
711929302183493632
82138891
737142202481016832
946282471
712713408806842368
4182142288
420325945
2479620311
804353457268420608
821719770
3028809503
69565598
324946999
437533038
364189418
21302947
801841062763491328
708419348478750720
3131729685
62060285
4854132653
1260045176
1128256520
2820617440
2494327693
3369229600
1205594306
910790215
1316027886
4899540190
2376928902
798743088206319616
529790138
405658492
464675744
712328880581910528
803591105413545984
2281231953
283080198
1270536486
161497051
254969508
2517301839
459149667
804255964178345984
3168011729
2282008813
44152801
265385204
2734322301
110654085
442817553
471190865
1337596044
793787252040142848
4702970784
2933876943
499227001
4911191667
2870991377
3410355807
769784946361794560
767449120718061568
139339339
3827667076
3303594136
224940210
3834791235
751814461690900480
138029709
81809541
430033435
788770928
541596083
492688472
594767169
2212485620
495466998
2917603617
2386642032
1386751423
253550542
547558786
2361360169
2908108096
385571810
51752908
764080205656981504
2313296774
1697296957
414373079
794092015634051073
2192778853
496410360
1254291416
1717274785
976455469
327361068
1857148146
369177021
215355651
2865546393
2223966992
4824798082
2651274657
1337288432
801934415526002688
150608013
523387439
1318670960
1174975232
1428464748
801457403808088064
3481946428
615527344
2384235581
203915389
354125985
1100783203
578946799
1269539851
1359704244
804377461114961924
2364563704
3356670165
443775053
759346461758939136
2583157025
2444235358
588543892
303810430
2301664084
2416323679
777112460415406081
425686235
553752390
216281928
1927542277
211878814
485762114
554257940
921162848
1372517456
12780642
723554251612499968
1384913983
1291226797
1428789079
2242729885
299780153
3399782626
744762536
2914286685
712695926
3034201259
1650257054
1848219511
1434038420
790464906453721088
713665005128966144
14060262
1128723278
198606842
816951644
416476067
296528124
109034099
620351637
337185218
1040976385
369749865
3243183527
735454622509367297
3291324425
293643903
319095713
369728921
756908583648976897
1229273522
1000080896
2424020059
774874962700238848
744453072601161728
799992773298520064
1880747821
3243222784
538178700
3198537093
1292021606
595517608
470917335
305875384
173442871
416165363
1134541987
2979240557
1107010261
180349426
54187793
3370931632
3412818976
428515597
716326404707713024
4716854800
431117026
3046529709
405433901
2686959970
485598617
731252371226042369
328160086
2543754356
426842172
366175274
559513996
1408457424
128978964
560509154
802581982035247104
706097800040357889
1100633432
30834057
1870641289
2447574735
562522191
3232694020
457439269
725804327231696896
2527780688
2544957299
159551952
362168367
242695991
859521930
3336714819
1161058597
1071485604
1357793023
579271577
500548272
1083645529
751725458631327744
3300284133
1045369358
1447215498
27231018
1324221282
554336117
2442834988
1154934108
1722369487
2872452713
1328664937
766066296618414081
416422287
3228099125
76615199
4893474419
97681471
831717836
724967510072786948
2376644398
142590818
392593988
419181815
1084193910
584022845
705813420973621248
1636528548
840304898
1180392648
1876456813
1300646329
438849246
831981618
2927207759
1339529246
19643514
390978339
4358642595
2359496138
168072615
55279033
632742781
3517606996
473659309
492325083
406996560
2574668816
784325817849360385
541527026
237392330
323889720
59200159
3374467005
824889726
449850313
257397349
3036352179
1303980487
713498795347218432
755150423586140161
50286652
3247710875
424241865
790127568
2354395787
3303635176
721338196639014912
17268435
2397594482
304598010
370690455
3195217666
4446950260
545384133
1111297184
776453763624214528
2230239426
2376774356
1037904834
778900450812764160
2430599152
3768512055
50597132
2806242466
2675356905
630459182
1025169505
514714806
70110877
2328765859
14177618
592794332
999371760
2463100707
729704804868599810
1357159903
551156956
783741519564005376
727209753177415681
756751959386906625
2394145762
1387242434
480635666
3468355577
1208394690
2410911599
754062941306122240
134206590
3189500505
1228742550
2829230812
146807161
3345161205
750670310
1229121186
1275803334
114539972
221531806
313331114
122030995
97071131
2909929737
1112122506
1498786196
322933929
1927224049
2862861002
104239528
545284832
3005907202
800442726
1704116298
2296153657
360793368
708755015868006402
221179969
2644998883
1853678790
3299563144
41688102
528699157
757649527197339648
1341462944
120044869
548616993
2239071753
417792931
2431985092
451483593
416409904
556818121
1114933988
932478324
1641218742
1867361222
395548966
397402165
3088659569
52482015
4785550396
57474419
598691163
789443113651699715
2287988926
53773490
2797539111
3926735649
4187885897
503452485
1479114414
714002059
281689745
2888908630
95891990
995982720
2885630548
517846120
161983199
3115852689
1001239345
755320994131247104
419432851
3052641775
394780039
84416696
437337751
2375661338
2524404516
941501082
309750549
1394952978
339100583
291022933
721148434
780095104132509696
802660850490281984
595267886
2197175103
2313667127
3879969267
1475611711
488587270
37631819
1280953482
3523487596
329607652
26295447
1911991346
4873612929
369986890
220790490
723203630917136384
2978007322
721112026
1620754188
409066494
600136789
492964938
715080807916912642
794287344715235328
4838445220
804375705471610881
1482694699
165756513
2369854366
3842098000
328087359
3385105642
1389944444
1871088685
27326931
446415130
259673238
939935407
13727692
795911679611703297
730429652
987120272
796720508427452416
796004115688161280
2964119115
140057440
1147328154
275434452
581285865
434387464
2942103525
9234892
428182028
1376724398
252604372
2512327216
143415269
466358678
3005727892
2394411554
77240565
874040911
129168873
404951630
2692227380
2730593590
2467357784
140867097
438339383
3331059982
1008791754
1050781381
425365839
407864601
401222371
585805278
753838071875981312
3436942246
1048802419
3001665089
1846444333
2356251718
774327465133084672
802732238
711833597980835840
890802684
727548236710481920
2820415427
888296226
752614673237831680
570274433
4069758477
260150517
2466650316
529431381
128948359
3341739995
539997390
426079148
3034643483
716911634871160832
1011181519
487012569
2716446892
404210491
4372999402
2984721340
1208853571
1657888950
122363556
290755183
156316785
195701841
1598877840
313652711
2178149111
2951327686
135167434
2833760769
1356882974
972872618
2925423826
75816965
134554873
2343293185
2400285224
3118963961
325739333
115821691
272350720
3321194891
881890537
2894775544
54568284
61778308
553392203
1712830392
1410209468
427209531
400103989
379834490
799754734315782144
1028662526
2610299144
589407736
700841898
65494640
765074451838955520
2224794707
481154512
732317340092780545
53210593
1006453046
453531668
490602212
1077176911
336091189
3377613693
426044440
1412628403
399971842
394813883
2942209786
74731429
221902171
3394261233
143462095
2533019300
2927049323
389076701
2158195314
702398027340881920
2767985158
850130671
2466589783
396698099
1326344736
2376140579
1085534767
1221995204
593523410
625969647
542617564
611553781
1062799087
17876465
607112247
500882938
788808578
481457729
3290361172
803660257033646080
2847984473
747451360715616257
2366082457
2751139073
2338003979
339218501
102200819
210861627
462427721
390228893
2792814315
2322781029
470215764
413935857
365935751
2312169774
523343629
3384471478
514917907
315895880
4204326923
1127733265
788794627042205696
22659500
773563444750589957
121424128
195792208
2436608759
4121288038
429312499
703879093
2878223753
1690434842
789480289944866817
236565724
110218135
716653596654313474
711951029198258177
417230292
1312010358
2223036664
608125539
152673484
574185238
1357263476
765113425882218497
411706932
483693163
1303711453
1230361375
2542889860
539150646
524745118
1146147427
795330348544561152
704558982
388992361
88528666
2280648054
481487529
475254497
926031224
476933615
947888533
714101389
382034832
3045043101
424474105
123712076
715624015
3225158405
180707741
9476932
1377320102
405426716
742094210447335424
519318638
2871007953
1036813327
2322216944
701723329
197056224
3176625754
2830095710
1125109992
406234389
391237371
173389528
1275282337
939204590
1175727986
479477842
4850369241
108434084
2956589752
715083557581033472
791652252331147264
2957131078
743437317130575874
3049218455
545248089
12230682
56326516
313401706
4403955207
1600546932
294600641
3466499235
467573735
3119071163
1166877775
2559910725
766525740829413376
4038240796
1930695714
127435541
775636532
733330743800258560
2930584301
348437707
2452296161
458632561
2800729570
238990492
10939652
4174063036
2719566132
4273172801
1260162366
1419854173
416607721
801181588365209601
390118819
483143078
2164608279
4155844545
3019629387
206608050
862986014
608119347
2421892166
1488372031
2959917485
390151887
2328728342
1672302936
424368906
2221404476
2200868950
410764821
448364257
726150285870157824
457703874
1079446351
200091336
3404352773
2596945387
398108618
4160599461
422844048
764853057909841920
3088366689
2540926930
2358732424
2208172767
194619416
298186616
3299490593
1042229546
108869321
951187477
1539421987
2427155309
112458499
1697045809
20430345
140133595
4806536835
2221874484
542094808
1238691594
4024983855
410210301
1474855951
2609773355
3026614547
448631884
1288696170
1228542182
465765184
386145254
493568309
515625469
380371435
439907099
16109886
612930809
747517176
425153508
151126721
1599296083
477844210
725882047
39273093
406860321
370639956
851456364
745025263679963137
4881267029
1898384390
1464788840
39975495
576946442
1024976264
3791205203
1429916701
2217674274
2622854943
236138836
804257184536297473
771773707085832192
760886360999858176
1624749512
786952826211762177
2243798055
92501125
1327282969
1332277860
120620483
1209817032
1086442256
85793150
391661534
268905980
3355557795
375035919
799219281451958272
510430173
786865600115204096
178757667
3055829144
801700087525216256
2211353832
499633425
2967886673
459446024
1257355178
595356862
2235047637
134864174
3402774227
2821329929
525770039
206121956
53481195
196560266
2995672642
419768382
142393098
398032197
591598115
1367973715
800997096740491264
421347689
385980814
4185673192
2390747907
2883830458
770926273484972032
2339926361
1342114820
414646088
1642481467
735788453737041921
1195176624
3336988071
382539264
2281936099
1728795780
360854210
1919132101
1037692622
4889377726
1384265604
293146567
357631817
1030314744
1117576526
804368763781021696
423703326
596702756
2168716042
801838832102547456
1472956555
384881122
414354427
723538940502913024
633728787
545207960
1535003959
2407084437
2740806982
764752555834474496
722437734
453223584
890672678
2359323311
2706535910
1891604736
2891077925
420624994
777855788882812928
4920828160
1642833512
1454614525
1071492246
49397445
227431559
214823847
3939431595
424529280
1556491195
52332450
2375216695
242306600
305255857
985118000
710311520
128998224
800001302
4845403365
3347525428
1872107335
271803051
766141202
1888878594
60562876
2320276583
2698192537
1357640916
1883696546
2895089025
2726784543
773054104549593089
493524331
486876996
57282569
292544185
61877999
34883730
731131129336627200
558032072
515380651
2752448040
411813423
1036575512
74968602
358040213
389131517
4794361
519746098
319074916
1079226488
567480174
2243950814
1039036466
1244200904
3104344534
701762343827537920
818183167
514822272
32402183
518665906
2373624002
133019285
447863789
401407144
4130639901
411403085
1969212895
2212544767
802848660551827457
751149104236027904
3299546625
267824934
1043011003
1324893229
564148431
37382519
709634135288111105
804961884
4361634977
369655257
332776295
706086896275955712
1299375126
167046497
439237901
1003998769
800043720473276417
788675050992009216
1063615682
286544227
528940975
282664430
1357782474
1209547698
582868879
785907890011840513
444971928
2792094531
81360107
1039654752
2950936654
745008955156488192
3059131623
402253156
4024081156
1610336689
2869524833
85636061
1264115138
1012135158
253164055
2916512591
1357773991
2189430449
2943801525
517918316
772736079925510145
475516139
2856871329
118978778
204479365
3105108137
706945040149561352
717970219596165120
231036993
1119822385
3241544238
953542285
414090977
782574373534392320
413215193
739538599918571520
459430520
411636230
409416459
772423638544941056
554197569
2594867485
547699314
1061905068
318878875
3257520543
38878380
15144611
477543705
1962674090
1745966046
215686278
2482305961
772136635928633344
1288260026
4765129729
85568796
260626836
619258906
1976578177
2303516735
841647078
367691793
566361704
2155938268
483384295
1067951778
55360087
743942725
3364459210
929354702
2938235393
405192597
2819178244
29463669
430169858
1692004472
3297601040
778939382707458048
1399055822
1031176249
706816325495169024
3047938723
3019867043
621058999
556650372
538147915
2178130104
1267442324
2819591819
533692413
3543518537
2507600778
1691036046
1120118342
2239964759
454782176
13294452
3034434386
748870907456786432
1460451570
2355023489
473166234
1114474675
631795216
1601862823
447923082
418531608
4924594492
101176038
557803659
113306198
2359548435
4112673143
3407128227
2720583173
1268082668
742027791990968320
4318424669
2247433494
2206851290
447370939
3375673725
575109491
519731238
1594040222
2360517815
819824736
421433392
795243203104538624
540669424
450812323
197581465
982401096
708773624
493239048
5660552
797134962453581824
735357868837359616
430942269
3399075250
2754876919
783192988285595648
770365997891084288
2344469201
1370493529
2924455714
50233016
2285114260
972753542
417947467
951545035
315687815
491140594
561198013
768099622338322432
400607584
1372167474
354165740
625712362
383436876
1176499273
702253149189439488
1275799418
2490158805
3038479445
489421781
1125816168
4915140063
4830251404
296371084
1705500134
943625054
256733812
38042921
58636171
634535867
2387987256
717298250462662659
696738123838070784
570833587
4188604709
791628536557793280
1241565397
133231909
2827084763
404836757
2418921020
96340114
76144707
2508437306
3332448431
23315720
41068452
487504989
866268462
393421247
1156611540
26982622
2228813671
458826010
54918431
618124225
785934232698904576
3024921597
711879250572345344
2431022396
895256671
717334646405611525
425414807
795765112917413888
772030120097935360
79385667
2162857184
2320321929
721084485190688768
66975806
24528997
154967452
769478656498466820
2799652340
391279725
206993379
1459430522
128311427
440977656
753290282020511744
2871347159
2901251668
141129181
419316234
882473480
803617893464215556
1439366586
1017105506
431603447
2220186288
751124618832994306
449798674
2357343035
433669797
76769340
2839533015
566540382
783613594810351616
694638444807610368
319578825
481945340
60624922
472003825
2504062057
431658112
3384511240
2513363275
798416925466521601
2629227623
939170569
742656572086747136
2352059977
1035880080
1227624775
426112597
281884852
3094278383
2345773460
1065081188
39028896
827801822
1357198874
325771154
208158894
2504371264
59720283
730673331851132928
2713179867
2154746892
765484843580948484
456894487
348552467
484147648
1174571874
416124700
501874833
2562814182
1444734901
257665435
706067859550695426
1288257872
2385838316
3138188655
466001142
728969931853828097
859534544
900076614
533510595
463840173
103046908
3338378788
429928689
365932392
3909677536
2371137846
4914013611
440716175
406453295
2558496329
730034081698877443
755313289
116190223
762326924
2228748954
4098447160
406947369
383111229
296215921
2180427250
2397844595
572469988
432637066
423531049
2231394463
377389027
426075049
2324049793
3015242813
2925130378
595878183
194308406
763943146531139585
358847239
1377164353
338959743
3374386924
995345934
728265622363181056
1959533262
585391357
851085422
773903945391538176
801461907794391040
29251859
786276460080209920
4881986945
746263383473799169
743514238493278208
746201840
802531601590657024
703338796826365952
2373340799
702432335078285312
257474781
2377155925
29949938
226121228
526735998
337394074
2978426715
3039297455
736880955374325761
492460290
1069130844
429026802
3333764236
505705375
318939574
14335321
581959625
529561745
140040761
1726668865
103064354
2788765798
244140469
2732314444
3723192855
2788788411
1063503469
314533072
75576699
2332729915
788291127384367105
312616250
1665435308
1070732071
4034284283
176433140
3237012287
8556542
321618982
2165464137
461248674
3261069747
531821962
1044539172
1011151154
886811412
249099263
449922265
2400465787
1196740159
3063222927
316660583
1252659014
2763852119
208518075
2721582521
407050794
4874766939
479604138
131262995
4204183834
269855245
558020613
2433632885
2802841287
2977934441
354901534
2975094340
1261872931
2986885877
781793383052374017
77530521
319116894
2994986278
4459166907
1022801072
764402685617508352
2463497702
3823074077
2438730064
823416241
703386818
2603234317
2315349157
3814697663
208464545
2331609421
609984521
400273310
218931858
4196365162
2719186852
487658598
858517812
331763256
3259523579
410852015
533019074
8032202
2938609954
612793180
792123038439530496
796446786491535360
2951587293
1007282528
87467449
2650978150
386543302
730380067637956610
422858171
965897887
61765111
53368287
1196316816
752897299186155520
4863618933
2540653035
517400567
2416492224
151581782
83041759
770623385650995200
3024843525
718402632126197760
1176504312
803747368390848512
2543955497
2892216196
307278565
396151080
2786595941
428220019
400902983
2658856484
55526575
87306292
4468775656
188787298
472170881
451305585
3322620622
3368018859
712267861
365664894
1357718432
3193977725
382105521
356497258
846418970
2959921857
14409745
799898540789141504
1320316406
91138156
940223707
428408933
56392390
2921043755
708276706
2787225059
2390176060
767825173097680897
301283324
1544093054
1010779513
271397572
804333475616669697
4885456060
1397559662
396564186
3855759741
1262939593
464615450
310195119
525853329
3407698420
4775882567
429715292
379256309
164643911
2511962844
1640766590
476294926
702091089914830848
1344131071
2479055167
16476536
335292394
4701923905
801510904433147907
1027404487
776714498795311104
315140856
1092670394
92525639
303219287
882708728
429009401
2940223193
3038785617
371808189
4548508636
403444000
116174976
14108472
781034881073684480
2301252082
2948103358
716881918323765248
1063332403
3299322807
894292836
22031608
1192998770
141529750
141571252
2965770017
986828390
807581581
449680206
2992578520
2983119910
3296304233
2668106493
1513046844
725810364995231745
2470879507
3949289254
390333869
2789363694
761243555788619777
1380718032
405919398
82295380
760894592317358080
26492009
138772797
303248552
1171904442
701084233322905600
1228087620
372760787
386695561
2964012705
73971750
704779333307650048
2902705120
3124079014
619856478
465415975
406947394
772876315909324801
223951853
117701249
608359188
4664853389
1101021343
227749617
48981619
407891527
1358611800
488674564
732642010633474048
411657903
508645944
441277571
554514035
720736547826503682
52784170
2792228860
501543830
3123285591
2889852755
4824190702
214579928
710589026840002561
479878112
1413220182
440737015
620409243
262278118
2787386366
140810792
428610062
891456458
133342361
1357675208
2725690953
198822370
727918765
1246270873
451003918
752559084881211392
1910925626
763844678005432320
4832530456
2898075617
165532712
148481393
2631427167
123903173
635280499
1857320594
2873213276
1409736301
4592121
4821193318
3223932303
184015853
93691257
241862771
2719760326
3356662759
1372497578
2369010655
1275239096
238268991
2374354357
799522939792195584
4818612196
3101946463
39240661
2867657152
590188450
399617102
2975144398
237258068
268910347
50259224
408078871
396496206
1357254163
746691972459597824
726333230526373889
2200075155
59073202
4020636137
1540884073
573743846
435135749
1259549544
2382128702
225490204
404048864
804069436491698176
776116078124687360
535447658
2812961
1032240782
757586822134394880
725937762449264641
1351237069
2527227066
504893071
95498838
723554886651142144
220308940
43890673
136232653
752944386472865792
602182097
261434292
752800121138581504
484158845
343442484
1234336428
257499288
2163623162
2574560504
2769827087
538529568
3062119739
752010888
2907570489
95482042
2884046195
322540485
3971101125
2288167912
120758619
423294786
420533831
266700017
3086975528
281904941
83185672
254725263
4807013549
3036745805
2417056379
498000791
2342517254
500886985
19592755
914050591
467659856
432688797
729981130007531520
2664981444
324262863
2180831464
764140480775020544
779641199040798721
77889072
842378066
2431061097
95953821
3296663865
863845664
514160441
317117163
779589843047354368
2907520191
24184892
76616277
989421559
3224669813
1427233322
14145846
430995535
782577416548020225
1324201430
1384894520
253491171
1377069744
417951504
788723015089524736
2258041135
416272206
2784216706
4818092890
460408863
379386530
1642762838
777879171993337856
1123148515
815304163
110190828
3293831915
3028160644
407685623
2234769152
2241274927
605943487
741592495155478528
1129384052
986140489
2380908872
390641455
798602218857435136
1099253262
436557042
1377373874
557827565
708425080645279745
7912442
2545730562
4861121656
406884842
2751236704
24544170
51752772
546791475
1100946536
2438776736
2296569134
2635338317
341974169
802163291921543168
706596340306984961
714376418055073793
470039284
1053270936
763353589347672064
23301182
596833964
1148304355
488895138
2451869940
434180931
410631936
2956862217
723392517081718784
2455569297
1011183535
219361447
849387156
181907487
962612156
761582724176027649
454185506
208197262
1065857210
2226319458
1341254522
1385223960
3097038575
326144852
2811089575
4609193302
428915501
50251798
459415484
1513014650
89212874
1138200559
3169603576
752117556077473792
2200331127
132811097
1882562786
782126365315371008
966592213
1264774998
596739356
256143387
872449159
413217587
1425576013
1367603174
2875204096
53909153
2719470235
1032967056
211191573
543377842
220729165
999889903
3050023667
438694006
815265224
877839043
405658810
757173570783043585
1345269470
211226743
773929798192300032
2727207762
206122291
4432360889
1967120184
553753832
6827962
2484303523
574056081
161859449
139188966
322920844
2481748609
3298528972
2676171233
2404087721
3403081833
852437864
1171395356
572713059
2480246000
365419926
2226243518
40851070
433717645
487824356
1683889230
1080966086
377522292
1449669036
335595246
2871039395
2617478164
4822018295
1729205360
583877210
1214982206
2445766538
501792745
1605951806
435152397
376935892
3045361705
1080507391
1330971246
729294897891676161
119742732
2709633235
2462609518
2913072586
402997564
2940897785
746053497750228993
1472290938
462040673
362697385
1469237046
2693305832
253714436
121106879
1116777187
431622091
541704097
485039963
1894190204
732773769824047104
146215776
555195153
474759809
734395909
444225252
309764770
325804266
747583665056718848
2962475685
794302419203215371
416439103
489374582
513450320
752726608272846849
3363915879
359096965
2319310873
4899274666
1402688845
481603544
745339531566661632
183287158
1085901524
531817743
424153335
2231919056
329527220
252067587
2171028731
1522851475
413103125
317413018
584857010
932888491
51522357
414880861
2341908197
748419060220727296
782496009708507136
2306414611
433293009
464127310
3922344275
618929613
504973589
567159863
496404492
1269055614
4860423380
88048507
38135277
3069843927
492650226
305269020
3457524023
4914906047
1057930387
4864664511
1081038630
767600300
2465231682
837804025
496477841
1260160800
47901347
2355253204
941772781
1926324451
2521671494
1055604996
3048846859
2966359733
1168367756
340300921
716217206753902592
1275988495
42579697
1116671611
102672182
383901382
2415846904
2282030010
802869362264829952
200502085
575347900
446903999
71031958
321375506
112799591
475248885
1047167726
2380592546
520206776
1357909922
397436135
317975293
1474124408
2900897831
2787707316
768399420367011841
736491984081281024
326226399
2396523013
3089012589
2153829339
804304134
792731002900709376
482513993
855180290
1352568188
240671826
716422928
368819722
2792050237
1398070730
475921963
742013658268598273
3613181357
448039159
120531227
2319258554
178685251
2212470754
2198397882
453959464
3302080187
2335579765
4386339226
713156266
4331454017
2715196346
714382420
930194618
354747398
3322548533
2225431370
796311583077044225
560046823
724208475572715520
4908499649
3005113455
2479372688
780714403217846272
118358954
4714487295
2238224184
101218055
752853790508867584
307260980
549258092
839050856
318882223
49319803
457547376
4845999597
923992932
2363670784
3398794235
799906643815317504
1048605840
1454502163
113075421
1357615280
828717014
379741776
4415743515
701169921053605888
2447883613
1259939756
2917621780
22030478
966699302
183283202
483368442
2429092036
1308112182
3421902544
289214112
231127952
173925687
109573130
105210939
492916204
1632593443
394729845
1040184410
548276767
793456089769644032
792709410955067393
2569214130
378706057
711616051587510272
353575520
1406189706
261291536
4233541725
1125130326
251333816
774612532036329474
2703675064
783600115604914176
749278841785479168
2850607960
122016493
2545527884
784116405981544451
1357710228
29687693
786101538334932994
2621137109
454050209
3344250513
1466929356
386987725
396874129
2951279819
1220951875
3044930101
2153812941
708587318786007040
238595448
547520336
1130420497
585397603
474308945
271124380
2778860314
278915300
188521082
1289326484
16627700
794582375867052036
1283249520
797123652487696384
748139485335011328
321313255
4910181370
3405599800
317879179
232231711
1220072246
4702133172
150254340
539157045
414385318
2557324242
1101963793
3448215203
423372441
3402750436
781359137909248001
299033380
4350748833
1265375377
243665564
467232496
802176344515866624
782574940478377984
1450171
133663155
2903601496
196945505
112741355
84130259
1251322195
474126377
783740138660700160
2183704091
906224444
4008290355
350752718
611680497
957885578
298996098
202256562
753014750
259949070
745595735966613504
3446733917
84874030
481359440
754071110333980673
2362415546
1361067690
602802570
2361311542
1193780617
3043362960
455562456
739208580360986625
315428267
334388234
2427478331
3053325887
751194313661513729
460611317
2363796541
116417727
2296638619
517721087
211643815
49475565
249910566
630918299
149060372
209228950
1086749148
612374141
2279399816
560907259
595306303
3837061107
2304513812
3392159079
582236593
1316630180
3239105697
2245662505
775760049562083328
482852345
28528873
3001239377
1693164817
751772149606744068
490358485
386182882
2329940551
2363684405
1880183936
1933284714
1055810162
3046231307
3373853703
885661050
20672692
3028306714
600035007
3242209649
453851050
912833226
932167832
772532983219847168
516722369
712711445
2228625859
106769415
1377648812
1222653246
3355338993
466582888
431084648
491318883
1314087421
480390700
1412500075
86719842
3173902931
2828057292
519619381
995021599
771813207853916161
500881322
2163514121
801741532218925056
773956774932127744
498846820
2365532641
3105976319
1089615589
472791930
1201274174
3205764814
714555676417265664
765647763442896896
1412675324
217456749
3148302437
937748773
465631373
426064773
862630590
2850871143
1394582718
800434872414138369
3959313952
545448505
446490092
3019768474
259689083
3347934334
234708467
421715120
2375255690
882235051
95630884
913244311
748853650970251264
144132883
899952481
410910327
780409230788554753
545264740
13946942
2372090164
389104963
1225509780
2546560394
2698941508
239779690
709302944
232908749
1036788019
466348695
560883286
1088498461
987220201
2388790596
3437744675
36323985
506393031
4872050638
85852670
702128508835860480
2396793506
3527260401
2870908289
701338375643594752
899978641
2392662752
1353812106
404022377
1357715070
2879472009
819912974
705029912265097218
50584579
394604317
590833841
1632825432
1121935962
1965662701
260337748
2811414913
1334865294
3995124705
2884126876
1383872294
2972718455
95527487
775000178558431233
969981643
797327775963222016
798181337433829376
1159915009
2292447337
804094800282734592
815134452
2190915769
735011288644980737
430033517
28526655
722039071049125888
915191390
1598253523
2589921788
2906554709
3217218965
761223170057723905
2958168039
960924277
1355209729
504271524
2335372808
910729081
417897223
381589283
714775585088737280
1918247922
729301866555805699
312881453
377294334
783280828231086080
579701946
2265398249
1068675048
216361540
469354495
3806382809
2420911521
254554605
764067416448073728
1037152033
444020042
391521149
1425809204
1104275185
265445410
1030996831
211061112
376688279
72248630
2804804104
1383512990
957519266
2436261898
394837520
406360666
558591392
803775139968155648
108592354
548335017
53959394
1479816176
3300431854
4076656275
1222000628
399314100
290525222
3369172816
2377259598
560418489
109578008
851786490
3000542902
4579023262
587805027
795565851265159168
1072138536
233487608
3214676577
1262560531
1437581690
2870220975
524597055
3320655053
3083483560
257953952
307566306
2841016595
232559332
1972410698
2851968971
964460408
39022638
2359465576
416534525
383052987
1055346697
3456756437
3168904809
1095469866
785763689345363968
4851132789
576539396
362432939
462417241
332885533
1026789085
588975097
81837035
461127452
398928323
200035831
238212600
2465000210
89651876
524284548
97532453
387043149
776430344841101312
752032310690717696
2588366118
1300769053
2227021837
1201012040
2347131464
337155946
353811477
1100350039
4361587528
2219899278
553829869
87650574
804062148137779201
430743919
38658249
430565411
1638278257
2981533685
405682451
458267707
771434547762368512
730066756107161600
377272505
1063955917
2525069528
1433286055
4714431627
589091079
1140264841
125851628
128616566
118316666
377465277
1699665619
986286079
893420989
928202780
3065026630
591144361
3550261402
2412339565
803930960
3688803513
1510136666
400383332
2437403432
2995507655
411332075
3254705038
484515352
477187357
3023266619
957427112
418210914
974503058
781136131140222976
3587587647
797805269539520512
795964357893046272
774133777412923393
4905762309
147725370
809434112
407685967
3862086448
3381698278
4853784417
54225347
2361394675
1021541239
3299007346
532132256
1064232619
16120863
1205923694
1101446990
713367375266115584
41182770
246377592
4909784507
3103748006
831768450
960287676
1671070807
707695073727803392
587422277
298123237
485594129
798610520785952770
469249349
430330483
250316913
980614603
761237376601563136
6835912
324818479
8266162
83115466
300482298
1016682894
941841775
306971482
1010758932
916889676
164225638
