762284905145438210
533329366
1361794033
2340131659
170684718
2433727925
363154472
434783947
3622910547
18616891
16986506
777089880417501184
4393094843
4842610353
179059785
1031222876
281104969
804309721201213440
2257832343
757989565600858112
798453173216280576
2480352662
392152009
194972957
1732138508
703708224168599552
516432515
29537673
1923814338
1640144880
1540142966
1572554311
1605405253
2732373033
2734369037
53053554
4160203479
927409196
4187059228
744524292050788352
272317881
549269702
446122798
2872007299
4901218149
440691898
1926643158
636836087
3345485428
483057175
381745360
223881169
974615749
61996974
499128183
1229478864
3039370893
1174274426
773148016488411136
180317088
728807104790794240
1262157433
1524453986
1154788808
3310422237
451279327
1307016348
383206305
283636579
1056228325
2396933202
701425649169338368
781260487396843520
936876583
33854963
497021694
452010658
2591690233
578393872
462701585
795677947428503552
485012318
3607235297
1346574637
188390069
742029848982491136
484010722
3007456234
447231795
1070696468
1256727248
947529132
3384545219
1176618985
133461180
2929621361
440137166
3126510327
3217393599
967124340
1033240310
493949099
254402535
471328170
2328166991
325127006
136753391
713782201003978752
2629123617
2789842566
2872414576
584529887
314537220
796057683451412480
500122789
63732939
3426670696
498234811
1524985099
408738224
771696450484994048
2403776046
4472452815
1562752760
728944152185081856
85136516
892929787
765965375792148480
801348354760474624
517986135
3298343308
2540241518
970022552
4926458867
1513143780
1946899837
2149606038
249685018
419443005
1334810558
2219220328
418604474
3255935603
4186758514
1034417863
759428777793429505
1037555461
767772101503836161
104275102
783762422721048576
761948351172583425
4092809355
513144334
191488665
2376897325
739038057479999489
786594969884778496
387166314
4154714363
997982544
2333203880
1511430246
1623140270
427673107
1360232480
81689292
1038231816
967839474
474223861
52022562
16867526
236516892
473757745
972804156
632400257
1069062834
400380929
83847970
2648038336
463969453
475134082
1043099688
45316640
2785851725
1063955072
2396075075
629172230
512991064
3291493733
3387206505
81230879
796442684940427266
844228752
343239720
2516225273
4806226097
422468997
3053723635
576669912
757228686777122816
1008958405
20940320
135175102
1492509740
3491171117
3287666158
4485038235
860222119
330599125
2941965455
49939284
370206198
2400349604
2497838698
944519454
2752833515
2221118662
804031502229110794
1180254084
4631681177
19531637
2474434594
365622822
482940177
410808584
1331086867
1241025565
2377444536
2904311573
555323868
745916794100125696
798338688
746325002627190784
735316014
2984621871
3239016405
2308437769
753570089094504448
4235688612
81604711
2191020414
199923959
4824399766
766664451223330816
132624844
775697742949675008
2149665647
2192271144
396237618
785089989692493824
484052954
432303135
4182142288
455983932
716357499939586048
51140493
763044924526825476
801713086176563200
2279189432
69565598
3028809503
364189418
371781632
324946999
801841062763491328
1219977643
345488835
96383439
133207676
583920508
778195022973923329
2354704705
767783947220713472
798743088206319616
2876387074
584739670
724648551561728000
730840601957015553
2572209035
481929883
1059984817
892954382
555056989
751904098987966464
803591105413545984
283080198
752244313875251200
22005584
868624478
140066629
1205274991
2282008813
265385204
239734640
317223195
4579125253
3309946937
485088788
4147640841
2189342688
2339917973
2971201883
131768380
793787252040142848
319166186
4911191667
3063738106
1065387764
224940210
751814461690900480
744518687617593344
575654596
3125099459
3342581884
2410447644
512547601
2719244173
33464175
400872094
2361360169
126741105
1358915466
2949854579
573053896
708429391
577023890
447854508
794092015634051073
2749231737
2322290576
1717274785
2653867322
277460126
1039573423
754537377402683392
28820399
1015037964
341179497
3374111835
4833429358
801457403808088064
729740396255916032
378157055
51107478
3217711420
1269539851
61046134
1000188997
345535835
829358672
497426257
2182403667
365065358
255047902
793821366608953351
303810430
707184555887861760
377578133
610079443
446112021
2319542538
115887435
485762114
3368385652
1056095046
1071979285
56330720
437833782
446366385
2914286685
431779105
2891799633
712695926
268744692
1434038420
2518805059
97641851
987136146
2199795114
725059657295912962
2333173052
3954682097
14060262
1667689482
4150539809
2313949123
566142199
743860989452492801
620351637
1179962942
2892694835
57668958
369728921
386741078
1224996284
1586026363
946249914
2772740636
774874962700238848
2365498822
1880747821
424915583
1331672088
469714034
800750620818800640
595517608
470917335
1093512139
579438624
4735423054
1468203008
2680027245
435136836
251554105
436573340
2948374265
731252371226042369
2607049369
3704155397
48996987
395525660
731155881694515201
804080566949859328
80200885
486966104
629637359
2348140042
311950992
537263615
396019478
540890797
484570274
560086917
724303327077502976
522438498
792329915228127232
2744324373
423483578
796246539668692993
2334131475
124272170
782907556159221760
1382274499
573977989
763748776351850496
1155119443
356404890
1042228705
280175586
705377386746015745
45514913
1379254362
2911280733
423088643
1653188624
155560291
766066296618414081
62282587
1303573562
3410104307
1368152558
2181953194
337313260
745937591158071296
487711174
705813420973621248
1065733735
32471056
754089900
786135013729402880
761303645518499840
29007074
3250680004
2341083257
603531704
492325083
4797073893
401465326
824889726
868645789
297030376
258758131
1039581457
514509122
1377266593
418208723
721338196639014912
332921113
1413094597
545384133
744585152
452831702
276596962
2776036158
565630731
1462179565
785032312123719681
1025169505
3431319455
229804443
2463100707
2363490707
742397759991480320
2823948397
2867114314
37907656
515350705
740562673566396416
748252291959037952
473811699
195427895
808945040
1067008310
224226820
313331114
526765918
2410208021
2909929737
3201052948
483884270
382016132
723406713924116482
781437278228996096
1088677627
2296153657
2764705264
729221180985618433
722098819110985728
9584192
2644998883
1064261450
254264630
723545425958064128
932443237
103047287
243408449
3300230453
2303222014
66739125
2483582362
2159607118
227954915
921591691
1059528432
1307992418
720632435306807296
3019669299
556818121
805042719252942848
785560131954216960
414993771
731169795446542336
499214987
789443113651699715
524684548
265576861
532957642
2322947462
439115535
2980016638
1001239345
543650888
426178907
1394277882
4885203837
406382270
309750549
307531089
309347048
522616321
346676055
785773375385923584
595267886
426094795
1911991346
1682635764
589312435
705097204223098880
723203630917136384
768979276804874240
955966339
600136789
1079765420
2361116313
987640627
3348087791
2482505043
798086349316378624
734001366507610112
133661112
592546016
3001154047
2322261107
3295658451
1260308702
274682737
418570052
603010007
4414946656
141896036
2249959502
1015993314
2730593590
3331059982
34573969
2982254236
3436942246
521450521
126883491
495011205
711833597980835840
67882453
527721535
161450764
2167116718
283107590
702614277472034818
360049485
288339892
716591970106417152
3034643483
3241512717
2716446892
326316197
323272905
411048509
485573399
2177377435
271468279
731352673879003137
753856766639824896
211117366
134554873
2195622679
509889969
790171114278445057
3130622027
2327161304
488856416
3740240715
65377234
437710793
14386362
2358239955
45362404
1712830392
473027302
427209531
2540480404
799754734315782144
873129732
802052868119416832
589407736
451003130
3448617916
3377613693
17647690
564584652
1073288395
2223407550
606731466
2845429815
1016215621
800826550304313348
2533019300
2466589783
2535866450
22757909
3466428077
542548905
249862119
405170821
3179785922
777789093640040448
786273506849853440
938688090
3407360374
851318875
141686435
481457729
2887792900
978557845
2751139073
457620281
2338003979
102200819
434752212
301923545
2387816981
2312169774
1642455607
1328616810
1127733265
22659500
637292613
488682459
1314231894
1326332772
2180545696
733383127381487617
236565724
1929877436
530969708
390635263
746970733
574185238
2848456047
91598969
1420443511
483693163
520657885
29723197
532572724
475254497
4869095007
1161191406
3165917453
435138644
2218697421
2400560849
4885903612
36376600
382788418
421792769
4850369241
4050739455
731152351499685888
803737951683416064
2957131078
791372432682655746
428588499
704996147
775126274960416768
882872700
2647398867
953895188
1166877775
2501851306
1930695714
1354935949
28116095
599972590
2430519857
2800729570
2390797348
416607721
488663330
4155844545
2164608279
233546601
4181953696
3019629387
2197080899
798869652415938560
485546674
335970439
405679084
2932258043
726543135136964608
703877219685425152
726150285870157824
2845018504
228249426
4160599461
401947052
1260526052
1085979823
1372461787
424997954
2166381300
364970872
903966229
802153545239851013
739729140887216128
428897370
797871034535936004
616372545
2191894196
20430345
3392585361
2797939824
115523877
96666156
4909543941
2608779441
2956811146
305473579
1224121074
805035489371815936
735554833323859969
489243124
2479999514
477757835
85355134
1599296083
725882047
491327107
487521897
851456364
745025263679963137
4881267029
414691853
495623215
84018589
398611235
411702181
247209095
223951506
1254324948
1579008720
1186603358
2217674274
489336103
789750300
3043617377
468410833
1034897761
465771339
272858172
2365011298
1903648940
348137712
714928011267678209
947608226
104585477
2324947372
801700087525216256
2315538860
3107458432
1257355178
580053031
537389666
456171865
1070392579
418639778
196560266
805029282485587968
3068966572
395812442
142393098
455266241
398032197
385980814
1002084986
724628269333635072
2360335217
449736439
1299394213
735788453737041921
962439266
1016164027
416214216
1195176624
2281936099
323240531
1162613372
1116398478
1117576526
1266649207
477686599
3432995584
385890505
796684613452238848
449896218
2881874930
450654477
2740806982
722437734
725764802111483904
777855788882812928
794294828775473152
494198440
4920828160
2165389231
1021729232
2216179636
1556491195
595426729
2375216695
3709809921
3435285941
576362054
4126720708
3228057418
784398647471595520
3510108957
265134918
2416044272
420656128
2230346403
3357308483
715074827481128960
2411361259
32875709
4523697141
293044655
94594903
464593709
2265309088
1098034316
568604367
2355347340
818183167
2191221171
2492674834
1239113316
597545163
774727208212496384
702921914
1879711830
3353000968
2262991946
2435916027
3346593934
1043011003
2597062222
150993426
804961884
389395835
1331128747
3610537156
1299375126
602340681
390004968
475994227
2950936654
1602771703
2999809657
2480323358
701058764850511873
430437851
2541398070
911070912
1119822385
3124037979
1311236318
739538599918571520
2902258413
1745966046
486583213
1238864268
2482305961
66545080
796763568
578337906
916522718
815758254
3345500597
438476133
801313759
566361704
2337395271
1140585595
483384295
192253996
4085028641
454009387
3360251476
793079724088131584
3364459210
418050006
2938235393
929354702
2421073909
96380866
3218386990
305833247
282226804
224652345
2496989087
3107574627
764102469047771136
534655010
779645231285301248
976243140
2727311987
3347530847
13294452
2903029769
2243608365
405792460
1431247669
768562848473739270
60836149
418531608
587521626
4924594492
392324691
384192964
557803659
2860061009
932961775
2359548435
4112673143
785367204703461376
57472352
120822994
4340881457
2247433494
964488151
448402028
96172514
1314367554
796343050452795392
1622970242
2510430251
2404494057
1118100247
3331798360
2219448182
476812303
417947467
794138420020920320
883099326
801062327810461696
1534486934
122497273
470889853
789887372653723652
493119606
1394356609
2634622329
2340552066
783396508674695168
778321813
2348869926
413010349
445621349
3380276151
793725735047405568
2593259168
634629867
785934232698904576
548467598
4655248997
79385667
493914599
791755612979888128
2320321929
526552069
24528997
250624869
1020814244
2259395426
3824253808
417260423
1370308218
2915667713
440977656
4759055535
2948698869
803617893464215556
523331583
2220186288
2895077031
380314015
751124618832994306
2465918593
4218819297
3253240709
694638444807610368
783613594810351616
195363475
1461433142
4149595696
69340006
1453522026
189676947
445669706
702133410505089024
3003467823
1128901224
111063679
281884852
633831925
3094278383
786233441742364672
452226860
516918398
114706508
2562814182
545381246
1011559662
28064801
50607243
433236708
3138188655
515638711
547050389
713448101785288708
34917834
357464260
365932392
751715726143217664
2371137846
736596690
762326924
2515426177
4098447160
3314219367
418153325
4316205317
398913989
2231394463
2609766510
4611199415
101057515
595878183
254998344
267763795
767596251311407104
728295648
2184144110
3056250186
1082984088
3338622107
2350347318
405443137
3402336711
1180215542
1068702612
471973931
81412056
1357999944
382052171
1372859420
391286828
4419558616
746263383473799169
474175425
750400945520013312
743514238493278208
325165914
799340178854866944
1430722891
494475884
369360844
14561296
2397709991
794500668027445248
435137464
3415778469
575446781
991096194
146790404
1007107039
482107935
24855530
370345381
1369320696
503353225
754269921949937665
2979884158
381943815
776366037566623745
1534786369
749325100718100480
93197485
753781855
2351055747
570844631
542327855
2764922373
3610344497
1028180126
3365947815
489693440
479604138
129443586
1069206085
269855245
2301111365
39749733
1226128195
443868898
1223037354
3600676817
27283790
1228058216
577936933
709105553423917058
218931858
2755644209
64139825
334715057
2985859289
1456631540
2312781154
1468326630
611783055
8032202
2951587293
224310474
87467449
973456609
256569319
390161953
1561186362
2244460336
848045168
2540653035
446445046
3024843525
598974424
337168538
1368054770
2892216196
789866400332611584
2786595941
107737376
739855069110259712
778647667039690752
708307156190232581
3322620622
2349348009
3368018859
21698384
150592979
407878518
804704678202273792
1644683106
198869860
195374632
2712331625
4229498536
722684492
3973423342
940223707
207020245
2937388577
3107226245
517469921
4187567045
84046970
63650287
802320974
526764147
957962750
2609290294
740277257424523264
4775882567
567688029
2941915384
3025401051
402099995
564360716
1480106364
1344131071
412405706
728214116859559937
4701923905
3124013698
494827982
254625981
1103812855
22130220
303219287
403444000
181178915
2945491781
116174976
405443521
488356774
723922930304995330
485408545
363158162
1467807296
3036997071
149609445
707959452020899843
623813447
39941540
2374899158
1001628942
804727916684857344
409540134
87286001
1515980365
407741779
4160702363
902588736
2845221227
138772797
318549168
3070135450
562730933
424237536
2964012705
704779333307650048
803594927959580672
264116115
4089359207
2444362003
1181544271
769960650
1476977323
3256271740
794889137845366784
2889852755
4063380377
1065328867
386196967
3094312457
593644722
1564068662
719552036136738816
2943393603
62786647
2898075617
788754158241378305
148481393
231200390
721432104396025857
2367164648
873734450
474023066
99360043
2363823913
1179385580
531259552
195787575
720157781324656641
1275239096
339559937
756326148527755264
746691972459597824
45519126
503303414
467401158
560577051
2200075155
3072009003
98844505
2412606565
395969612
2742709167
2396698549
993777463
2382128702
776116078124687360
535447658
431887124
582265897
899672546
787037480096768000
1331157146
557046501
429881927
730841584321843201
2478544539
473838944
1296004291
2203488436
1131812641
283450285
2943507749
4863603099
752800121138581504
3067944443
343442484
491426516
419285776
3117151365
538529568
752010888
581006334
95482042
577169108
774085705
424084271
3080186967
1399403005
423294786
85590368
420533831
1324250802
83185672
4136518337
390304031
221581460
1311038371
2342517254
19592755
774917832228343808
306180757
2290069009
1245505458
2888678625
324262863
2505433479
764140480775020544
779641199040798721
1330947722
2373588490
201680143
2344039777
3296497990
778914262689480704
1063996592
1092084720
488768033
782577416548020225
2342856875
505050834
769549749833916416
515870436
731076475391246336
2784216706
1063032426
731021746904662016
3207310307
2522836091
2722863047
396756630
986140489
2995481302
708425080645279745
453712873
2213627417
1160257783
445704958
164780237
423264962
2601323458
161414985
706596340306984961
26555279
2232857707
2816638404
763353589347672064
746539553771651072
2455569297
3007527855
761582724176027649
3319178885
438337139
2871036920
1385223960
389642629
3353589214
11170692
1349452861
263046135
413217587
169510626
2302778172
252039915
360748546
238718282
2354230935
3431850671
3092389516
220729165
390575090
2189190782
802840890784043008
211226743
747917978
426918412
3251331238
40216987
731153428492095488
775421050054139906
397478606
2480246000
77547232
1639844875
536769582
361960565
487824356
3262192089
3147439475
1031209770
2250146109
421822495
1025143716
189110064
119742732
173102718
1907659747
2420870084
2387583082
804410479540105217
115136798
431622091
732773769824047104
4904809815
4220172382
492031787
953571752
1140596424
1054906759
758304360543707137
1197796561
2962475685
391936079
2182739120
752726608272846849
768783082736455680
74404126
723843735482720256
701489084619997184
783227203433664512
1318605636
355122344
1353602473
405692785
424153335
736469367379087360
2473053800
2394796134
4074742552
1362473617
756456006331297792
1046140855
1029226392
64144248
2603792294
329152979
3069843927
3457524023
1081038630
1872223814
986714714
4744844236
68006505
794587894145052672
59564555
2322610277
1163796132
3555027683
363542054
485521993
411789902
713449513088888833
14233886
1926324451
1332270650
786828737958535168
637254997
2981820371
1275988495
970705082
383901382
200502085
424281659
540078984
705414120
728560322752188416
988846494
2714596672
397436135
3072848181
2932010800
3043396313
2275247204
1287327732
488485003
343285778
549110283
2153829339
3937406775
1470706141
2354862727
767040529100079104
96389952
2347407895
634999260
53139843
731326361265156096
876085555
742013658268598273
2767074196
400599578
2999879276
16237091
151420411
51759517
2437403087
1062937651
481271925
1361042348
236843404
1527884816
714382420
930194618
99916072
359933447
4703605746
409821771
615072676
2891120987
2225431370
1079126036
521136839
2479372688
271541039
23740366
33226107
464067391
706171154092924928
3014477295
1926741584
4076357194
75588319
731342369430327296
717773478213103616
49319803
4845999597
2746620365
4735498517
932393936
1891067288
2208960872
1405789050
784073584453021696
613804971
38174037
318434829
2456663500
379741776
483368442
405433687
472130584
917754055
547890554
766471224
293504218
3327805900
978514940
234445362
1036983026
2453297123
933878252
1188804643
1456466460
255499883
422760961
2907795123
473967210
2758663251
1130420497
1234419373
1691785056
585397603
2941902833
463954032
746004773753724928
2847905415
1704854190
803590719432695808
794582375867052036
96696594
528722204
764071712950550528
1469982290
798871038
2529236481
284706444
39976483
205391487
1874310696
366252148
511750340
399938605
2903601496
783740138660700160
926301210
2224975247
857753196
398247223
1318519585
318487854
84874030
778693643976581120
403444270
2612652422
800796299004035073
3043362960
412587936
315428267
2359832450
3240072112
2322841699
995611016
591978502
2478946331
460611317
4885620221
1011051636
2337490808
731142910255697921
1115449826
29478477
3430185532
753627017518645248
2589322103
2324228217
86546315
112805407
553143096
4133127375
766731574616424448
245516428
774695874630909952
1316630180
30624424
287334707
797374091959406592
718146971
2878690973
2201949219
2332663479
1042127750
463775932
557943026
2574266145
796759446370271232
707373654
435173619
3299152901
485031544
177087045
1183179234
438385909
1231624994
1975150249
258862717
2615327307
402056906
4536789317
3801670049
3107605546
1412500075
2400871240
3417233499
1216645705
771813207853916161
4860559857
789370898
709427870419062784
4859642074
773956774932127744
713721722613211136
2365532641
1868341807
2735109711
482197018
2308162216
514243349
428415112
448732675
179096387
2224787402
3347934334
490771270
899952481
2225039966
410910327
1129269444
3201928624
470596432
2813579953
2285007224
414278508
496043380
1886228065
1088498461
4834714805
83427420
1036719990
987220201
2920005634
113996806
4872050638
702128508835860480
393289136
2396793506
802257747089747969
767795023970697216
899978641
826764168
2360647972
710500851270492161
2823910739
2716622877
845781758
1121935962
585883841
801407727608229888
748114578
379224837
4895702908
2873630517
1462993410
2222816851
396444543
1489965936
804094800282734592
2995932370
735011288644980737
3905591125
528846336
423726669
471061460
915191390
1598253523
113456813
1006148712
1227206636
372937945
4871884721
417897223
290055520
1306691233
244053999
451477494
739778677722992640
1116548774
1918247922
440247035
3357062554
2422875421
1636129136
261542509
214160814
426712009
424154220
720266765650014208
875347244
731143740992192512
1136644261
803658363812872192
446424619
439362823
797114336732999680
345871224
988373714
119067790
2872974977
417342231
454142762
1222000628
2477243514
3369172816
731179342731063301
2870220975
241289430
3011035791
1367151799
3245319177
1971725324
232559332
964460408
602771351
2731197053
1206105060
500582673
2811397962
2238062646
482783302
2466472062
629583176
1055346697
2985347933
298486860
719677908
785763689345363968
576539396
332885533
110439086
702845775617912832
53634013
722931043578310656
711187023
1201012040
728525487656587264
2309104363
572997879
787718454
1063634156
1267065014
930443094
1100350039
430743919
404985135
1638278257
1261559155
499699824
1063955917
383359173
377272505
2362829526
947879034
1010820098
2781784450
45314925
841930033
2597161720
4166564151
1854517788
400383332
731175657338753024
2418774046
1117558933
4264298260
2940755837
2822929792
3023266619
1151876744
2911204708
3430446029
4774998749
809434112
1454075227
518949245
4853784417
2361394675
794961451194712064
801133228983812096
294535863
748187371074629632
2447717504
730858206830985216
4179625401
14828588
3049910135
615943451
465471132
4892218558
25676606
424355891
707695073727803392
2234822984
298123237
2420989306
2282469222
517872714
2612551
1368793633
1236577764
2853286186
784631489468268544
93440777
435909048
542372059
1876212612
2730005207
101782488
