132164537
2850074284
471912361
729214200925532160
779336944916504576
531198622
3298987965
728040729088561152
1254580586
2714959299
2975488432
715121732110172160
2418350499
2511415512
2597512767
18616891
594548423
352164101
73380336
361808481
472905491
3431896313
3398698065
4384279288
1004322594
396841926
3301531378
2180063050
296499025
5893702
497798126
989351852
635171482
1564128108
703708224168599552
1444752530
1370769932
434558035
1009689127
1361976294
705306192
1655636611
2873782396
1540142966
417227638
925089097
53053554
4160203479
484993582
210376076
598374852
744524292050788352
20910977
863171299
4855564132
549269702
399075857
1953930264
783983079597694976
14227296
708746809032761344
75538541
126344012
483066930
1462623842
425693013
1325379427
440691898
849022136
733984270499319808
241912051
2733334557
4906280991
298164175
27473837
773200264635490304
310911893
1015392134
74707629
14575613
2962599197
467389922
1217043228
2559157745
554226467
767209128
1364516803
591076649
1396824866
182374164
1174274426
732141236178587648
180317088
728807104790794240
1046200910
2852316766
4528485567
952552224
1307016348
283636579
778400589537566721
1056228325
1651093716
453385088
701425649169338368
2612229665
441706424
2336431904
945145027
2150969605
3433378229
444160541
2722229206
2862460560
3566167581
423732690
497021694
4343359779
2355576961
734702972257632256
515816348
962311958
411540282
212321005
109228733
771387619360043008
51875903
4078806327
3131346994
794538327085084672
2393222217
2514594951
1322376432
1291795656
595372301
1256727248
404409239
3400696882
801545224808001538
1914960499
133461180
424452650
443187387
340996459
1256532517
3872353503
3228521201
413354451
174574401
450587852
133373778
1254526646
1063725991
2427311741
255669937
268749571
2299766748
584529887
3524549843
872443554
751762035050967041
2378757955
3386338173
2170742693
3426670696
271990882
1588323260
455612937
7695932
590037686
498234811
76383375
2351601439
771696450484994048
1412896242
1114098782
1562752760
350256698
85136516
438790885
2265249203
725402137031774209
711206425
753909960568934400
712247530709491712
1065254220
329937650
1160647381
394598844
397199507
743129759228547073
2927551738
3255935603
69959408
3082802711
2199539758
399626186
419743304
1521455803
1040590898
739476036
2303644001
3129702251
366747858
704594335317278720
2525924002
2585597700
2974941849
3145664759
3312303309
2990106417
960087626
972003932
787941432267051008
371749840
2244061237
2916464285
4256715496
409444860
222930863
411586879
473848168
532163319
430633617
4092809355
416372229
2362345730
700422149132185600
1963222586
1180016617
2353752559
771326596452061186
3914047581
2949661109
3320747710
966932797
798264883062206469
1251326239
1038231816
1238622974
408710262
2861409041
403273945
2429027969
416130723
721459287659278336
86342681
418169027
51232175
633259530
930694034
139765259
1015870262
83847970
2775356381
2648038336
463969453
531851126
512506306
1145574164
1122635904
2427827258
242922585
488774565
782560226117550080
782574639704834048
3387206505
743608392883769349
1518874812
2169534491
419500576
83326299
633003004
1747158031
1585963512
425803153
2590574511
2798825609
3053723635
2916948582
972884324
1387006716
34688499
781749446908477440
3958632334
459317666
4104084562
1185642630
551299529
3761076075
436640636
4705505042
783015635181789187
73598124
776553725603307524
1598750419
191269424
2225303307
282643059
69532732
1012822723
2729520336
2267806358
429309195
29164255
1555488049
2497838698
3000604564
999071468
414184489
3253773825
586731493
3311188835
161297440
56346691
4095450675
44120419
2427072883
1397374658
291624735
538138673
211675763
410808584
3254009057
3313238927
220075111
1098725179
795739255440048128
17880873
58052287
499109496
241086708
176075973
183594012
2196051665
498062460
1498271646
1889500081
723818739712581633
1071052908
83386342
2363886035
594802106
518934318
776050554418171905
792755936674844673
3115905790
27228728
2979050746
1171488392
2829581531
2520868692
710044495748927488
2962772146
1222888213
410715437
96220057
77290077
251094642
1247286475
552941521
794164110061699072
432918462
2444504858
1898454535
772520766885728260
3297108689
251663248
324951114
1133516726
396805021
449849375
2192271144
868671120
740922692774301701
734385926240112641
63756533
13573252
1692026178
636882327
1409217584
82138891
3300878565
600355032
3996258160
803974869415292929
34551795
4798362376
507858408
712713408806842368
4182142288
428304986
1103842022
2479620311
736664723505086464
464045620
334750846
821719770
3028809503
2342101993
371781632
722850803464015872
437533038
154896410
1219977643
125022031
3131729685
96383439
1601362758
1106516964
923347921
1310811456
2763929843
3300962806
767783947220713472
3021204969
797905198811381760
2376928902
798743088206319616
584739670
724648551561728000
2572209035
481929883
705158956
1209522866
772799394315894784
1354757180
752244313875251200
283080198
411432358
1683864650
566434899
751336554564583424
1270339064
1181458416
3168011729
1077110826
3638802375
135547288
498316348
265385204
4579125253
485614796
746774248715345920
982932835
793787252040142848
447005422
3143511939
499227001
2294674471
417101186
717800486078976001
2271436581
3166400685
767449120718061568
420600920
496982040
3063738106
2658993140
804077736188870657
44098068
224940210
744518687617593344
58159094
1168974246
596955861
4298506517
430033435
740672271619084288
127480236
323133173
802875456747962368
944269080
313199623
1568556576
492688472
17544028
599807864
700388922430504960
2917603617
2706476465
413786539
790099830
22005108
266643415
536317621
383256282
780879437218840579
2361360169
3154269976
2921972553
2299665593
474947789
708429391
2743416479
781315176
461032513
131989358
370642806
1327639712
2210084110
1717274785
1106530849
1158164456
227438020
3079246066
2865546393
30864775
2465900299
2223966992
1015037964
1710149400
430194752
975716743
41914935
791943046396940288
3304738317
742705128533299200
445567589
4601698335
451284372
801934415526002688
1558834609
2868860479
783025828326244352
1372596200
498799207
465446000
1100783203
128880613
1000188997
45637935
759346461758939136
4212866417
2444235358
218923278
2416323679
2168147436
129847828
307895169
2361959873
425686235
2495079298
85657467
544221226
1222409353
2367385878
1638911868
3028742807
1384913983
2242729885
1005353498
496117967
784018656657305600
440739435
2843635689
116470630
785405593330802688
2332571271
759129447022862340
1848219511
1434038420
1734072200
533059229
559769442
2417446748
3031188244
1610111144
2605662403
490726710
712647058709155841
723963523655720960
738080134960455680
608157950
2498958865
2349060598
337185218
585968039
1924562743
4220464763
1666144496
796057348435542020
369749865
406877049
2543019165
1692220926
369728921
751063251476242432
4688664552
2841263939
758291580793094144
406469071
946249914
2379017327
799937623309565952
419824870
3333003592
517802726
1580199242
90849691
782138334
219005924
1292021606
243797423
4905992363
416165363
1494873888
984608412
713175317
257848728
716326404707713024
2355249940
3046529709
2315044228
440991666
925439816
1055797022
731252371226042369
559513996
804080566949859328
80200885
699694791878168576
3360296693
3376006312
706097800040357889
4393976543
401709271
519330046
791671139521142788
592100212
1705424929
123235814
1139422028
2429625547
478026574
860350934
383842954
796246539668692993
205305015
363795552
142454814
710498404531630080
352321483
579271577
2450147531
136006220
751725458631327744
730213884
710209510263136257
1447215498
2372381341
45514913
1379254362
3331413322
1495618316
2872452713
766066296618414081
576523
467359617
797197311201972229
561375612
593101773
471117838
142204068
427522940
3343278628
2973508025
2910674200
256660513
151482583
2316972126
796181961513504772
2181953194
361403479
859927674
1084193910
446362878
1615176902
705813420973621248
387585601
56486080
786135013729402880
1636528548
207070244
2735997057
1348698072
1120077589
162654200
910930645
427247573
1296801535
1498709755
831981618
126939158
103646510
2986947023
3222700497
2270694999
487041845
1244857718
778703906356330496
1433806334
4797073893
59200159
3301844175
747918158783201280
1627031726
440207914
50286652
2232778082
424241865
2434019798
2614227554
799223913347747840
915969295
2902401513
2765029378
2354395787
1025054731
332921113
1413094597
3226558563
3195217666
4446950260
776453763624214528
470364053
2286936794
704598502
1128760278
4586557397
1020370614
778900450812764160
934476271
1327241030
1465205899
562901844
836055234
785032312123719681
2894401564
514714806
1142959554
541759113
3025616883
376852479
2463100707
2838570387
158455570
742397759991480320
45217308
1197644424
555408466
319889616
747263
788744375249633284
401568346
443903943
276102090
3192098591
3106260993
325760306
3189500505
134206590
1231882657
2829230812
1479702782
748252291959037952
570873859
3425678355
295786591
193913196
1229121186
712081496
224226820
476836933
789699968
2909929737
1231366670
104239528
1228391671
2555751045
250060442
3213490474
585776607
439034220
3089985796
722098819110985728
4631600495
1017325987
1311687600
2644998883
318574961
308905321
315786202
1028060143
103047287
507724462
2343281118
955750106
1356675511
3038103838
724894143688876034
1341462944
470257543
66739125
1068648510
1161059923
203005397
758299566093500416
2431985092
451483593
1157043744
3019669299
524809983
1361466631
1114933988
932478324
1375641666
1729146290
3005896461
787432374237822977
2519577459
851981688
789443113651699715
418918882
742455271
309178760
503452485
2748304043
2277863537
74489551
713058194059304960
2888908630
557823160
368588066
2201613873
233597865
1128807018
1001239345
1154223643
1394277882
3052641775
2385763608
735276903624380416
309750549
223404787
426515004
309347048
4603645649
784042481411317760
4851423724
4842523900
2445913698
22674272
250080066
1280953482
369384908
799177228672237568
728925994233569280
426094795
1346887926
17439787
1911991346
500053935
531517876
712622503307423745
723203630917136384
2491534261
93719647
2163496143
802243109291749376
2338719661
385629965
614129819
422854320
794287344715235328
838693075
412250316
956162408
1871088685
255453880
1292204629
13727692
3556563795
3067467537
714896919349346304
990581779
717452216840429569
420366735
2443860315
1455785070
2322261107
387317575
2421012193
800409968021098496
635489390
312772509
411370110
2501546732
961283478
1370502229
143004001
2517110586
4414946656
1925699017
320840126
752137834077749248
3331059982
23460272
703875686218522624
425365839
522667905
348493456
359852107
123231777
495011205
445689673
1712653148
1044932990
570274433
733748444133773312
529431381
2353092296
777547178516553729
128948359
2575440461
1066461174
1015689343
794959506581098500
288365363
3409053184
716591970106417152
2704662807
733133940
3008589310
1033539973
4372999402
1208853571
763388821677469696
4827334628
2386835695
156316785
1598877840
512927236
753856766639824896
428134332
3684132136
1234001538
1328501954
3930314836
11514672
746826249222430720
3130622027
408681712
272350720
3108844089
802454590608330752
3740240715
2438557189
2894775544
385088302
9808092
1976450136
1410209468
400103989
2279477919
405196197
799754734315782144
1275308629
2610299144
706749882514731008
382906147
3095233408
39738523
574396225
385456063
4928491697
280242927
912313495
1274581027
116750021
96343932
2544266245
2909426781
92937715
451003130
2522389350
413025596
2772829228
2188197909
430475387
792801019625439234
1928484866
721911823
2942209786
859694112
78674039
788456311684030464
2845429815
94529815
589261384
263821079
800826550304313348
2927049323
607985679
910465218
2466589783
850130671
500775119
466383201
556658329
836271002
200289788
1115625631
2745585660
3149261163
2198193816
955582345
2415768917
455236437
544700808
1277793402
542548905
4275415887
147567047
249862119
695753
1075391245
245924561
2347588247
281573123
1194951343
358794756
747451360715616257
978557845
539713843
434752212
3341975913
579662557
489583182
390228893
462427721
401438300
2822232480
2811584671
2333826209
1015149367
710525705277325313
2312169774
523343629
14110067
4204326923
462772665
637292613
451473769
195792208
1395104083
2436608759
833640918
780019183371378688
2180545696
218067973
269929523
89164664
64789750
2197952929
716653596654313474
236565724
2587940700
1929877436
621812750
381129608
608125539
631778192
723094218734862336
446974952
760806683564240896
3687479603
765113425882218497
161428463
3326878185
3001145196
773074386
603928681
2350615438
373219208
732206617341595650
1923616602
763737673613840384
220996437
4273349056
233963729
4869095007
1055140058
488843157
2503806893
2348228122
3334602243
2776380137
3225158405
2482110542
742094210447335424
1045962650
10350822
2476119007
139345099
2860075751
2194877690
1180622503
215278944
797457221563121664
2352343378
1037057821
1265550168
419630516
804071341867540480
804064166118035465
394957022
2400560849
131238747
701388779114930177
732701339801780224
2360232808
29960852
482969926
3064824634
173389528
1880399689
310699995
801867970603601920
118742948
2359406918
2922539446
488894721
883065655
520339482
558124980
711299618219364354
576326378
3092809936
3153579224
467573735
2408728471
2309237552
2501851306
356050856
775636532
1927387476
733330743800258560
802664860744089601
183812823
1055331438
2800729570
238990492
407051453
300798803
1443168548
387198659
1499227555
488663330
2164608279
756085177709916161
1046985805
4805159374
783307585206222848
3019629387
564388390
483258299
407040793
2540030877
4864281946
798187756761546752
2204963370
3328977022
1978729974
1058200926
124482859
3007603659
410764821
726150285870157824
1079446351
3244021258
228249426
773809375962071040
422844048
803142542946693120
1372461787
2208172767
779986090707021824
2360784420
144556859
51167606
428897370
360630860
250697308
2227272272
62486236
2438340445
108869321
849951920
1539421987
2427155309
199656773
711250614995558400
4806536835
511676243
2999932538
4024983855
97962621
4867693204
3026614547
2578671909
448631884
2812859778
2361121173
3227318753
559609344
1099384200
3306842937
2608779441
761859689646854144
3422769471
759853330692616193
2479999514
477757835
734451732311216128
750013757691224064
41544005
221424835
725882047
424498086
2787878054
1142854800
489509762
39273093
1539407683
428417530
104612663
312168478
3041231505
745025263679963137
2710203335
2605678901
2299157254
800282029254246400
1203674574
247209095
439386203
1646281124
1254324948
1077736116
1579008720
2217674274
489336103
1009031150
4657568061
2520000468
403997300
757875200050470912
2239737678
794652233258385409
1313490145
2482482240
268905980
799219281451958272
728056298
801700087525216256
3107458432
1001303996
2235047637
46471818
1228335115
2821329929
728188723075158016
754987361637961728
53481195
2654073303
325102968
406980942
517934877
3068966572
399250204
419768382
700448999610970112
142393098
455266241
2369953109
385980814
2390747907
733695386846662657
392987772
2489764008
1362080809
607400352
248453535
1236535783
2239697994
733682452602998784
743187888205078529
735788453737041921
1195176624
749469043
419951447
2189633884
1037692622
3202597630
1384265604
119506508
534850953
123272707
492087627
3629322863
1117576526
3764059997
2472761502
3318421203
592520341
780691170
384433392
1603537111
3295153623
517876006
276665800
513032518
49044510
2465775372
102119771
1103450372
736680442624086017
331067583
318988340
459219814
987298224
2984790724
304661441
35472464
794234183128322049
2173027221
777855788882812928
1454614525
133692338
425682891
3018648407
390573861
3313832169
1356311990
2275249630
766644219930873860
1272944370
3407428384
930659928
2965497142
1372918387
529483712
1128086798
2752031038
2375216695
305255857
985118000
741541393496199169
128998224
142807042
350535235
784398647471595520
1013629652
584746037
1039675664
1883696546
726813235782012932
186388441
270449964
2892298719
757899059399131136
496185549
127302531
213274510
716771729
1667977860
3357308483
27606971
985284978
751427795432136704
1079226488
422131372
589445550
51727698
1103663557
725060346776555524
568604367
1096130970
818183167
2895608547
32402183
418227596
2488588980
317188499
1059881101
47368925
477897185
256689270
1068056972
789786960470614017
1112700469
4483480636
133030062
468607926
790164996667871233
411800592
709634135288111105
2600444834
1009626624
1603515306
705489178
1281018260
519601450
4081241908
1063615682
2184944111
488775925
1650047688
785907890011840513
409427594
269189626
109232037
586921074
2950936654
1109152964
546956225
803115076672700418
4024081156
1897585116
1602771703
187965822
253164055
2330564455
4850404991
430437851
2415224956
222562890
109001462
483006753
158051510
548527501
417928621
3105108137
712430129763512325
1019758290
2973459185
144040138
950270718
955568864
446929182
4861559277
784525968
288286492
38205384
756546140644974596
222411571
2751256629
3032272127
3324994840
215686278
802602440726081536
954041064
2482305961
772136635928633344
831827472
3026519279
351555225
438476133
1744529785
22044386
1543229070
2872332023
37669592
533176044
942010068
1471491456
803300175955558400
283445858
55360087
793079724088131584
2858759915
999474469
104135821
405192597
1596129524
2819178244
3399848795
434360065
65004657
2211388062
149102823
716194484200022016
368595599
621058999
759631470
3107574627
770373972013768704
178684663
534655010
79036955
1179039368
4196157927
228162663
1120118342
122029401
2903029769
13294452
2831165027
28119689
473166234
1041804853
2322160717
3044568287
505180853
2174535898
348141611
481409710
3395984483
400919857
4480785615
2358475547
3197336860
198234611
34652704
436870309
414978233
487914485
202614912
172034177
4915455880
492497179
3375673725
4464404368
724068270
2246257107
433725175
478807479
1254834728
561473002
708773624
377619841
2511279754
2883152433
2986274967
493239048
989645683
4143353975
923213636
744961229853167616
2510430251
891828164
3164390831
3309854039
1250057473
773325167871287297
1359735968
4426518575
591319709
2352305154
970462951
306257847
417947467
594515731
3183512487
1611260352
255928261
961524896
4233982072
354165740
706434058016976896
96959346
122497273
494442505
2604042187
720897240366194688
2490158805
107729277
2837988653
3295022861
2260660337
4851430133
3375604709
4830251404
3012286540
2194894268
245715438
541114609
58636171
452444300
773825985590484992
2339357169
1537342195
784318068889559040
353640576
4105925825
56803647
925695715
4188604709
791628536557793280
570833587
474251278
211090942
427739699
972337386
1390584163
705451641
2821597763
386154304
2340552066
778321813
964333646
1098221046
4854526624
4493808615
788069672679796737
2860233029
778753237721706496
767377143848439808
4355636235
2228813671
2345625552
26982622
113643008
793725735047405568
3599911995
478998948
492959239
2478734790
785934232698904576
2798466252
2349902485
985314487
548467598
717334646405611525
573986602
2942381427
4655248997
1169515040
453644661
380294340
509925169
491225607
4227664641
1063015987
769478656498466820
433435963
479628118
897195240
187196983
2441575992
803617893464215556
1586227562
523331583
764290269361664000
138800969
751124618832994306
1365340050
783613594810351616
319578825
576487510
521831835
431658112
3384511240
283990132
392189501
2352059977
1227624775
1729765459
4139076737
3094278383
970274028
786233441742364672
2848348516
39028896
2919591365
827801822
1357198874
927916422
167014241
1368048013
478622166
309784041
137687388
522595824
749314056981508096
1145650134
2682909786
802966505084297216
68175251
3291812223
517937329
352926719
1291622634
1330050397
577308753
969698839
3138188655
728969931853828097
547050389
788458787032170496
476175986
365932392
515635680
3081602615
328473338
1005116281
133038458
1071054073
736596690
406453295
422220675
781405127366303744
4098447160
3314219367
38739769
1470478922
2852162818
432637066
1645295228
97306503
377389027
2778755675
448083793
3414864718
698226027756126210
2221319742
2423583048
342296335
1151527296
2498384664
288815072
258246841
131450639
3056250186
477744348
722919613
1082984088
2726498655
3338622107
2315062792
479810905
2373222249
106673706
68460492
786276460080209920
1068702612
1949663004
1372859420
750400945520013312
1271977076
743514238493278208
2186313922
325165914
2677043751
8851612
802531601590657024
777131405616840704
766378262259986437
102674438
702432335078285312
2837751261
2405837416
435329079
852781370
1210086031
3979935923
1037579658
472047884
289213386
2257836094
1479178320
3723192855
509494637
3173819499
769128592299134977
384240252
3151825048
307465305
2767302037
762186331011375104
3237012287
1435095462
721303651575341057
2800030661
2778286474
716640728
788727641562030080
542327855
754240772833177600
200129564
1096331473
489693440
138832949
2250869745
772938597137801216
794822744840007680
52003616
3971957740
2353564274
490373717
747404363027652608
2986885877
136982977
923947808
428275687
223926395
2348566523
1223037354
51757652
2909682868
1228058216
4910351614
2218488888
1913892218
2449219440
2859316269
1012205810
2159876935
2755644209
517385690
22343118
4394434523
457889747
731908101750788097
486509124
2817131786
1260171894
1308988975
2676514813
446533717
85167868
1011541518
1060051315
435325982
152323149
2951587293
2384687890
611543327
711323552054697985
443193400
803748942139760640
730380067637956610
2416492224
418849696
3225190005
446445046
2401743697
510676186
803747368390848512
406290147
2892216196
1227483440
752558441529573376
4147056975
2786595941
708289018233036800
433380672
1858411734
630063443
2533331341
227213706
1031432587
1072129524
1249472298
3368018859
365664894
595789525
428300383
813659052
3874469260
1644683106
963144078
2148135826
480364996
3049633374
1130709956
209891777
273360215
1274899394
1224757622
4229498536
722684492
422173760
2352954268
1112850756
459317071
2937388577
2846559233
1735223353
2208789310
4187567045
628367790
2570957394
710864700851032064
2729449693
310195119
843757543
3006382739
726721856749842436
50662478
2941915384
3166034463
3176594760
564360716
333434977
1480106364
448757832
1095937459
2980878029
164680904
536225770
2780496731
2178536571
2203569688
96233686
803628976593772544
1462217611
183609827
3918456983
718137526783967233
476224626
303219287
2679377412
403444000
2945491781
475583491
781034881073684480
4724490358
280182034
3208363431
1066998775
2568440673
585674249
18579961
855409538
473938490
1384855346
1001628942
141529750
377660882
2983119910
4416586894
1219944530
2319505332
2857413639
304560022
1073912359
21803228
425391665
405919398
4359734896
712357206465900545
2960484382
3060221337
3588475175
1037713867
557366826
1095188802
2319141767
1088385948
704779333307650048
513021525
3124079014
783760924649947137
465415975
2466016514
239434137
406545803
515615524
2992982729
1088672947
4089359207
504950964
575437784
2315669589
142423926
3860196976
1427892332
48981619
1358611800
73065144
206831627
408025990
3018738275
51211942
2889852755
213616021
4063380377
1039152966
806849047
991807724
526838409
801906268956979200
2391597719
783020674952626176
231807211
2203686361
970153256
234339579
422042010
759712744044056577
2725690953
787883346449801216
4229963363
2251693238
1488338479
2958883751
1063947145
2898075617
786700629053956098
721432104396025857
1857320594
1461760566
2362666795
789417368103419904
364158916
2231674388
557074159
3349425333
4352157376
1024992674
1014870637
2369010655
403920729
1100645634
1275239096
1586042605
498007394
90593797
339559937
328022080
3101946463
2312996169
590188450
1621311559
136585599
1264214780
45140845
3182253213
453813069
248447553
508768772
456988512
366258436
428376870
316364685
772120295465443328
2813435920
214475387
843223866
3072009003
46879002
3022753349
942400728
4915900165
714440237276119040
418989912
1009243501
3043540575
2656984642
600415712
463347621
3060193917
89412025
17546069
1307442482
29939358
711310994
1619917472
719147371045765120
1012939532
396626479
804069436491698176
875178422
776116078124687360
899672546
1260351403
760757323459661824
927074624
304038044
495103388
220308940
497298464
465732305
3183670121
2765052793
452327968
2746964048
286905390
415055892
2330870210
602182097
1035376896
800246297517125634
608420247
63142390
2992689333
752800121138581504
1346566790
714226829071151104
296475664
343442484
14069268
391954792
1930820899
486759593
2815530124
45859888
790567158489153536
577169108
429780455
559409782
429818263
51412488
85590368
518077571
423294786
406555651
3086975528
709985365206106112
61292316
3036745805
2342517254
432688797
324936579
306180757
324262863
2180831464
512534556
3291626026
3310777829
2431061097
384760605
483671947
226532072
753519234710376449
2780350163
782577416548020225
2723029636
776897408143912960
2273249119
1061060934
2784216706
3001315397
781954997806370822
2167432183
722050091624833024
381221179
292649689
587433499
110190828
595680879
3314962654
3293831915
451303376
407685623
785150345135677445
368935338
2241274927
450999685
741592495155478528
396756630
2975628645
917041897
474397380
440724583
1694585623
557827565
717894055405961216
417218503
2862651441
2364035995
722053268587855872
353894758
3293158150
164780237
331629012
3977951957
389920206
2384025086
2163487923
782585681990279168
2767354107
2816638404
763353589347672064
488895138
2469186961
477582182
215762717
763025898736082944
60995609
2188803397
3047652054
508555134
801422494708236288
705462413169205255
2948897212
761582724176027649
1061367398
1874790332
1385223960
455756647
3110560259
3031672891
740031002
1312048352
598650191
428915501
36430879
89212874
71887780
3169603576
2687289798
313514631
3140140060
813815496
1264774998
436248368
127520006
1144028347
413217587
169510626
3252775852
425773398
1935291096
393281187
865892366
3357091883
215187433
2225303229
2739787766
1032967056
418221631
17565436
2469903331
3334148349
1308057632
3230165817
2189190782
338646883
211226743
3044947366
773929798192300032
415056338
1679279490
736361638895456256
3192285299
1967120184
3165299303
3300735423
293511877
1037286848
1204481552
3190862212
2481748609
3298528972
719993478147653633
2535188654
1471608194
422529041
775421050054139906
535352103
1294595622
392552289
2345206182
2480246000
570045852
1360341044
554504621
422586035
1915578642
105754068
590393555
2231650657
524475101
1729205360
2286354934
822184940
228702883
701716640988270593
465753888
410972234
39181624
1460362758
458146177
2477603211
533567185
1327803948
3004133483
1472290938
513330938
1380421874
831665582
391034680
37434853
507555986
2457219327
773161248099803137
2895069737
1367962406
266066911
4069173009
1037995544
732773769824047104
4220172382
1250188950
140629189
758304360543707137
419498039
2962475685
504354294
318615150
768783082736455680
703927942192173056
489374582
794302419203215371
1635753799
359096965
58016005
804070542311587840
417778429
1362506611
2301960876
3408637281
1402688845
4821717928
1108966327
440152678
490629565
2400326462
413541326
2231919056
3295662571
1201957429
265025787
589291887
3401227875
795199918017130496
2155570437
759900620
2886982929
1061027394
51522357
4220059354
986744112
1410109662
236335841
4459087695
451651175
1029226392
567159863
970835599
200888646
2942275894
99973010
2256723448
2178758289
1644456139
3069843927
128609755
3457524023
952558944
3318877703
496477841
1212034646
761729339201318913
1163796132
4883029437
697799370297774080
706811280783491072
363542054
481225656
256443028
3433982391
737964567737864192
2373907857
71304426
2542387598
1086700214
941772781
700417503944695808
272112410
950448152
2521671494
817379509
4887041525
786828737958535168
364241111
1969190317
3601606947
1275988495
3947410696
1116671611
252585311
223584477
703511639
53478215
2361085733
321375506
2749566881
2609794984
475248885
2502868003
104919938
785459014721212416
1849298862
2918046219
1096420074
2557453016
2805323313
489380422
70951142
4054445176
1947465200
431862853
768399420367011841
253175429
724811216183562240
326226399
554703131
2204128029
2767355170
428418598
779999286042001408
1476718243
2792050237
1277296867
791286819140829184
925137320
410627179
3613181357
231736009
219540465
4300612829
514909259
601134365
2212470754
1172836957
4893370455
2999879276
1103554206
3207511185
99743316
1210858525
930194618
2866250985
4887827675
2741727190
601368027
2239285988
1679376193
800798359430696960
3014477295
194976587
2842875700
4845999597
151826671
97911351
412282966
932393936
416094664
288204711
1126244166
420548533
4254101320
470480835
3049826433
3257187621
2960217431
2247093145
3589544177
2445645806
483368442
326481496
136012345
1166261436
109573130
921713318
209249028
916326246
1532077525
587706164
378706057
353575520
766471224
550877040
234445362
767397722857021442
2361309233
3207456845
774612532036329474
219159765
2571088997
225599409
2899554531
1357710228
463841107
998124715
2396162744
726108618051997696
96540920
3308027920
222170521
2951279819
503749592
2271999013
567060667
2153812941
414174311
1130420497
2574452613
384220760
780806706066395136
2278659026
479575055
1710006104
1704854190
2307374041
748139485335011328
797123652487696384
802150000440569857
396864261
855410450
4617627196
4702133172
3351692872
541380107
2921447206
539157045
906331746
236794333
2168141512
801830559181901824
3081364798
1101963793
3402750436
756726681122004992
366252148
467232496
3171167135
94528769
1890293305
2936766136
2359142030
926301210
40433343
67734927
3224046916
957885578
703163427947040769
217021420
22637980
259949070
745595735966613504
318487854
597546745
481359440
803873999960817664
1857295158
4451197595
2612652422
3043362960
257709473
4405643841
735980645273489408
800327474106101761
1327867518
257223860
4885620221
749963389
2346948298
397271314
841520510
427201823
97580009
104814432
3430185532
2795115634
1277182454
112805407
105433403
472303145
567739842
3074122662
1086749148
766731574616424448
3521388197
774695874630909952
400798557
582236593
1316630180
1190659814
1009028191
432211151
391626604
797374091959406592
734840422225334272
52011737
782890990269001729
427415956
2438043317
498439069
159463958
2329940551
2574266145
1360384598
3373853703
2367834092
885661050
1324304905
63060955
485031544
545136488
4063692863
3218016436
3264794374
390317285
52305444
1377648812
1089391746
795384502734487552
621771505
3430565794
2955136911
1412500075
995021599
4690285087
42689668
317305371
500881322
2163514121
709427870419062784
49551708
1062966253
773956774932127744
713721722613211136
498846820
116743111
792614406135873537
3370007122
439454528
738311371255906304
989582592
819829657
775299421705732097
414388459
439487431
1015915699
607517520
3166156053
172170794
391679046
2850871143
415437027
435100367
838223696
474026222
1506815232
3874001362
1289725328
471232887
318713537
449819882
390250086
349649017
3332720836
486713414
2333450384
88633593
2367128011
331496903
764164503860903936
950642215
1063694274
1886228065
2375736855
1278700207
2927018079
560883286
872458585
136976570
859867832
968459856
2920005634
270623814
4284959421
397084851
2396793506
2938313507
722086969094905864
3527260401
2196650893
773792248735666176
3033262155
899978641
487006102
2464828514
3043983597
490520691
787748865197875201
3036587481
3121661467
76893624
603612465
305806711
937463430
242071863
3002875031
705029912265097218
1239921037
1121935962
1632825432
50584579
590833841
3995124705
557109640
995642131
2919628487
803336895820341249
700406264937971712
422947099
2190915769
1336027495
702597457490927616
47298412
2418898621
999773377
101858538
2238886936
2999484970
2587463268
903701676
1418976222
1117446373
1122980041
1116548774
478985096
442314209
1120206308
2422875421
4877607875
216361540
734286883182813188
751148634398490624
2966187939
432029868
1090249998
1410963865
144117296
426712009
113446660
1037152033
245423060
1011241314
787611145083518976
486478353
2415685429
423502830
724573957781856256
2432208854
2973337469
108876723
768133193291722752
804063658309517312
558591392
720926715917307904
257152245
256891601
454142762
3300431854
3135125350
709840307249090560
788016239188860928
749611364
405498561
4203607113
256491020
4216047437
52337911
234085296
1594104012
482200286
241289430
261233190
2928096323
447383607
2332028285
257953952
3011035791
87950192
1171869331
1549289318
232559332
39022638
964460408
2359465576
747482787993747456
937216831
494488032
205133353
383052987
482783302
2961876645
2985347933
3168904809
764799963209539584
2875231648
35176190
576539396
332885533
1043376626
721961955079102464
898297518
461127452
139678228
1321204867
39259372
774766990124802048
1315271774
3192045783
448998373
771232888381550593
1249983648
3424717246
3105299290
337155946
1267065014
930443094
787800174328414208
697822738510147584
4913717650
104270122
430743919
2760592882
14162223
423363055
2791644545
1063955917
1162248949
3784465997
2163227033
2282191525
947879034
2593011755
1295101627
1060395978
1010820098
591144361
2781784450
3928015222
38438354
711909518121312256
2418774046
1117558933
1030992019
2995507655
2588246800
4148198415
2940755837
754232386259476481
431978037
421681339
4900814871
45391969
2359448190
2386237696
2273740121
781136131140222976
31255401
2415780762
15105263
528915795
797805269539520512
1861352574
774133777412923393
756897730069405696
263686293
2387902377
3862086448
414624461
2312712778
2361394675
1257848173
37282173
1068963974
1829960281
3049910135
25676606
377199894
721746953114120192
2282434144
298123237
469249349
980614603
376778181
2282469222
1236577764
525472430
1680114756
442675224
376388605
3909811461
2844329429
451409301
1274346252
790269417603162118
1965768170
1381292604
141508118
36030252
