736166324028768256
372273460
1662108194
1265150719
2787787988
533329366
926261881
715121732110172160
434783947
1055367092
2511415512
2597512767
13382082
101765739
545968677
281104969
3094969685
464857095
1283518398
361808481
799315802130358272
2353634446
396841926
74537803
735162653123846145
737691796701097985
754047942240108544
3152228475
2480352662
497798126
775304806332243968
1630204784
752185006517346304
422340734
853635661
194972957
130103067
273954815
703708224168599552
1009689127
68421930
3350936242
1540142966
140169198
221064731
438236543
4160203479
723724768470568960
360518583
20910977
364906833
2397878181
2225499673
564876371
708270672817082369
1037846899
2984502441
4824031401
3126770075
1199579786
1015392134
2982641339
4173642952
1223079336
417993565
1229478864
3200053252
1359299438
2887193787
566489601
1048291818
192258181
1352301782
431080962
743821644150476800
1894270790
180317088
213818443
2231871937
1524453986
3630722294
3310422237
1307016348
283636579
701425649169338368
453277617
229089974
2150969605
3427709602
216032839
423732690
870395221
452010658
2574033231
1365472506
463591267
3120975586
794538327085084672
527752168
168163906
774047754834313216
801730510930214912
7184902
2291700139
447231795
725372180188549121
945407058
3400696882
470382655
880920558
781046072865087488
50346361
758014423541903361
1176618985
133461180
811076442
1250267900
443187387
2504129001
725741004876333061
483818680
1338839544
461567074
3109698387
696294331716653056
3374298405
87967184
3344602462
967124340
99964869
2267206189
493949099
1039048494
573081544
761151413330255872
701109512120492032
706711917
1734567211
342641955
707558440235888645
3131012013
2427311741
325127006
553321184
268749571
2629123617
796996456561442816
2812760284
3132931045
418037227
314537220
493887925
4805442333
759675705647063040
3426670696
4069821075
919502593
455612937
709479074029240320
498234811
20373953
2801667790
474018399
1114098782
1562752760
738092501853216768
2512945530
4811969481
1319275574
757950065466015744
943563758
3155682418
418048339
2939619755
329937650
392962936
964810638
2149606038
397199507
2927551738
4186758514
419743304
1635670363
1034417863
496437886
48090650
1965030139
501598774
1346854957
3555782356
53438498
790540888237830144
767772101503836161
783427641298808832
53023752
801536179145424896
350226442
798570804086763524
545121376
3064967020
795290773642215428
1051114320
577362844
2206083227
409444860
2762063815
513144334
4092809355
785540126277570560
291328012
519270696
191488665
416372229
2514019774
2212714795
1151882539
796334964342194178
634575700
3061816905
1460431345
714739556747243520
1701341054
4881271245
444823583
3458047347
4706693655
136225328
2272893092
473107684
403273945
390622095
86342681
700397826824654848
70054648
1015870262
169641907
1114675362
1150449175
2376999356
382562043
2521854263
708028845950169093
4534673776
312572813
463969453
2400347005
877434170
800273738805583872
2447803388
1427377026
464145995
4858527059
3291493733
1026513577
151639390
193093990
81230879
704418409723904001
1518874812
984814345
967615364
521337019
799538381294338048
582622919
4794810907
2526968245
2758967786
221786542
593976757
127532707
1903628389
799611304101167104
35214768
1972832178
50361109
589286587
775039590784729088
3017823748
3026297093
781749446908477440
1492509740
800699001687273473
1538259277
167085694
359900851
404821428
1023906182
436640636
602903174
355465240
2860101424
754269659998855168
73598124
4185660388
4714030515
776553725603307524
282643059
139055024
2729520336
587614054
147543162
1405748826
264211609
2267806358
2149812819
2281381593
580422411
353581028
1376730776
1226139085
1481960144
1259430840
1688268902
309533058
2911136777
749581630348591104
944519454
328172814
1006550790
1331086867
978488840
713444119662698497
4203955936
2588051975
1406267430
2513339808
507697095
412283744
2231561825
2847348915
83386342
4878317373
2877804497
406993879
1575383532
3937355595
232354583
293484907
745916794100125696
1054399650
995341382
2696366840
980168064
772074670208221184
1037077783
529606550
2850135335
144778464
1288700246
2962772146
262558531
121160830
199923959
794164110061699072
4856337604
319874919
349877614
2589503250
272382855
973525898
251663248
81318149
717672618564972544
783364700939620352
363616037
2360749273
1133516726
4885278863
604249475
2192271144
3313351684
868671120
3156038764
985254589
456696352
396237618
721942034
2262678820
2355147860
32963395
899385834
4182142288
2319051527
802792437479575552
2479620311
776421220451512320
464045620
590251970
2283466248
4073563527
821719770
3363987292
3043905536
376697256
310845038
131843843
1567906891
324946999
228051072
364189418
1175340216
1219977643
4854132653
345488835
397193378
3768498155
923347921
60672327
1260045176
1310811456
3279653075
22129496
1244567756
767783947220713472
1205594306
1316027886
455238906
798743088206319616
584739670
27833981
434505068
481929883
9820132
464675744
3871871513
4242565703
22005584
2517301839
3299318579
2282008813
1333864027
135547288
1220232415
4579125253
298586862
415473030
3309946937
2353581032
777828215922581504
4702970784
3022681938
499227001
417101186
449053918
1150606010
202219931
3026923119
728850746871971840
224940210
744518687617593344
488423574
430033435
2270299820
3231526227
311111844
944269080
313199623
229120963
1179711277
428931337
2212485620
1330185060
2719244173
2706476465
599144874
126970118
2374899391
253550542
2360900988
2361360169
1470343742
51752908
385571810
723515103530852352
716756039580958720
866962560
794092015634051073
1444422062
854458082
2210084110
1717274785
1158164456
790813980180840448
28820399
796332127059058688
2651274657
2800037465
2318171590
186097633
4133217027
1318670960
241602781
1707854503
2406904744
3223929605
3502446675
741250447781040128
227372839
516916433
538974085
2974399810
3124240699
1065188138
744263355536392192
2628648221
3402412755
364750418
3324571887
1479828265
1397232085
365065358
303810430
965068518
118053242
536395566
2592758547
801016452455219200
2239534579
357768740
480645077
85657467
2319542538
4856265497
561077546
1134483002
798635240889651200
737327544077287426
409474239
711229634
2571102050
2651374166
761218843482157058
4196781983
1638143131
2332571271
2774751706
1028897996
268744692
3034201259
621194070
228010525
1434038420
2518805059
553445487
2509301951
2199795114
989648000
725059657295912962
712647058709155841
139681145
14060262
1035546902
22025138
1080423679
342308195
620351637
337185218
61574967
348374702
51271311
585968039
2385799301
3389194037
1057682683
735454622509367297
2340110677
3109964067
369728921
2868084261
2572975391
413125526
783200025853751296
1229273522
75590296
2558624849
50773283
2365498822
49709806
1533213979
2530314205
1423665996
4823563071
800750620818800640
4905992363
497384675
2807420534
777459989942300672
2504436965
2979240557
225105585
362476617
2341840049
2315044228
3371020601
731252371226042369
2543754356
728573094806364160
2863467911
80200885
742963347507810304
128978964
3887691934
802581982035247104
326674366
748253339469643777
706097800040357889
4857502355
3155822716
1424819972
2377659242
169939494
2471431530
592771212
2447574735
1852391984
433735115
4032723244
205888140
2527780688
478026574
796246539668692993
159551952
58198240
2210419316
462764304
573977989
1071485604
579271577
1357793023
192640902
1173130836
2179652340
371485619
796684829014245376
2186945998
45514913
1379254362
2358348371
554336117
2442834988
421322239
512664948
987455126
106366981
2872452713
766066296618414081
745970601068740610
3678651555
416422287
594793423
568377117
404756677
2258870403
290093767
2910674200
2259040253
2973508025
791034319301140480
134440982
417111368
1368152558
964876040
3233872114
1219626002
175127426
424907920
1615176902
1285648478
760240948488044544
705813420973621248
802979230409719809
717965900062793729
1636528548
761303645518499840
535318339
777140031957901312
2209483797
438849246
2335367718
2341083257
103646510
2787897519
37507247
603531704
1927514694
2359496138
773573943978590210
1165412916
2385918867
4838146889
473659309
2283356738
418709964
27882426
57641029
504894136
59200159
323889720
586738599
4058624363
130861875
1055076127
736249730561409024
791224292918919169
3374562363
2171153391
592688115
941703619
342681065
141258073
1025054731
332921113
2365252169
304598010
370690455
545384133
1111297184
776453763624214528
1168797480
4827008141
2199751192
1449796104
364165033
3130577031
778900450812764160
936708194
1454123221
1004781943
2777724153
1187728657
785032312123719681
630459182
2675356905
172382368
1618073041
2366790998
999371760
145561037
2463100707
2281439973
1037411684
2304414910
20515207
720617956540026881
48272554
2791075913
3405837303
1357159903
1105944535
834267554
484257494
932396101
2394145762
480635666
176921640
2410911599
130113390
15491749
515350705
3772514367
3345161205
2329972429
225452143
750670310
1229121186
1067008310
313331114
476836933
1680443870
122030995
225198604
45114956
1268009264
3213490474
1088677627
1007254188
2296153657
754694678314901504
421766004
518743903
305549528
2644998883
799504971502944257
1454233897
2224962167
1064261450
782558833835147265
2982897975
1028060143
2351775654
2545066061
300583424
1381489063
3300230453
211547752
528699157
791781135047127040
3038103838
291614450
1341462944
470257543
3250755929
357392399
1068648510
386450799
303365029
434253661
1157043744
524809983
556818121
3881560054
1854556328
4128320595
4213064554
4857416872
366180331
4639593141
613387563
2797539111
309178760
2748304043
714002059
772125245796970496
783366855952064516
930237486
368588066
517846120
801092954454683650
161983199
2257427185
289400495
755320994131247104
492167371
2727239123
3294587596
3414835636
309347048
2948155437
1080493914
708669716768886784
2197175103
151106698
781917269664395264
951368623
387570402
431471830
734026507685928960
26295447
426094795
17439787
761171496219865088
142690511
888531398
761190317127327744
723203630917136384
2491534261
781801540193488896
283467587
600136789
2835121973
1269116011
794287344715235328
802059051064561664
2966503372
391466134
256909243
22834067
779306269190553601
1076496552
745550146818154496
84300444
1274882076
88014506
786494468190941184
159285637
592546016
1853780203
3295658451
186399539
275434452
934197043
14146095
1000374344
961283478
260230310
191059037
753700981
130510445
2512327216
503455114
747327163
479698567
3154530838
485841893
3197165667
2730593590
543546376
904438754
799313616302440449
192165373
1106167964
3436942246
243563921
348493456
126883491
122476603
3338443151
1656227935
2346769999
161450764
3305434241
283107590
278422359
365304824
888296226
4069758477
263037408
260150517
316986519
4105723264
3873606135
557229572
1035009296
3034643483
773155625127796737
1171683612
2716446892
1033539973
411048509
3199220876
20432064
749985750121340928
271468279
618787400
156316785
135167434
608149538
2833760769
1356882974
322037405
134554873
803112131793219584
2925423826
1626090750
528515428
98921343
1655302813
738491898688622592
3130622027
2940410703
3306933772
397245294
841735190
2151597338
437710793
23384495
455225314
775301877512675328
553392203
1171310611
1099059128
497996910
1712830392
1035460693
2320187182
473027302
2694982606
793850754083725312
484622821
799754734315782144
4863973245
1028662526
3148025625
3095233408
589407736
763274024675897344
2185623257
845313296
392638414
4864104742
700841898
58868395
4928491697
705034621
3372115419
982628515
356923000
1274581027
14460250
865077301
336091189
361341817
337171830
1859884705
96319859
492121189
150709009
1583613260
798087152806543362
381369966
371174340
334823484
436763219
748240006867730432
606731466
2845429815
792130389963857920
3367527737
94529815
591826484
385614406
106724705
800746715133284352
836271002
771824918400905216
1113995520
1355024335
2913833871
792459889
695753
17876465
405170821
755102530527457280
497797578
938688090
3130552521
273377056
1194951343
481457729
978557845
2338003979
145592403
390228893
462427721
1667805188
2283780786
197193073
1449979988
22616757
2312169774
829378842
3063216130
2537853697
22659500
637292613
773134022369275904
597518498
121424128
2436608759
1601063588
747147930742755328
1690434842
3348796875
472185426
114541381
978170695
776867281880178688
802293571693019136
1114681735
432554149
789012950585643008
2223036664
608125539
152673484
4826632497
723094218734862336
1357263476
760806683564240896
765113425882218497
1843782967
3018518855
1230361375
520657885
2984559201
1246162544
856094503
290669539
539150646
12041042
528673372
532572724
2280648054
55163750
763737673613840384
791287209508933632
220996437
786545828299173888
532222780
3117906651
965956884
2359320782
3225158405
2508295280
9476932
253542906
3694467856
2476119007
3068039679
571304184
1338967328
3135061
1036813327
197056224
3076820536
131446695
417070549
839726317
717393342686961664
3064824634
173389528
468742060
782497924232142849
2798763527
1307817714
2359406918
939204590
4194868005
2420586324
476857175
99702635
715083557581033472
2785334697
883065655
882872700
2584065829
4299066556
784340188679974913
3948685096
953895188
2302888393
287818496
787888638
2416229854
3119071163
178029740
2501851306
1960868090
4038240796
1930695714
1354935949
4318680568
66298874
775636532
764195579081752576
3892037295
458632561
117754821
2800729570
3297456253
4174063036
418609092
1419854173
353898411
1443830137
2214209912
390118819
4155844545
756085177709916161
551331260
2401418695
4805159374
3110315039
2530670296
109284900
522438312
2197080899
500583344
1948986380
2810679525
2959917485
4829874545
1672302936
726543135136964608
401701859
1978729974
2764309042
1128044090
4280485636
788739391908970496
3050450017
3404352773
81937838
72541442
104566770
773809375962071040
469826948
4160599461
165458165
48967204
1384478448
2208172767
406809065
193810402
2505261984
17288700
577331362
2589883234
108869321
91304702
1539421987
2349895098
38695490
421155334
20430345
711250614995558400
481267605
184567403
847193449
452151464
97962621
494400208
19067940
986382066
2361121173
97502899
3227318753
591663175
3024022989
2608779441
172398463
222436482
2956811146
148483413
3025519632
393981611
796310620543078400
3303871432
433473950
74056173
163879703
41544005
425153508
207122050
39273093
771759671401181184
406860321
1272137623
3917795416
370639956
486456375
389473754
851456364
4415027475
2373209560
299398861
39975495
1024976264
763817012506267648
1203674574
383910544
1646281124
2409273144
500034455
1579008720
1429916701
2217674274
591884349
2399247913
513444329
1948013262
435319489
468410833
2365011298
2277559444
2547567674
2363914417
391661534
3106907127
327728308
396146922
799219281451958272
786865600115204096
372448589
775781102724247552
2978233996
801700087525216256
1310591124
2315538860
553684583
437537959
459446024
493497596
800721722123034624
1231087411
1916736956
1298737056
38223194
71293003
219406236
419768382
398032197
1367973715
733695386846662657
3585739636
4737081682
1076089766
392987772
2945541934
458670095
798886486712131584
735788453737041921
2995908064
1218936162
1594277756
254943511
382539264
419951447
1919132101
618151340
464788251
1680697170
100991438
1117576526
3764059997
2472761502
2184758851
2355289058
371643550
1266649207
785129133009494021
2221643012
863020105
1042252711
782501678461358080
384881122
772075962938908672
1537629752
723584112586530817
983065508
4008275807
868360100
803184326607335425
369179336
2994896470
144804860
425060148
770466882
482343716
794234183128322049
253207225
777855788882812928
220750726
4446307913
795564464829595648
955314738
133692338
1642833512
721321945225162752
78553388
10438412
930659928
2216179636
529483712
595426729
52332450
745522720025128960
2375216695
2868803500
2819021613
2685569658
19422447
2465437060
2720679460
3310852186
431051576
3347525428
142807042
378014511
519379680
271803051
613766004
2409152520
1379031211
784398647471595520
4587842841
1357640916
761975525673959424
1364992884
264703894
98633285
343428085
721957168015126528
781113518019969028
331136187
19605785
1502429862
625487678
476917655
2416044272
773264636695248897
2230346403
3357308483
3305976862
2594893740
390665502
347971166
316374588
3305939879
2951253801
3104344534
786474228258332672
818183167
521625330
537538390
274014643
526379568
482329441
204041863
2444192547
1068056972
792349473548697600
56341776
215735286
2322849823
2435916027
133030062
564148431
743531036
1664604020
2635714649
1331128747
1009626624
706086896275955712
420186908
2318610186
406270078
1261316370
1080249439
295654900
2720575342
744856218771009536
390004968
475994227
2449051860
1357782474
951466970
4845019959
81360107
456674882
803115076672700418
419907704
46424280
448872666
1897585116
868040977
245960120
1393933706
1357773991
2717902222
430437851
3001519506
370787704
555019079
330260849
2832119268
866989075
2424988655
3180451295
171690967
250285557
789842195775971328
574642927
222411571
1063009350
3032272127
477543705
1962674090
953654809
1028678899
2988086885
815758254
783439386880999424
778276896215891973
801313759
1238996869
479764945
3024781929
3187856241
491699221
1037212327
793079724088131584
55360087
731357681613721600
518366373
3879573977
2680186468
3879187997
2819178244
29463669
3399848795
625219203
3122737721
419113617
244087105
2496989087
528216670
161740961
127627436
790097962978467840
802265146164998144
402140522
2819591819
3543518537
469603992
2375092916
79036955
3121456870
166976785
13294452
89014481
498308143
2355023489
1538261798
908126539
420464238
603513371
97035161
348141611
412424802
1244272134
312704516
1619926346
524453451
3080933840
785540780568014849
1022288858
1050712274
356975403
99475834
403690384
470668449
4112673143
4919187328
787718928638341120
1949292728
1041823142
164205065
2561253733
1062995012
2720583173
630851602
1085676949
742634833541750784
529787529
113962014
447370939
43814969
1071579716
72549997
964488151
3385872369
475325454
32469851
222460953
549451829
127189314
2795593730
785533550393192448
749600161899438080
379317467
797134962453581824
204800066
557642784
3000195293
1153571498
4039568062
3164390831
4588321522
800163036
609438275
499857709
893666054
50233016
537353861
2509843140
1121521046
1000045820
417947467
3342653327
883099326
186623247
491140594
447894409
1372167474
725949864
2597273655
741180294343036928
713625460878483456
1176499273
1389351938
573089283
803147213614567425
1125816168
2260660337
4759144253
96236264
771669650761404417
2260822969
489551817
409089494
789887372653723652
353640576
1172771882
570833587
791628536557793280
2231399720
211090942
2282226151
3296712448
770213977553047552
757477214690697217
386154304
561391482
4810630096
445476842
3332448431
803177377337638912
300217536
175557941
706491889701277700
629626485
866268462
1022728274
783745267707281408
1556735083
2181825023
236332690
1084247610
1446761334
2318477410
206180236
3024921597
1068927198
2942381427
90891882
772030120097935360
397291200
721084485190688768
4227664641
1050589128
1721349372
1026219187
100971180
3014521558
727899457145212929
2906326053
872497166
394233849
391279725
894946183
187196983
4024562895
170666252
2809935741
2223169266
3025669096
3321893073
298384037
1586227562
37768869
76769340
786855189005365248
409160450
2717886797
783613594810351616
694638444807610368
431658112
396459358
347497240
742656572086747136
445669706
281884852
1652723858
1444784371
2919591365
496229128
2828477103
472998662
516918398
448761968
3017974510
499200257
755165842862637056
251407688
730673331851132928
2154746892
122014351
784072008640434176
487396163
2703729438
484147648
2763812068
418028983
301171038
416124700
501874833
2562814182
1046168034
257665435
14324681
11064442
706067859550695426
717973854325444608
1291622634
797171468002033664
1617753811
715134939155578880
3138188655
533510595
777042399939948544
365932392
142802377
2371137846
725370452210794497
406453295
730034081698877443
755313289
781405127366303744
1556455656
2397844595
230254846
2219209768
3414864718
698226027756126210
194308406
320874837
175030109
767596251311407104
2221319742
3776006296
224351032
342296335
471893357
105355320
274152077
978937369
297548565
425695048
948171079
1060109168
722919613
1082984088
3179961507
2686321421
43888814
3338622107
995345934
91348491
405443137
4818340347
801461907794391040
786276460080209920
729079437875150849
199348405
404892841
66672821
743514238493278208
2712498692
756921009882759168
799340178854866944
52375621
97699315
3006375111
469750828
461933196
3333764236
4474043243
252676505
370345381
934627686
412410683
3148498593
2788765798
3723192855
2270541645
122063756
704431464524423168
3173819499
307465305
117026070
735727292526166019
1076080333
460176241
576433668
724367483071770626
17912290
471288163
707218166250864640
542327855
2305403337
803142385077207040
1006133983
527584702
2513804886
4575887902
385841189
4204183834
1069206085
79154476
2977934441
2975094340
754009225911758848
964719079
402658881
2463497702
335970126
3823074077
703386818
467307839
577936933
2315349157
471861275
2187901177
3814697663
477654724
703037640191451136
3758739195
4497910049
1921210748
1074173322
169042404
2388500216
64139825
799352721254051844
423537634
1076737932
821669178
410852015
779798718455377920
50673258
774281375402909697
2377412736
1249912915
434839840
724185847050960896
257379383
312037859
85167868
742048419208925184
1037288737
775767378076524545
484059817
2362418930
2809762856
408068270
973456609
87467449
2650978150
390161953
592647058
3400063569
422858171
2559438244
2244460336
4726174575
3479848695
467901885
4863618933
1007144863
2248562482
617201169
2903472219
2416492224
786481498660626432
2694520743
718402632126197760
223645273
28433379
549534713
789866400332611584
4147056975
803119207256883200
821879334
160011017
93937195
1858411734
784105196070854657
3296752419
4468775656
525636772
1156624495
6615742
93953682
1357718432
437789765
720515573
1644683106
744819568909029377
389974442
743782951285043200
521564908
194217573
700891754
4103471667
719542156126498816
3049633374
35804051
964852682
209891777
447168507
780100421536849920
91138156
2765385220
3973423342
926181096
2787225059
2390176060
4187567045
708432352
1404322896
396564186
2803441027
755662034390384640
1262939593
61011257
4874754473
740277257424523264
843757543
702178529
726721856749842436
379256309
3131533467
3166034463
808531951
1114722992
1344131071
1480106364
2243345902
1552378394
47310459
796342662844547072
801510904433147907
717973505170608128
3054231435
254625981
1092670394
2477022054
2754433723
749617259849584640
725314192534851584
3038785617
4548508636
403444000
416928501
1205265828
734074574275514368
166567376
4724490358
1220767266
2470612327
864362096
363158162
1871381000
797161661283045376
230790398
563948994
1066344667
3922410442
3036997071
421810729
1128505124
2744895802
4142762261
1551053264
765943894756458496
141529750
1266500113
986828390
807581581
377660882
1219944530
2752353844
97247117
3150260316
725592726025154562
2470879507
767996964118097920
36048973
1370106768
2845221227
452172065
36047644
2674941708
256627292
441651345
4359734896
4576031421
2588802520
953331372
138772797
1262709276
555791920
1048895396
382608504
3026180648
1037713867
253571297
73971750
887115744
1040471648
442337884
3825308554
131486969
4343971877
1969148101
2910818007
386684448
2154514886
332681880
3381325839
318400179
3860196976
345918295
608063632
1358611800
2986513055
788850487768522752
500846038
3387135933
1229263142
3065887655
395419050
73065144
3305521049
2210292976
213616021
2889852755
801816502466908161
3094312457
1725558426
602574015
2188884396
1413220182
593644722
2288707520
26760769
783020674952626176
949261333
3224620169
795538130
912041082
748179751660052480
1357675208
2526179811
144996917
1488338479
1921125602
3136144581
763844678005432320
2898075617
778952595062874112
2731631416
788754158241378305
792312918419341312
3166024623
803154851706314752
789083571365568512
123903173
4009126457
124132193
2936087235
539865019
96580657
3349425333
4075384109
245378986
99360043
466420763
93691257
712535686751121409
2719760326
732211591773618177
2397680665
83920877
2454559204
448012101
3101946463
259731992
3308422191
769141853736271872
1343975432
420194671
2975144398
47618184
1156583330
802218277372039168
238059911
1357254163
552659943
405477731
925583479
705820717556834304
2790757204
2813435920
2200075155
214475387
3039737343
732960728840298496
2751862871
1009243501
204701915
3332411590
2986141805
401394767
801913624893722624
2656984642
2761079639
2845226548
435135749
3373840360
2283943289
404048864
225490204
535447658
2370908109
797814002445352960
1100422622
2508257327
2423442685
242081903
2294256296
1679375545
991498111
43890673
1030677596
3379698886
2478544539
752944386472865792
602182097
87500470
1385272040
4747354996
2992689333
483352788
752800121138581504
801388615175700480
14979502
343442484
2606637891
486759593
2149138327
50382610
1367235362
1110202813
419285776
403430248
713628144545230848
3117151365
1060195976
360485722
846987439
752010888
2359426044
2363057508
55950896
1276570771
592174264
266700017
376869096
2761738287
752179418102165505
263764502
1456556520
19592755
914050591
962462347
636587517
467659856
408546766
780108429989933056
729981130007531520
2180831464
369200086
133673973
579698198
2328471661
1729125788
2431061097
789571984090890241
799223498145222656
33182303
2182923351
3014211569
317117163
801524815282769920
430925661
547863350
2161648892
2907520191
3348965501
352976610
1201970520
76616277
1092084720
3224669813
488864885
721937520771129344
333498140
3548665523
288967832
421427868
727775762074488832
941567396
430995535
2342856875
782577416548020225
1324201430
1384894520
401687825
244530269
2843887516
417951504
788797759965032448
788723015089524736
1061060934
457700602
2784216706
1084397318
4818092890
3385699887
1023109254
2679363606
1119430706
3927085403
1549242308
2171374147
2625445767
2442669300
164272724
407685623
368935338
2241274927
23781410
1165895616
490490446
2722863047
4155749909
396756630
10774862
1377373874
786132636473319424
1314728936
465390684
1109841932
1430162268
501174359
1022123316
1339993381
796237284
799621112040751104
388510073
2267787658
2585782921
766601799155449857
164780237
2296569134
469845313
759021203247861760
3944712676
801505964633554944
3067558409
2816638404
763353589347672064
1148304355
394861796
474546913
1181812454
2469186961
384466578
2451869940
139404669
507087283
60995609
804753644
334714518
746960805288099842
962612156
2948897212
403652993
761582724176027649
1061367398
1055931559
1341254522
1385223960
777585598907441152
362706589
1825976557
4609193302
3110560259
14257328
740031002
3031672891
1312048352
428915501
2943808887
792729282544013312
2822583095
89212874
3169603576
2971880133
707424884
911088012
782126365315371008
899684497
796980229768093696
871599601
553592736
983013728
801411882
2919170415
2331849409
929249360
3716455887
3141952751
538353375
487681909
923427594
17565436
83622909
133366702
408246656
3334148349
4794325156
303873878
329564611
172472233
443987259
407115874
2746079253
211226743
3044947366
3816198827
2727207762
1137449617
8239432
140975577
465465350
753889512690950144
1017974048
399624734
3165299303
149054148
3070728863
139188966
105184158
432903283
788467491299287041
777128701700046848
1176935226
800148156973363200
1471608194
378831710
422529041
2345206182
2480246000
979023937
1218998124
361960565
433717645
1915578642
2985415239
335595246
590393555
3002999651
402742113
499102941
910601880
1729205360
2445766538
435152397
1655553230
1221955844
933010074
628772007
3155098746
2913072586
747327834494898176
1691472918
951353780
402997564
4872180215
421986520
1070697217
4743531021
37434853
81230367
4069173009
431622091
485039963
732773769824047104
2703557176
146215776
955409628
2178104040
115139827
418511087
2962475685
60577301
794302419203215371
513450320
783227203433664512
365982731
300362067
3662356395
1689223752
3631947141
1586905838
2300074578
4264651871
413060957
1891177956
745339531566661632
183287158
355122344
117363440
261838075
799365446688456704
424153335
413541326
593478988
398023821
784099537015173120
3329401258
47875351
945585757
388960154
51522357
764073381532753920
2341908197
758178577909153796
309046050
433293009
4459087695
1046140855
147371974
2456846400
618929613
790992803916554240
504973589
2372154501
460275730
2709647816
567159863
970835599
54507928
408277343
3388830129
747315391
1269055614
736521251947057152
1057930387
396218442
720957107437236224
986714714
837804025
59564555
1163796132
289218172
1693764404
261705959
446770906
2373907857
941772781
4844733082
704071958951022592
411530100
698805851751108609
804354408
378741753
447893897
303298353
490641679
1116671611
802932378327019520
2351632040
2907953530
1681786022
483334668
2749566881
212630588
420852268
1085455423
1357909922
419032300
4594827853
2450265194
933339187
317975293
1287327732
3004768510
2421052026
1722899785
2992056261
2735797127
506003067
3030052815
1126084872
707205388081430528
748799089567862784
3087248931
342366415
1521671185
193269654
326226399
2204128029
3937406775
286264929
172279801
96389952
44335065
772498157636820993
1427556781
304467533
53139843
925137320
412310752
2227239038
3613181357
421940382
614694618
3344039001
801473324744376320
706561823605202944
1062937651
3207511185
490232626
714382420
220806987
930194618
2866250985
2225431370
737734557777178624
1321896918
554265521
3366092747
33226107
749984254923243525
752853790508867584
2429443561
780318269995638784
354349202
4076357194
799752544868179968
318882223
4845999597
932393936
3019512161
473128255
3554465607
189613925
798182778772852736
281966090
1357615280
4415743515
2447883613
3257187621
434870760
1303959097
2376747126
2543538403
3015642023
422872381
2429092036
435206684
166161984
2238011889
633968103
173925687
494358540
394729845
223495740
474340946
581801913
3396939819
764003692123074560
453821249
978514940
710085412577026048
706809412221009920
1036983026
717714341915729921
4394191913
122016493
593817814
225599409
433775106
324231882
2899554531
29687693
592148376
2906264861
463841107
4076693128
1128641766
797008582822821888
374499857
551949580
2951279819
3036341843
2271999013
2153812941
708587318786007040
795912820592410625
714096155152486400
2410604455
229112968
384220760
2329384532
597787450
727052295687512064
188521082
448056904
72869556
748139485335011328
142034488
4617627196
4702133172
436167495
414385318
767689615713206272
2385290202
4141927199
1157677256
781359137909248001
2353976618
988343473
2267174346
784265755508420608
802176344515866624
1450171
434525823
551915032
1251322195
184000199
84130259
1123071420
1454382494
797522942057938944
2786881413
3208222643
2365653284
1374652910
495717341
229969486
745595735966613504
1094882970
1395582336
481359440
337624301
2612652422
757666869499363329
89271619
890639928
1193780617
43503218
3043362960
2891116426
2343390020
80690245
749963389
4846861661
509309634
1082674782
534616483
727770559107485696
2296638619
607981040
4914311249
784447428
2282318811
137120635
2272854847
369459091
42478291
377943357
783162012067106816
73595849
413855425
462379750
3064716183
3074122662
496343408
77207264
1278202914
3521388197
564920609
2279399816
489301209
717746924414181378
801710252827807745
322054650
317769975
1316630180
463311374
2245662505
3239105697
4189019849
2990123956
2882526197
3001239377
479832408
1045573032
771877645994848257
328916356
634434387
957099499
718974916
754440616487055364
774270867014574080
258412697
796759446370271232
2401638882
435173619
491076241
316511531
472989062
745880802047758336
2940585718
1057808264
485031544
453851050
740059218351382529
1183179234
317628440
946620907
1231624994
155743931
18935802
418863047
837370934
373423842
631465083
1565366160
3355338993
56153676
1076086058
2788303634
431084648
15712835
1412500075
426716463
329600452
730309142334803968
1620517057
586429781
768834311206346760
500881322
709427870419062784
2163514121
278982651
729433847398584320
773956774932127744
713721722613211136
1037498628
1068728030
10468492
726295360537255936
4787684421
765647763442896896
419626195
97515974
607517520
1382241883
3350883077
371272198
799115214
235323455
99361454
4449971849
452855803
607857182
3330461728
545448505
1248607890
739338470783627265
3347934334
3064021768
760935300189356032
98327606
433751931
471232887
95630884
318713537
2565231604
899952481
3419529063
484283827
780409230788554753
2326047985
3332720836
596157185
619043733
2188028648
3342531046
1225509780
773378492
232908749
504658270
1088498461
768341665862082560
3308231536
2166568844
29416653
2234253145
702128508835860480
50588947
737923909572562944
2616961344
16213811
2716904270
767795023970697216
2942054782
2993021697
4894384605
614407423
2464828514
980577650
704078981591646208
404022377
1357715070
490520691
14685648
3036587481
2879472009
782482968581378049
1084360147
720298583296061440
574620995
937463430
402863215
705029912265097218
423726677
845781758
514806426
2811414913
1244210036
101442815
392733410
1235353459
1857838688
1489965936
2378654494
3064945486
112485367
999773377
429144484
903701676
755882445367566336
2335372808
417897223
1306691233
461219174
599114492
1852450694
99125540
285144708
4849267259
471825793
196111778
217003698
246855217
1410963865
22621566
423435597
588507242
391521149
293372970
2172507394
1073802740
724573957781856256
772778458845941760
551374959
509044457
717113875620040704
634892475
2973337469
1273496268
476344106
988373714
229884867
108592354
2169771406
344733253
2281925530
3227099081
454142762
1222000628
709367192664547328
3309670823
757833847572574208
788016239188860928
533283555
725728464268066817
2417673871
23999772
3001964055
4830939586
2870220975
241289430
360591422
3320655053
468370504
633601330
3083483560
2862461084
232559332
39022638
964460408
169233625
2359465576
2731197053
775632857993797633
500582673
756950860471660545
353115688
156621995
273854836
62003557
785763689345363968
3017874879
2911535435
738803856906301440
362432939
3954502719
381419274
805247118
578834519
398928323
2442517233
261134746
481416521
979279446
1690321208
1032615842
544424960
1201012040
532083239
724711989667344384
559988325
767436816492429312
335842400
154924260
1100350039
781214331748937728
2219899278
759401210801692672
230130339
1088806153
1638278257
14162223
791569798790582272
2869471262
752199246997258241
2985519345
771434547762368512
1261559155
377272505
42662635
328140558
2163227033
523054469
947879034
125851628
1295101627
558651454
1294725276
1699665619
3233336236
731093813364723713
591144361
452299310
45314925
22609411
2385752304
122653988
328966256
1264056133
38438354
3688803513
1510136666
400383332
711909518121312256
375352671
943572877
2466390186
162746028
2437403432
89983030
2588246800
799361848147660800
800443856449736704
70201562
411332075
340803178
2155877079
477187357
431978037
2366997321
3023266619
282047688
2359448190
53200070
957427112
4076099719
418210914
543775709
4791845897
243207562
221840484
797805269539520512
1347344792
774133777412923393
714087545584369664
2465901637
234291821
721143737770971136
19441340
407685967
3862086448
2361394675
2934930969
1021541239
2785214645
1410586339
1068963974
1492703724
1829960281
3103748006
285099275
963938472
407077433
25676606
210186173
424355891
1101913508
738613686596554752
759153986704445440
298123237
3154263946
305449685
1368793633
2282469222
409448246
507474473
525472430
719855009928716288
1209210108
2344018723
2987972555
442677409
737553362728583170
311694861
147496924
2188314006
2941026292
264686296
