136198914
132164537
599247299
627550484
2182969790
3182081069
1132327098
1472139734
2876741794
2433727925
715121732110172160
2453337396
2597512767
2511415512
352164101
777089880417501184
110414714
545968677
281104969
1426493510
489546240
757989565600858112
396841926
3301531378
801827480172658688
68689180
256938957
2418170407
1630204784
198229026
934053559
839739973
422340734
194972957
39239835
1009689127
803204175370784768
3629899757
1490509230
1540142966
3143883839
702599188324941826
623602877
200932330
625000187
2617684187
705449054248034304
4160203479
1405465094
210376076
353637140
744524292050788352
286226119
419339559
985140906
51733848
800698016768233472
3906213625
22000320
344753854
441765625
426207687
769434494789091328
107014817
2984502441
18582562
4824031401
3345485428
1140926593
1015392134
74707629
3356485570
2243630040
2256124088
62459428
2287024507
467389922
499128183
3200053252
2887193787
1591945410
393342562
192258181
1894270790
428262591
728807104790794240
180317088
554238433
3630722294
1573078681
1747178024
1154788808
1307016348
283636579
766589504694214664
1648145288
4773512475
701425649169338368
2336431904
554296369
447382738
2150969605
3433378229
795585541
729262286704128000
108670521
452010658
425730108
3911482575
431026181
2825932033
382590107
2512255369
751879926
774047754834313216
520617010
402871629
432886301
2561992290
465950531
447231795
1322376432
1852353606
945407058
502918121
1256727248
3400696882
184881757
2237033255
38032906
1176618985
133461180
1583259805
775959412087193600
443187387
1017412344
3228521201
413354451
739891026136039424
2182154051
3344602462
439883787
1039048494
493949099
104960470
22011421
3115484254
2629123617
4590614848
437635996
3246541323
314537220
929469324
389477469
1681239037
1249982101
426606498
100610543
3426670696
102155168
724361451108990976
406869976
469245700
780699672276905984
733743405751271424
2403776046
1562752760
2447246306
353678923
85136516
764045603777155072
3335064958
711317541084381184
143443604
1311732848
1040220258
1006439738
3159339067
711206425
3155682418
4909671616
2182009663
329937650
2344846407
394598844
210501383
2149606038
802249485325922305
397199507
97565162
4186758514
1635670363
759428777793429505
50291983
790540888237830144
2921143773
2627796677
767772101503836161
783427641298808832
182586235
1934445032
960087626
795290773642215428
558981012
186221116
787941432267051008
2328579068
409444860
4859931532
254803562
513144334
736896977749839872
291328012
191488665
796334964342194178
2376897325
605614784
1655311418
449280374
634575700
566136857
426081997
771960223309426688
1238622974
461316228
967839474
765564104
4187056599
2826747794
1139825378
700397826824654848
326146021
139765259
430200691
406276067
599940695
463969453
312572813
754957121201004544
475134082
1053176233
3394136542
3387206505
400073548
4229339626
4445065097
521337019
171447577
2364819052
83326299
343239720
582622919
457937702
1747158031
1444286834
422468997
3053723635
203717084
788065845876490240
1619769668
2716420332
35214768
589286587
775039590784729088
335964986
4318412477
1492509740
403530668
50246502
786541347750588419
109063442
436640636
3491171117
229472879
738731784859455488
754269659998855168
2486701467
2729520336
147543162
2267806358
136342937
1226139085
2497838698
1119130543
3000604564
3290984981
345877889
3047287645
265557557
2280596834
764201799217717248
164382929
1084535791
2249135604
803167744074153984
2466256099
1381974631
795739255440048128
2588051975
1406267430
258755575
2377444536
2904311573
779685782235783168
2847348915
83386342
3971921128
745916794100125696
1171488392
2186626514
1037077783
402819013
1365416479
1326880621
508864005
3432829703
4326503175
2962772146
234400149
1076119734
129967230
2605945762
1247286475
801532114139250688
148787137
27600561
123840070
100478960
360082796
4416614361
152725709
3345343780
56674519
2333745212
2420367649
2887743695
1143922956
2615395379
797787538844958720
3313351684
868671120
2192271144
386811424
194768449
2355147860
17709747
82138891
1015332895
712713408806842368
4182142288
802792437479575552
222759682
3438128289
2479620311
475127858
1054799845
821719770
2342101993
417138474
437533038
154896410
1219977643
3131729685
4854132653
133207676
471987010
345488835
778195022973923329
481479393
1205594306
851391300
136566683
2265883226
2194614692
434505068
9820132
1575366588
1274578022
892954382
3871871513
805286678
1387662265
9522032
1283446118
987217122
1037931534
2517301839
3168011729
410623684
1205274991
432937614
2282008813
2319748337
1006028442
4579125253
452183386
793787252040142848
519360327
499227001
319166186
709389043
3900766708
1065387764
2658993140
224940210
549982210
751814461690900480
2520582142
2574936800
773554400283484160
313199623
944269080
93606006
492688472
428931337
404759307
2410447644
1050697136
602831906
495466998
1384017114
785355513152307200
790099830
773891042198351872
2386642032
90641656
1414076593
253550542
4243675906
2361360169
2259459451
2822217403
723515103530852352
731173638435704833
730611021249970176
708429391
418168236
447854508
527503039
1254291416
797127617774284800
1717274785
395906224
483431115
1264718174
2865546393
801071186461474817
1936456670
801974236315340805
4824798082
2651274657
4133217027
2313378680
858249276
2184761907
455673855
1707854503
4833429358
3481946428
354125985
771607371936215041
411018458
300148270
759346461758939136
779265942165544960
2399438159
2786004480
849727410
799106819478188032
2957157748
2391369431
2444235358
334658624
303810430
1307458242
1361815838
3639353537
2634843893
115887435
2502131693
708581628201844736
299780153
70969814
2914286685
2166645995
774225717353672704
753878412981374976
4735890017
2296173870
3034201259
797160016096690178
2518805059
553445487
343295926
2971867924
3031188244
2199795114
712647058709155841
475788416
21825227
139681145
563670349
2172669244
144461365
1667689482
128855697
745334980964982785
705835156054134785
109034099
716644863849140224
16112979
337185218
585968039
1889561377
213588883
2340110677
369728921
386741078
756908583648976897
783200025853751296
1224996284
1493149598
506391579
151087202
516802751
3293324296
316768141
1229273522
2850037264
2365498822
914574283
757917606707916804
1292021606
800750620818800640
4905992363
290102463
1161138678
4735423054
416165363
2504436965
727517052991365120
461978652
2348272833
3371020601
2729099096
731252371226042369
1286506278
258861907
802944388825513984
138364373
1246808533
728594389824622593
486966104
128978964
537263615
1675230540
758737897
702592567830028291
3405523131
938907379
244869589
499910613
792329915228127232
3385886236
123235814
81085097
434279064
491176354
796246539668692993
746302511095685120
4251035097
786571157411540992
579271577
356404890
1314132968
45514913
1379254362
554336117
776003975921401862
792789788143325184
1386808813
2872452713
1328664937
795764425697488896
766066296618414081
1275345229
3297018105
1655253469
791034319301140480
432622559
417111368
3656005667
2808346126
2940240305
32471056
1636528548
1180392648
1327131925
1120077589
1300646329
2394225674
877816116
746092736898547713
2799598061
4358642595
406127621
473659309
492325083
1433806334
410868274
44926477
541527026
504894136
59200159
323889720
1627031726
449850313
1062790764
741232713345142784
2929403482
2361232380
285745764
777453230318059521
342681065
719247245892259841
319822986
3303635176
565467907
332921113
412168233
721338196639014912
17268435
2365252169
2397594482
545384133
776453763624214528
40985455
2217543306
803587400937209856
201761137
488339106
2181665132
3128369446
3768512055
1327241030
589095780
1004781943
2806242466
772569713268359169
63444111
145561037
863028571
2838570387
792810525533044736
742397759991480320
2409382352
803010732
2791075913
753651559003750400
748416033334132736
1364981654
480612566
2467422972
1280566146
1208394690
2410911599
202220952
57479575
191364077
134206590
325760306
1231882657
725557127872417792
37754520
889444711
96368645
851471263
2891879969
711170604486029312
1229121186
198981234
712081496
789441140932087808
2876814849
224226820
297866031
2909929737
1188872131
2460919525
729221180985618433
2174382070
187451827
3342665663
377872873
1021306837
2644998883
799504971502944257
1064261450
494245231
59165953
3310499086
450763161
705457003116765186
955750106
460408548
3038103838
2486572277
1341462944
784666406508003328
470257543
548616993
2147638752
203005397
386450799
1059528432
65872385
2431985092
799337143365750784
1157043744
556818121
415045443
932478324
395548966
1001731381
734663079217266688
560401416
3900401302
366180331
789443113651699715
418918882
4328317222
503452485
3926735649
4187885897
947584932
127703143
2201613873
23475322
1394277882
2340699060
2186217137
309750549
429174475
4603645649
4851423724
1707513894
785773375385923584
595267886
557881473
442225392
3466496175
1280953482
712668381
26295447
3091392485
426094795
1911991346
254079422
761190317127327744
454088602
720941698323476481
25150293
600136789
2835121973
813055092
794287344715235328
412250316
793071301200113665
729912370798137344
792734918552018944
97199591
1274882076
1247343212
717452216840429569
613917828
2364670551
2995540995
362093487
780815403320696832
781240119881760768
762274877806084096
788796021153337344
1577808642
712625582723502080
465763892
430725523
2186975672
260230310
764848401032810496
2432410861
503455114
704734346800930816
801458872896679936
77240565
229038096
1109906076
340847319
980910583
2730593590
448151015
140867097
3331059982
904438754
23460272
440943555
949372327
3436942246
572031758
188041743
1202155946
421146026
2346769999
129228198
38196064
3343930090
1044932990
2748503449
278422359
888296226
4069758477
522228631
529431381
2575440461
737320028270415872
4151240067
57062126
735474541359685632
716591970106417152
3034643483
773155625127796737
499876766
1171683612
2716446892
2971568187
763388821677469696
124517180
1406260999
499085030
2833760769
972872618
134554873
2534968364
586498147
774232948136706049
604009725
712020146282307584
802454590608330752
775301877512675328
754512084315103232
707643839343939584
1410209468
1712830392
1035460693
40006630
427209531
310471710
379834490
799754734315782144
2975733075
3095233408
589407736
763274024675897344
532562936
845313296
2224794707
58868395
3372115419
592905275
174237217
81670783
1274581027
4516116863
409944497
453531668
3448617916
557154074
2889946193
1916644034
507970638
3083498056
2532491303
19392607
2372863064
2845429815
480661168
94529815
1531171376
730811617
3394261233
478124356
2158195314
1633923900
2767985158
836271002
3946391800
1221995204
723835861989756928
2913833871
695753
595401077
1114019642
607112247
2494175436
937263451
1041134352
475207246
1194951343
464983744
327342009
407062660
3018290121
978557845
22612393
2751139073
2338003979
210861627
2283780786
2514344212
22075599
523343629
2312169774
56336773
1127733265
22659500
637292613
637015768
1499706972
121424128
1114352792
195792208
2436608759
795263769261772800
775294620259483648
2346847323
1690434842
3348796875
733383127381487617
472185426
269929523
236565724
1374637550
4624496368
778273782
584677870
789012950585643008
608125539
152673484
723094218734862336
1068405199
2244030673
421332919
760806683564240896
765113425882218497
2862216426
1843782967
1420443511
1402978436
3001145196
4034460233
1230361375
560636317
2412507160
716567598620667904
704558982
4615130548
1291656504
586487449
732206617341595650
1923616602
555125409
1058212146
4869095007
3192664222
123712076
401517487
1890326197
405426716
742094210447335424
2476119007
4901807531
3165917453
3068039679
464064917
1036813327
2871007953
215278944
2215404901
9055772
773959279
3064824634
173389528
2316947536
1175727986
801867970603601920
2423821445
4850369241
2420586324
146010269
753958367610146817
451367645
158301310
428588499
3841727477
743437317130575874
2222783701
318601197
711299618219364354
3298383251
4299066556
3092809936
776255018181722112
953895188
764759260098072580
404820209
1166877775
776474823547555840
1960868090
2501851306
58453980
796847494105796608
127435541
2233502635
823062060
458632561
2800729570
3047533212
2567298888
300798803
2390797348
3295652280
387198659
4155844545
709724815146545152
2164608279
756085177709916161
551331260
1176193080
1417495747
3019629387
3906755599
755028067517693953
2421892166
4172212191
730660405761191936
2959917485
1978729974
726543135136964608
2482113227
1128044090
2221404476
4280485636
143536359
410764821
390342010
1079446351
2845018504
3334600017
3244021258
469447619
2280439274
387298370
1851551826
474074110
448343412
1545817196
1372461787
48967204
4184406562
68402631
1637660911
194619416
514704736
193810402
428897370
250697308
4623850761
20430345
3392585361
732478040748363776
1853857640
2221874484
1668915986
1101838909
1715437566
97962621
376871430
374447222
3026614547
2812859778
456356985
600852507
395383733
3227318753
559609344
3422769471
701190174445805569
15047521
477757835
1016052702
163879703
748158878332895232
47252494
3297346753
3474585855
427804855
803502325029605376
39273093
4485269080
378733887
1272137623
34251220
486456375
370639956
4881267029
3371026409
1464788840
719936001968381952
44673590
479028260
247209095
183746408
489336103
2217674274
1009031150
1294174362
3043617377
563558852
92501125
374941410
2467497190
2365011298
1903648940
391661534
2229866449
375035919
3311610921
799219281451958272
510430173
262194160
852301178
366081006
2978233996
780698788482588672
2315538860
1213547995
1915572721
2967886673
459446024
793572620
2235047637
247722432
1687856598
1298737056
390139303
1404989965
219406236
383817075
1154237778
4185673192
4611996742
4737081682
13279872
248453535
414646088
710743506520829953
1126411814
4876992285
735788453737041921
795749937157931009
1218936162
419951447
382539264
2281936099
725828917
1011131605
4193789127
625814842
2990250646
1058440837
52352441
405659403
733682239473635328
846230053
1266649207
757235555541417984
464020852
723538940502913024
711163800465055745
91899366
983065508
2218143675
2283563834
582637000
1103450372
2378868702
5439512
2359323311
296244924
452382482
794294828775473152
777855788882812928
395465609
931856754
133692338
2941003353
4923500123
4864139045
2298886449
2864461239
711433591083941888
197763661
2216179636
3291848025
2375216695
52332450
305255857
19422447
501594854
985118000
2465437060
780129746847928320
2982315724
1420759189
142807042
519379680
739824323020607488
2698192537
3510108957
922711819
893488326
777269299299938304
20250902
562736946
781113518019969028
57282569
2524571118
772559732196438016
106417193
2416044272
215976090
1386811099
3357308483
4794361
1079226488
403544693
94594903
188029214
725060346776555524
786474228258332672
1392080886
801736960679313408
23788197
4165031189
2673334859
99645256
1250202577
2373624002
4130639901
411403085
785552040244154368
767250170488688640
705608478
28311464
56341776
2180838160
1331128747
66678933
134629516
209007993
1009626624
3145657781
61162279
2318610186
1261316370
1209547698
32324221
426152264
949464841
3298864072
481321999
41391760
495243061
179568411
803115076672700418
1145972851
85636061
454730135
418636676
1166637379
2189430449
2415224956
118978778
390170197
204479365
717970219596165120
2424988655
4860992891
2347290581
72522293
618138331
621269962
4784066715
19287037
510420773
756546140644974596
55551432
721766411937411072
477543705
1962674090
4602580341
3008182149
1601716938
831827472
731733318157373442
999278988
1238996869
339161564
424243905
1377162560
2872332023
2214021765
797136508293627904
1020102560
2483727075
1201691502
1061317800
420867117
47154019
405192597
350184411
104135821
281581221
537290044
264674074
716194484200022016
11538582
2496989087
2271564014
3107574627
538147915
764102469047771136
4578456569
696075129042944000
1331104358
1580176014
3543518537
534655010
1166432604
976243140
438336172
558085585
1332750025
13294452
3034434386
545978235
405792460
1154475409
722794470
1431247669
2848383741
908126539
2495992548
348141611
481409710
400919857
587521626
1562419639
4188671596
2201176105
2221318495
780707216156299264
356975403
795170913759232000
844240693
414978233
4909156781
1041823142
500748464
400321579
2247433494
342077520
519731238
989841337
48719146
1594040222
301361724
381532613
524236416
795243203104538624
488714232
197581465
561473002
708773624
785533550393192448
3542464695
744514206360281088
855967868
720984326805069824
459420857
1000045820
2352305154
883099326
1372167474
428068433
801062327810461696
741180294343036928
122497273
1284065244
720897240366194688
1068928062
417123642
30632987
4830251404
3075865347
2260822969
793751055171543040
773825985590484992
793497098809475072
353640576
4188604709
570833587
1039501538
123408064
2418921020
1131511106
2490943567
3332448431
227259078
1037651576
26982622
136971453
456463624
498948393
50746264
3024921597
2236048704
2250627476
90891882
772030120097935360
433157453
373887841
4227664641
2763256746
4692016008
50590345
3014521558
388480192
872497166
897195240
799963787059167232
3986857846
3025669096
3061524099
1219371014
500189677
803617893464215556
138800969
751124618832994306
242351511
566540382
3090093706
694638444807610368
2504062057
3384511240
438431990
779388069921292288
281884852
487403439
104450083
1729765459
416975680
39028896
9650902
516918398
14840618
1249365224
59720283
730673331851132928
2339947944
48145270
1664716250
784072008640434176
1399368217
1145650134
3946464974
2763812068
501874833
548247476
2562814182
249724130
206419028
3292873475
725066954394980353
257665435
706067859550695426
406947360
50607243
200657994
3138188655
506387757
728969931853828097
547050389
952472629
365932392
429928689
66161873
440716175
736596690
299591494
871430600
4098447160
406947369
2655855700
2397844595
423531049
2407099948
1645295228
20581857
1416194413
698226027756126210
595878183
2221319742
763943146531139585
3776006296
4568818943
3116252669
3374386924
3324608649
1082984088
3338622107
91348491
2350347318
839698230
499783780
2329195526
4818340347
84428713
8558742
786276460080209920
2436045041
1068702612
3793353617
164687938
1594184960
977881009
391286828
2220740605
743514238493278208
581167908
2610479660
325165914
609145539
128490421
236044812
275805969
702432335078285312
2377155925
704986438
526735998
2467489015
789492030850342913
1852012634
771827116627275776
707656621795713025
2231181594
529561745
252676505
370345381
2788765798
113478906
1005878934
406367602
1673607168
754269921949937665
307537574
570259528
460176241
8556542
796030193295048706
219715197
249099263
577161255
1028180126
796655732628324352
332894847
208518075
2708071882
24866247
131262995
80867890
801793584026554369
269855245
2353564274
272354189
964719079
789150741650747392
486787100
1003775976
2347274438
4459166907
764402685617508352
3823074077
849988268
3313002219
560169622
1865190596
51757652
62019002
3080004435
801421989009362944
2348760096
743477715790077952
1118851009
2859316269
400273310
2755644209
716259184
2719186852
418327554
939425341
425741057
748536833869484032
1062583370
478591778
960666673
1260171894
2207852354
1416313572
8032202
492982062
4827491773
755894033046700033
792123038439530496
562823508
870521268
408027768
773793565851942912
3076874120
1192340720
2809762856
426464556
3326574081
764870336894603264
2650978150
390161953
2512944834
2244460336
912350342
371700790
4863618933
2796229504
617201169
293992685
2416492224
103290607
786481498660626432
4405224977
2312096674
3024843525
4755949588
2892216196
789866400332611584
130851801
1134804595
2786595941
155609154
433553500
400902983
272941891
784105196070854657
521437803
1072129524
248734017
597499565
1251089251
783659253848535040
3368018859
418717321
713372677151596544
255674310
493981441
402795103
2976609286
2939751015
465921722
35804051
2325749553
310183103
734629633577095169
1148226661
2787225059
2823377296
2937388577
827585288
628367790
4187567045
2919241120
417370434
720880802939023360
396564186
464615450
453966391
843757543
3166034463
1344131071
490725675
4701923905
2178536571
536225770
425965881
3054231435
803628976593772544
391246325
1332630272
446942856
391398732
254625981
1092670394
749617259849584640
3067687355
3038785617
403444000
4548508636
14108472
388194972
200803896
3305477253
781034881073684480
119001227
4278503961
363158162
803287585527304193
1414866230
1111272996
969945894
1063332403
296713660
1125594104
2865365393
326451864
141529750
986828390
1222699580
377660882
1348851210
1257520999
2752353844
725810364995231745
3150260316
63431013
407741779
2857413639
3336144413
1370106768
18762875
2851592991
441651345
551979725
130181213
1274972942
455127016
2831366043
417094530
704779333307650048
2408772318
2193007701
2994083519
2960465626
1111268454
414127308
470180296
3014425612
244477620
117701249
1346261641
2597719151
398787729
330529365
87370820
4121342697
776138045682806784
3381325839
227749617
755077129554059264
386501517
3860196976
738033666811678720
345918295
608063632
2319777925
732642010633474048
788075385267314688
589053788
3387135933
722067507679535104
508645944
158891854
73065144
484648514
469111179
52784170
3123285591
386196967
1725558426
3094312457
1413220182
802982245401300993
1480178468
1359282018
3050183838
1488338479
418182783
401358649
2898075617
2405490719
2354462598
2475022843
700690132769370112
1857320594
56161146
973839372
1192856120
4075384109
877456254
291972476
160700352
2719760326
2752305728
252184604
871589084
802225040
1014870637
2369010655
2311558334
464556427
396745952
590188450
14703893
774691439435481088
1264214780
1715498894
2766062542
1120448588
718368584360140800
410601235
503303414
354546605
355415584
2813435920
59073202
1059018253
710171600092598272
1009243501
3043540575
2656984642
236879257
4640789069
404048864
578236348
776116078124687360
593994413
2370908109
1260351403
14712388
1480061876
2275495767
1351237069
3314922196
2527208301
1123709442
501809742
490446359
286905390
602182097
418272242
406831073
973576950
752800121138581504
77336255
493533192
257499288
376145932
3339842842
428476147
2178196459
1060195976
3117151365
707136482503483392
64692722
752010888
3929305397
2907570489
234372708
475785102
793827760368214016
45398298
2359426044
3014138272
2363057508
3007267479
1276570771
423294786
3763074677
420533831
72257237
709985365206106112
83185672
2883758397
1456556520
19592755
2369514974
2382275202
324262863
729981130007531520
2180831464
369200086
2774578942
133673973
764140480775020544
408429600
77889072
779544980012556288
101573147
842378066
799223498145222656
1124867449
100602777
2907520191
1645529942
76616277
1092084720
258800738
14145846
596507825
800511027439730688
293964664
2168052871
941567396
782577416548020225
430995535
769549749833916416
1384894520
788888395
3676997313
2967510047
2237723124
3365915002
2784216706
164608349
4818092890
4081845855
781954997806370822
178803896
80836295
722050091624833024
407685623
410752364
2241274927
4842381857
284487337
553591290
741592495155478528
57249412
396756630
1440369276
1289227574
1377373874
16863408
557827565
267678997
384214851
232090588
2998311941
1277743430
722053268587855872
528480384
60867626
2163487923
231432433
720686484
503199826
2816638404
763353589347672064
4090216960
490426715
1148304355
488895138
2469186961
2350203541
701874670786781184
2823678166
1364124920
804753644
849387156
761582724176027649
735827949107171328
1341254522
1874790332
1385223960
546255035
68362418
4609193302
700423516794056704
428915501
1554200239
234753926
89212874
762774778767892484
3169603576
431157210
75057200
436248368
1264774998
2448071614
413217587
2172743300
801411882
2297706446
2875204096
2315848360
929249360
767593587504734208
3357091883
4470002068
1277799804
3230165817
3386077780
500602731
405658810
348502260
2189190782
3044947366
773929798192300032
3816198827
760552902297546752
1137449617
406876120
4432360889
4876302513
314059678
132194086
286307579
1037286848
853465500
139188966
4794977182
4054328842
109226009
743016612048044032
3261123452
800148156973363200
1471608194
1171395356
570045852
2226243518
146890102
613624250
433717645
361960565
1316655810
335595246
334238732
499102941
995769296
822184940
2886599469
4272659117
497106193
2523568577
2477603211
336442306
715525255972917249
2260295838
3154630425
2221331347
1472290938
37434853
773161248099803137
732773769824047104
2518713866
414676913
474759809
940100618
3004002945
4195440875
2190019526
768783082736455680
489374582
794302419203215371
364961388
359096965
745181908011651072
775318412507643904
801070456619077632
183287158
2778061603
424153335
538885766
2171028731
126049704
47875351
736273601507266561
764073381532753920
4179150196
378212883
783257684971773952
955721802
1377305138
793166155112386560
464127310
147371974
1029226392
567159863
1053839395
3305721243
3457524023
396218442
1076597023
1872223814
786253467543281664
986714714
837804025
496477841
697799370297774080
461501385
485521993
47901347
2196528408
941772781
1926324451
2521671494
698805851751108609
112454772
1221335432
804354408
1635529807
416346211
1171761254
303298353
546851983
2278958635
514686219
2207218850
200502085
2364603574
321375506
50579673
4217818427
420405373
3075297994
520206776
3433009643
756853522155638784
2557453016
1474185410
3092183353
2900897831
595882332
561307154
2452148457
2377363345
50657628
736491984081281024
326226399
2396523013
3937406775
119365569
2366761139
767040529100079104
1378974757
772498157636820993
782228826847899648
4899487839
634999260
53139843
742013658268598273
2227239038
3613181357
528855195
2527690677
178685251
982607838
2798863589
782987100127985665
390814833
488484539
216326779
768815150837145600
707252292408512512
2832335447
1103554206
4331454017
69030213
411490873
714382420
930194618
781944137952231431
409821771
4887827675
2904967810
2741727190
1079126036
3322548533
200440164
167355636
2509485582
560046823
2479372688
601368027
451705799
67420706
2155070496
749984254923243525
2831558388
1543776763
198633968
2394173556
288204711
189613925
1405789050
1048605840
527710207
425743569
1630775174
2917621780
492973665
115493029
445546968
469267629
801314293031510017
72331470
173925687
3433360601
492916204
597780846
2878097184
52023775
55838333
16484564
793456089769644032
733242092391137280
800298380714909697
378706057
783414598082916352
1406189706
234445362
1036983026
41820644
544359861
122016493
1357710228
2341285060
445611250
434242329
50373692
551949580
1345373785
2951279819
2153812941
708587318786007040
714096155152486400
1130420497
585397603
780806706066395136
478647183
1704854190
946447663
794582375867052036
317879179
232231711
121729205
4702133172
2921447206
539157045
414385318
2327373751
423372441
284706444
784265755508420608
2997639443
782574940478377984
1450171
392656492
413992630
763094873473945604
783740138660700160
2359142030
12918562
2874154983
988334522
43083883
55663775
337333658
257709473
2221331701
3043362960
1193780617
300906912
2322841699
4105846605
4885620221
47963163
18114610
768715835183693824
774267120268050432
104814432
22901191
2795115634
386732636
324934640
630918299
302561494
112805407
2921192543
30631198
962153256
4925341485
498181776
77207264
3417691187
815934367
1086749148
2279399816
1278202914
3521388197
489301209
722421795106766848
1316630180
797374091959406592
2310410500
2149309513
489368395
796759446370271232
432779927
388362333
2363684405
2762061357
734594705229545472
2940585718
885661050
3028306714
453851050
391919014
940138370
3327095829
1231624994
418863047
18935802
373423842
622317402
2788303634
414926221
1264880100
431084648
491318883
1412500075
255148646
4919443492
2589059422
1204999254
771813207853916161
4860559857
1118920148
709427870419062784
773956774932127744
498846820
775299421705732097
819829657
439487431
4914915772
419626195
765647763442896896
3020578613
776686108289667072
448732675
1355517703
235323455
3330461728
3347934334
760935300189356032
483304367
22609483
899952481
410910327
374492014
484283827
48291322
76700929
2188028648
2333450384
4256851395
389104963
1225509780
504658270
2845737279
2391598947
442189588
1088498461
56992707
349746542
2286620612
513492134
987220201
968459856
270623814
2234253145
50588947
393289136
2396793506
2970206104
722086969094905864
3527260401
1109887628
2196650893
3033262155
375170652
2993021697
899978641
270070566
789182381706006528
1084360147
463118989
76893624
3489310096
937463430
242071863
1435196936
1121935962
3367479099
233489435
407833309
94152299
2221398780
2190915769
792338652600864768
771042114188742656
528584555
528846336
3064945486
112485367
371814769
469273038
714718290938105856
2999484970
108262067
440945067
140772582
2997976379
628186961
408721237
422955953
504271524
1418976222
17053149
786220483863687168
799030343475089412
244053999
599114492
992834858
442314209
1852450694
367091934
4353321141
2422875421
798551815742701568
353750900
216361540
1636129136
3806382809
1915050013
1410963865
3020271189
789897577982529536
2326306186
483668842
2515144546
376688279
387511056
713852625867960320
2902922074
2432208854
516647086
957519266
394837520
768133193291722752
988373714
119067790
4032167968
50970568
454142762
1222000628
3332293899
3309670823
493278355
760549090291834880
560418489
725728464268066817
109578008
3144494615
495925655
231118677
22063717
450846026
1072138536
303139807
524597055
381422013
2870220975
261233190
525783195
3320655053
2928096323
738311035
424054992
406880559
243545857
1367151799
2862461084
232559332
964460408
1236235040
2359465576
1080998839
2731197053
775632857993797633
416534525
500582673
4060369233
719190663502426112
2961876645
1062682290
221413552
1048569343
917795358
2910734045
2442517233
481416521
3342884483
1013344171
2224402028
2929169337
300775565
157016569
2942440745
230849160
337155946
463147024
1267065014
3299621284
1100350039
384440283
4492661435
1638278257
3397077149
2986029209
540949778
752199246997258241
1261559155
414319027
377272505
449629791
2647766302
1256574842
212638814
1140264841
947879034
125851628
558651454
729359824312504320
779384713865756673
1524322628
1292314838
591144361
2781784450
419739649
2781970583
30626248
2283924266
1106230255
2336993334
3928015222
3688803513
127931750
1608221749
943572877
2455541630
2588246800
3998148285
2359448190
1452474535
243207562
32624061
3357544672
795019823059177472
520241462
2553199141
541692979
144210805
222072511
1058764218
3862086448
2361394675
1021541239
3299007346
1492497582
174589147
484958212
2711832192
788742242219520000
801919542230470656
326320843
1370176568
524493374
47281168
859461980
51274770
3103748006
1829960281
777410247698841600
831768450
285099275
4892218558
2829235384
963938472
377199894
25676606
797053138326945792
858113870
1101913508
701059824520396800
2234822984
424355891
3398885945
2601961486
624543149
318414872
2712187096
713001370987704320
1368793633
2282469222
409448246
761237376601563136
372178559
803286709253341184
1236577764
719855009928716288
1883765348
266017620
790269417603162118
300482298
1016682894
311694861
324541622
2728402871
35298549
164225638
3135640856
1876212612
