2342630384
599247299
746638522539466752
1006162669
25660920
2511415512
16379615
757989565600858112
808738393
452064464
759957008904818688
131494824
65335565
1154282738
167329839
3152228475
980318629
497798126
2365009229
932376896
422340734
2228600094
3350936242
215374702
516432515
404214104
342684653
433395124
746305585642110978
623602877
625000187
1869093392
529317309
1676620219
360518583
416528119
1325276551
419339559
370172207
463834585
40131385
600150904
440691898
1015392134
983347904
504355470
1662331873
1164320118
499128183
757054681
2887193787
496654038
392566310
1230556524
1174274426
180317088
728807104790794240
2852316766
2335271666
589997252
283939901
229089974
2150969605
1272905017
402054071
475678078
452010658
700124342
441556239
462701585
786289703913914368
3911482575
794538327085084672
2903619039
7184902
15968004
178971221
774210914409127937
195515224
502918121
714415509790400512
410206647
798261254536183808
801545224808001538
1914960499
30184850
1020734665
781046072865087488
38032906
1176618985
534669109
831036938
811076442
2504129001
600813989
2816606222
801499650222129153
428318288
3398394214
4916153843
1039048494
374763214
1734567211
471328170
2427311741
325127006
3115484254
755865615836020736
950543234
302474022
4805442333
3426670696
566533860
55533513
1277454559
1621368146
709479074029240320
462156900
365633533
1412896242
589418956
2403776046
949794397
801763337986068480
1562752760
350256698
467272402
4811969481
78914169
2178600592
3369259859
765965375792148480
2182009663
735107028
329937650
210501383
979960242
837898884
3082802711
593623163
4186758514
712223648
1045330356
805226096
3300601533
367312496
4419158368
2359063466
3555782356
176450769
767772101503836161
3404479583
2679522658
3312303309
3823685553
398609882
371749840
409444860
796076036299571205
2878408107
473848168
1229714630
3555797841
49319956
291328012
55333479
796334964342194178
2353752559
585579137
517330794
411001193
1460431345
440190188
3320747710
4881271245
1251326239
1238622974
767661650811969536
803864615495016448
68983766
231098857
53401622
441696914
789044728604061696
443198044
1085405436
3834367960
430200691
2648038336
463969453
1039034725
312572813
708028845950169093
531851126
775336111681961984
572056299
855012044
306686257
399508912
4858527059
464145995
2523203476
3291493733
1004832751
1467415374
4078358001
1080683071
3405634973
103232978
2590167691
343239720
582622919
795562880104038400
425803153
203717084
729730223793655808
1254440240
56473208
2479712105
972884324
98616297
44395683
782444881335713792
589286587
2969224684
3827842155
852595651
786541347750588419
404821428
1852173686
436640636
776553725603307524
3002191163
2568086016
69532732
1387856863
723654227051073540
3053117626
266222825
324767880
1352749800
3046534786
29164255
766015385065910274
1478297786
2561421959
2965000805
315206080
1363855172
1331086867
466853614
306058431
2310261690
4203955936
450022951
1224152383
1006553846
2497163614
1154856690
561823534
712346066117640192
3216441514
3971921128
1857779947
232354583
745916794100125696
746325002627190784
1517788118
2186626514
574547398
292366987
93165663
349642471
81318149
251663248
215728045
2279009125
1133516726
1251213175
2615395379
799300362930974721
3313351684
2192271144
460233960
1330084448
2372192396
507777679
2355147860
785089989692493824
17709747
457942329
2900945285
94523416
791764138498387968
899385834
712713408806842368
4182142288
126691082
192113061
2479620311
2269417069
91763958
34562441
1230470216
2342101993
437533038
999638528
324946999
349810156
475114541
1283861509
602069331
3412167435
1205594306
2549528592
204112751
798743088206319616
724648551561728000
481929883
2572209035
823400821
712640136081776640
1387662265
715782891586908160
1039976624
3326316339
1270536486
1073285989
1272617672
2282008813
3638802375
2350811871
424947562
135547288
265385204
1916781434
4579125253
718386886172110848
982037941
512049031
418657078
1367363988
4702970784
519360327
499227001
2864913420
217827055
1934151967
97732629
2184297581
430696352
2658993140
224940210
313199623
418624595
790627611663863812
747245468
599807864
428931337
33856651
2706476465
1324566829
1386751423
253550542
2361360169
3154269976
442950090
3025368046
708429391
2177486466
1327639712
427449888
1717274785
1857148146
631501567
401607101
354305408
19682207
950266993
4824798082
4133217027
400050070
523387439
1621071816
4833429358
801457403808088064
3481946428
517833419
1894735952
414811187
2374268173
1045188410
1110266634
3356670165
1219163587
990861654
1479828265
3482470821
2199307722
1071927644
85657467
2166335324
916584090
1134483002
1061259396
2209414790
455999497
3336455937
600791207
225168723
2199795114
2605662403
712647058709155841
490726710
1128723278
400393067
1667689482
762727876286410752
501518665
492103152
411327661
712016676980596736
798640448558497792
2340110677
369728921
4212260849
514440497
2471692167
739209725741563905
726770253645135873
586375300
406469071
329898404
2424020059
49709806
1880747821
2453025136
612487221
430844411
1292021606
800750620818800640
1369173655
31091958
290102463
376812864
416165363
916347858
1009225098
2979240557
225105585
525733847
795271477901791232
340717082
3929040797
389348747
3046529709
781030906278604800
2208429460
731252371226042369
2362894645
80200885
742963347507810304
2348140042
503172196
397346687
484570274
1870641289
244869589
724303327077502976
2389687188
4462664181
508709778
12514212
1852391984
710498404531630080
320840015
462764304
3336714819
579271577
34257738
2450147531
2942625706
2187037682
356404890
3843282933
1447215498
789261079
45514913
748866523675197441
2442834988
2358348371
554336117
776003975921401862
1386808813
512664948
3331413322
1653188624
766066296618414081
416422287
452350565
448842961
1258895678
797197311201972229
471117838
290093767
1357827044
724967510072786948
203054819
2996708971
553524295
3343278628
183139550
2973508025
3300836308
417111368
223617019
859927674
380406099
1064357792
1615176902
1390511460
2813922736
705813420973621248
855369620
802979230409719809
371825725
554581695
831981618
2335367718
210820445
1339529246
38398195
789419320984166401
370074545
5922292
473659309
418709964
1433806334
423992369
116871279
1627031726
533332467
96562150
3129266409
2740710173
1039581457
50286652
3309510766
2354395787
17268435
370690455
545384133
776453763624214528
1168797480
3240372507
777531818933452804
778900450812764160
1327241030
2777724153
2160789500
630459182
429780274
2463100707
2363490707
617158049
176921640
2410911599
1012718378
786082829004333057
130113390
134206590
397567225
1176775316
489722273
3345161205
808945040
750670310
394555285
408437002
1229121186
3354849862
476836933
526765918
2153367934
2289505911
104239528
3213490474
1088677627
4794652822
2296153657
801836450773954560
270501780
518743903
799504971502944257
2351775654
593693314
339672122
507724462
2745749177
791781135047127040
1341462944
2954613465
203005397
3096956789
1059528432
777720296
1157043744
524809983
574871295
302579453
414993771
3311667347
2640207038
57474419
4857416872
418918882
944428878
425695309
399942437
1394277882
891474049
4919837110
2524404516
1876822200
624548116
4851423724
2321072358
425135784
595267886
951368623
26295447
799177228672237568
2439810651
1379900528
452985926
2657124579
315177388
1620754188
22009205
758508568941387778
1519180478
794287344715235328
4838445220
1162777183
281422377
84417965
446415130
1274882076
782874183365779456
1289295079
3386078415
2723369673
2762345533
592546016
2995540995
847892292
1285999218
749166817730527233
2995947293
260230310
2302034329
801512564366647296
503455114
2818840629
78567974
634301484
2467357784
721195374812250112
800969617082552320
949372327
3436942246
2360744315
326079212
3425547017
1044932990
278422359
2229049953
486077820
4069758477
2466650316
523138689
414807138
1105814539
451916258
756061004556042244
557229572
499876766
3034643483
507792558
3241512717
2716446892
2386835695
52427235
156316785
2215399657
851233315
749995250660282368
322037405
795022163594137600
98921343
1049805164
436230438
477068697
484150543
553401472
775301877512675328
9808092
229549315
59831068
1410209468
427209531
222375064
405196197
489662866
1028662526
763274024675897344
3095233408
793414057223135232
2603850468
982628515
2508021147
3326012500
771197191
116750021
396691435
451003130
361341817
17647690
131799077
406366657
309840772
794581992759300100
246840871
205694039
2870562651
164616607
704330777190907905
279899496
799587629977190401
1854497880
94529815
303937763
118411239
161627357
744828787137839104
4593533705
466383201
836271002
2376140579
351541451
1035803582
17876465
755102530527457280
746425402957135872
607112247
1443706704
1194951343
464983744
55651991
784949792
2346458381
2322998168
3018290121
4847651633
2338003979
434752212
401438300
705134710104723456
2317316210
946295724
2312169774
842320472
2365586773
4204326923
1163226570
1499706972
408329555
538358467
306396502
775294620259483648
1690434842
218067973
606147435
472185426
47698840
1024281818
110218135
1929877436
1001745906
1169506849
2197813964
608125539
1068405199
723094218734862336
2244030673
749852857
2862216426
240266199
484589440
1420443511
2300388132
1303711453
1230361375
2881464153
773074386
894992365
356421356
732206617341595650
616142012
120389213
3192664222
2331861340
768390364554223616
2362449623
1901726846
1498821860
859058736
3165917453
700244333
1036813327
431953324
479708002
546658485
3907447821
706570552031444992
770611373713854464
44651391
9055772
2475530527
310699995
840416504
11534652
70904144
130491225
99702635
715083557581033472
2222783701
711299618219364354
111799776
784340188679974913
623760226
462739617
544670018
470572668
178029740
2501851306
1960868090
2559910725
2510778660
849619442
251638195
3047493292
775636532
3130769177
458632561
1593520453
2800729570
279527882
532253531
3383047606
390118819
387198659
4155844545
756085177709916161
1176193080
3019629387
134900781
1734254454
483258299
2823528449
3217923085
710609693
786778001790959616
3328977022
1672302936
2221404476
401161443
886499509
228249426
482284944
803871029080838144
411614013
205276406
4184406562
263582790
137337075
801701662041718784
636856145
906751698
421155334
431804232
732478040748363776
711250614995558400
363103777
2221874484
1853857640
14278162
372264289
452151464
720160136468279296
97962621
3026614547
187961842
2812859778
710222654050066436
327066793
386145254
3227318753
983222238
66687479
67305532
522292867
47252494
1599296083
3474585855
803502325029605376
789485254646038529
472308628
2318930618
743041027712405504
34251220
731917588247220227
4881267029
3371026409
44673590
1089513403
1203674574
2409273144
266238202
92602577
63126601
1294174362
1258981104
4600475613
374941410
4782734060
442193839
1332277860
1726027441
2365011298
96143583
375035919
999340988
799219281451958272
1014798714
4925341691
510821883
2324947372
801700087525216256
497084997
553684583
15108909
2533038962
459446024
997910394
799540275391725568
759759052981227520
970577154
1285333410
777223484057477120
728188723075158016
619798896
887496074
1369005530
418639778
196560266
746040936279474176
398032197
1154237778
2361554278
1002084986
323428736
2484583737
1342114820
458670095
1299394213
2427220003
382539264
419951447
1919132101
387345110
1065330810
4722648082
1231417717
1266649207
3432995584
84446856
863020105
384881122
290973691
3399841755
464020852
96366187
450654477
55045274
771613884
452904156
795352135022051329
1192772778
320737259
220750726
1071492246
513129501
14394318
711433591083941888
716353562020855810
2216179636
1345401194
3270703668
305255857
3054957747
3293050827
4845403365
26502440
142807042
519379680
271803051
11995712
506200939
3510108957
787512125610655744
1960098824
2356266373
4831023773
757899059399131136
2801772720
781113518019969028
703827041
777532224564523008
454925098
3030533474
2416044272
403421880
789577810637619200
3357308483
27606971
746452118651961344
253018480
1039036466
4604699980
32402183
44690064
1059881101
477897185
169393661
360868017
397326726
3353000968
618244710
783330667258142721
56341776
215735286
2322849823
1043011003
182973078
891579169
1664604020
358143005
486890861
804961884
1331128747
975101300
705489178
706086896275955712
2318610186
755384531935432704
2184944111
1209547698
1283811182
3298864072
41391760
179568411
803115076672700418
3246056727
253164055
262100774
1166637379
2717902222
495455342
430437851
3051404948
45125540
2893910086
1307698028
2367661536
906045619
4860992891
351500115
1125077892
2751256629
430320467
477543705
500243289
2482305961
418785308
916522718
436957303
351555225
999278988
487738991
778276896215891973
1160278561
107820528
2872332023
2810932438
473021625
15820857
518366373
5901232
1692004472
3297601040
1178041686
867003139
3218386990
534655010
1166432604
1254790184
150363160
976243140
2816273194
1460038452
420464238
712130834313121792
1943087478
1227754856
800747658893660160
1217799007
9680302
412424802
587521626
451369571
712603584215576576
776102005873995776
1022288858
2221318495
780707216156299264
34652704
372150748
963106586
801762901769981952
456113087
4915455880
405004713
91559209
479645953
447846362
474746645
745228268
475325454
524236416
785533550393192448
377619841
493239048
989645683
1314367554
83906632
1163888480
4039568062
3164390831
3325361243
609438275
50233016
566150054
2889612136
1121521046
417947467
2352305154
951545035
883099326
447894409
733519268
118183154
272634016
713625460878483456
360830746
106842211
371348246
489551817
541114609
2478737879
4370394857
709013795675480064
223288666
3416068515
717298250462662659
211090942
705451641
556865205
464835038
469755291
2418921020
3349971568
778321813
2508437306
4854526624
419544789
2228813671
3203361705
3003254493
492959239
554733792
3687391228
22929449
803782861765677056
583894749
573986602
700952025605996544
772030120097935360
498090294
476053480
14281831
1050589128
50590345
433435963
2763256746
800249610706898944
388480192
3390886840
894946183
2901251668
419316234
298384037
431603447
3130035911
2541601227
2212054621
3412398478
396459358
435677042
1227624775
138461821
281884852
82902889
487403439
587313514
2652874504
238178900
2482442108
1249365224
251407688
556169238
2703729438
778182187208368129
1021727540
1174571874
272887017
3070700175
495426739
394005757
1046168034
257665435
14324681
1288209314
706067859550695426
445822246
1291622634
3345672868
969698839
547050389
840555816
788458787032170496
365932392
429928689
1566687548
49060410
4865985639
2558496329
510845484
423531049
185547132
1371404382
698226027756126210
595878183
474014663
2221319742
1151527296
2302070180
2509994134
107517248
453048017
1060109168
1082984088
3762684742
3338622107
1003731954
384437545
839698230
3402336711
402821533
2568749263
3793353617
1068702612
588553042
2714660159
2432948813
738956376903405568
2373340799
102674438
2310609029
52375621
55683027
526735998
1152242833
2150833213
512049329
4474043243
472047884
103064354
468304135
146477952
3173819499
3373955686
381943815
1420952432
12275882
599483247
176433140
523417068
2544654537
1119918066
792144781
1011151154
3740692935
752176306738044928
1528759902
362550965
2244507048
2708071882
183037334
1160328079
2977934441
2975094340
354901534
494147560
440054435
2658235405
182411035
721466546279817217
1022801072
738828239599226880
1713647664
4868655040
563773403
703386818
3814697663
759087906698952705
3060208776
2597695185
423537634
410852015
486509124
1260171894
358119628
219784110
46224994
870521268
1349113298
212995283
3326574081
2650978150
467901885
694926126351847429
617201169
499626957
985133178
28433379
396151080
789866400332611584
766147249718042624
822164642
2306567981
784105196070854657
778647667039690752
188787298
101456289
22845706
407878518
549605964
963144078
744819568909029377
81626770
422857222
1382206622
1883512489
1902963848
2608508709
488821140
602125481
3813276377
137939617
722684492
2626236131
248840531
3973423342
1148226661
1226074158
439268123
2937388577
538761354
4187567045
2919241120
63650287
802320974
973428055
3044636879
739885032983154692
842122568
4775882567
740277257424523264
1104562232
2511962844
3166034463
1640766590
1344131071
788860282126929920
1365570751
1092670394
4784064865
303219287
3231071968
3808648643
488356774
9065482
716881918323765248
793249535657205761
1063332403
4102866201
440099769
765943894756458496
341422666
141529750
602317392
937579860
807581581
377660882
715215739557437441
2983119910
725810364995231745
3150260316
1370106768
82295380
405919398
138772797
1048895396
424237536
194275021
704779333307650048
2408772318
1036494895
4858595345
2193007701
450517687
456453383
131486969
406545803
386684448
1199673588
389540974
3381325839
869896987
460226131
2318283220
1517691259
2986513055
13459
1358611800
153531595
484648514
1032237176
420905398
213616021
1725558426
1131588822
442005205
602574015
427583657
369786674
341627555
783020674952626176
724517094491037696
151390694
419046277
49976954
3050183838
2898075617
1399271642
123903173
3207714897
1031879690
4821193318
1179385580
531259552
2987000517
897627558
403920729
435935449
489451158
29694342
866082667
508768772
746691972459597824
925583479
1947278862
791345703679324160
399903133
46635793
379030092
2200075155
214475387
3072009003
1876700449
1330069440
540891433
710171600092598272
1009243501
204701915
2656984642
419318448
3001785407
2283943289
776116078124687360
1100422622
229092881
2275495767
927074624
2849367177
2478033566
700516245
11444162
1679375545
764547279260966913
2765052793
1067982564
400630735
415055892
602182097
108959881
2992689333
1040332778
539174332
1050667999
1346566790
3156887011
485841317
946745624
45859888
846987439
629531659
471931630
1861423884
250774432
855213282
2765683785
85590368
266700017
377410041
381598987
1225737806
500886985
914050591
774917832228343808
467659856
729981130007531520
2664981444
1036938613
1482223236
241244667
796218960211480579
3781434735
76616277
14145846
792338774084706305
293964664
941567396
2342856875
430995535
782577416548020225
1021660854
2843887516
445817762
2784216706
3365915002
1045986391
800370508793417728
3927085403
164272724
495419596
708997585139318784
2755616210
301460166
2177094569
557827565
391486485
2396676379
3124581651
46891993
167341717
1014866162
2816638404
733026190689210368
2323867147
434180931
501084838
1377932563
60995609
503351518
2472900764
746960805288099842
962612156
60749694
4898036176
972598303
757283763797778432
1385223960
3031672891
47398478
38040832
1441728823
2167344469
263046135
1264774998
596739356
2470651487
413217587
983013728
501225131
49988368
929249360
4871813147
238718282
792738572302479360
636747278
790948562
3319305760
2746079253
3044947366
773929798192300032
1314735973
3300735423
3165299303
3251331238
2481748609
78562487
789357774148960256
800148156973363200
392552289
2689665578
265060963
1171395356
979023937
1488233845
570045852
1566803234
361960565
2228739276
335595246
259869205
499102941
2597478629
2993303818
419380079
1849326181
1080507391
394241598
1334546508
336442306
2920033789
402997564
2260295838
1083273792
520826737
1472290938
2221331347
2304599724
4216964932
4743531021
564038388
488864211
732773769824047104
3480858933
294563959
115139827
418511087
2190019526
590230314
105422399
794302419203215371
416439103
783227203433664512
3631947141
1586905838
451652033
753910937770418176
183287158
2400326462
429847277
1356673152
385252844
47875351
192118395
795199918017130496
1061027394
396857578
2921948057
793166155112386560
1069378951
46361600
464127310
504973589
236939562
460275730
2999834315
64144248
2248969512
3069843927
1057930387
396218442
1076597023
1872223814
986714714
794587894145052672
59564555
435880626
773183546966048768
422603932
3304767448
793026146183053312
3354137837
14233886
96538236
428357975
637254997
1969190317
977016020
716217206753902592
432516884
1275988495
4888582030
378095332
490641679
904244798
342292429
724012565467148288
112799591
2714596672
1085455423
397436135
1478155554
1849298862
1438986181
2207330516
1722899785
2528932253
421363907
2396523013
410284875
83224596
457472977
876541483
53139843
925137320
3613181357
1697604230
2817088916
607236289
26772461
768211076957822977
3955328542
734725512950603776
3169206307
799724972210065408
714382420
930194618
2405839948
49285071
852569226
560046823
4866956075
780714403217846272
749984254923243525
780318269995638784
354349202
75588319
49319803
753299006659371008
2317495928
175124410
586675940
1286465791
3351913779
1405789050
798182778772852736
1222622413
87677127
3784148609
619178676
166161984
400811586
2429092036
2155572632
314712733
511700913
472130584
105210939
191204810
800298380714909697
587706164
353575520
766471224
473410891
1357710228
434242329
50373692
267335558
411420275
500963329
2271999013
547520336
551668367
488765562
585397603
1265206519
923671178
188521082
295312913
448056904
803285854089347072
1704854190
734571818846191616
794582375867052036
1283249520
764056964821348353
4702133172
781359137909248001
284706444
366252148
744163262124728320
2997639443
3036230170
1450171
511750340
2496545125
94528769
84130259
2344799433
2475563657
2359142030
2477156634
3224046916
2359153168
202256562
1205482028
802942235398565889
745595735966613504
318487854
2512454838
3918792623
814747711
26504043
403444270
89271619
1193780617
43503218
3043362960
2221331701
418279884
4405643841
460611317
593744793
749963389
534616483
607981040
2984894152
1043113560
22901191
488298411
2971151043
357375143
254646788
3074122662
3405845278
394260338
564920609
317769975
722421795106766848
1316630180
4189019849
797374091959406592
583980924
3001239377
1693164817
479832408
2343337932
634434387
731923970124075008
2909203947
1317191599
796759446370271232
435173619
724908158813102080
2637537674
745880802047758336
2940585718
2367834092
4603291275
3230736075
485031544
435791551
453851050
854310253
4063692863
60042349
720282686556770304
18935802
373423842
147726261
756855937856602112
431084648
2405206161
700817890497310720
371147491
15712835
1412500075
995021599
4900292662
426716463
593719448
396922663
3891330923
500881322
3309120652
709427870419062784
2283534272
579677765
1062966253
116743111
1070289462
1068728030
3370007122
1201274174
738311371255906304
775299421705732097
4914915772
439487431
2746107033
743476400447959040
794535156291866624
2604413069
2487106705
1710490044
397867387
448732675
2983707267
446490092
545448505
452038540
3874001362
395327805
483304367
22609483
449819882
2565231604
899952481
410910327
2326047985
3332720836
742120627742593026
2333450384
3342531046
2367128011
449702471
389104963
746278399056969728
239779690
1225691011
1063694274
763785605713199105
1886228065
318418814
2369214387
702128508835860480
2806094501
3527260401
16213811
1109887628
767795023970697216
429565076
2993021697
1074413634
238659406
2464828514
388130010
337555221
1913784829
402863215
124162915
50584579
3995124705
803336895820341249
2222816851
801707005887082497
2190915769
3064945486
1394592542
713068423127908352
2906554709
3217218965
1355209729
140772582
571789927
762595238452006912
431649074
706057101
1306691233
381589283
2310684649
413104909
1120206308
217146986
285144708
216361540
196111778
423797452
272842856
794957025994215424
866853126
423435597
720266765650014208
2294163321
2515144546
1104275185
1226026806
848019140
2804804104
2902922074
2432208854
3027161610
3311089743
3053979329
988373714
558591392
2282354028
2872974977
494228967
454142762
1222000628
483199277
581977737
4891674807
1490789586
2582893278
792216138361016320
53868926
303139807
1262560531
241289430
261233190
2928096323
1252878440
3083483560
758282229487398912
257953952
243545857
442064935
446526975
2862461084
2359465576
482482833
712933197290606592
518660459
775632857993797633
500582673
724477963
482783302
4339037296
823550983
986629687
1048569343
4756502391
803599010363822080
2474046728
2465000210
3544963937
511673388
2176107184
448998373
706522020016746496
1013344171
482181994
1032615842
711187023
559988325
572997879
196527016
430743919
464825869
405682451
2827148957
1261559155
1963072460
1954625887
377272505
1456848812
793469352871858176
1870961815
3356708404
798797834698883072
2358353824
788082979335704577
1605428288
2506822612
419739649
841930033
2363590581
3688803513
1510136666
110386522
1117558933
914964973
2995507655
1376631973
340803178
492580283
372189219
477187357
2822929792
390353740
2764299866
2366997321
86209782
3023266619
32624061
1412875290
2370723536
1347344792
774133777412923393
19441340
407685967
2958702779
2616680851
1008426596
2361394675
65414833
2366074189
1101446990
2523901625
831768450
377199894
25676606
490342535
349555564
1101913508
999067322
862598437
750375628994711552
748995130548424704
250316913
1368793633
966529369
1163339742
327455219
1119007478
1327082838
719855009928716288
1039546381
541142373
3294159100
