42222355
769593057792651265
2983489509
2261468234
780133788001112066
2418350499
523200808
2597512767
2511415512
18616891
16986506
2414609995
92955899
63152361
225880396
2418170407
562805089
1410148940
3035292231
2313554308
194972957
703708224168599552
730389738323099649
400766387
49348413
151395657
1410444858
2734369037
4160203479
1247360977
421952674
725664950
40131385
564876371
435564122
2521033531
764525968623071236
18582562
1015392134
58009888
754658882551738368
974615749
499128183
1048291818
728807104790794240
180317088
2360523472
3310422237
1307016348
585154533
86611813
2575196077
780085489953112064
701425649169338368
3459171136
2353177690
1314457382
497021694
4343359779
452010658
3911482575
525353224
4866039789
1256727248
1176618985
127107676
3298746532
52940002
511920073
3228521201
413354451
3217393599
87967184
967124340
219226566
1146115483
374763214
255669937
3115484254
2629123617
437635996
176022966
81646967
2170742693
500122789
1159837046
65311995
701812518495330306
789109498753478656
3109897131
2735301707
498234811
408738224
85136516
4811969481
805394197494857728
1311732848
3317075583
2178600592
1635661050
2647427506
2182009663
413337087
1946899837
392589825
593623163
742611407867412480
759428777793429505
296791433
4181504669
2248567900
501598774
2162233671
1157534816
1934445032
1091357406
960087626
795290773642215428
536244238
627128494
3457594222
3555797841
513144334
2771313035
3292008420
2353752559
3069933261
594802573
263619418
321903922
717761771226968066
427673107
1039969014
802653586563928064
139765259
1068896102
177504451
430200691
2648038336
786170636527767552
531851126
475134082
1043099688
1638861805
431100290
2427827258
776357522
2396075075
3291493733
2327645726
3165463553
362485257
967615364
343239720
156628714
1444286834
715593055789826048
1447003466
524799391
4505319742
1492509740
4705505042
602903174
2941965455
69532732
147543162
136342937
464755043
247863643
2183243896
2497838698
4351705817
563999084
764201799217717248
2318573988
837129073
2427072883
81590832
462113829
3094835193
410808584
2376425926
2199548284
3288980225
561823534
3115905790
2517892513
2352161865
2225639237
783059860007026688
772074670208221184
2520868692
2438522153
300226654
268182887
2605945762
3020323600
4414211859
2292740047
1495539583
70650884
1006198212
702408683
766664451223330816
49396947
2784052049
2420367649
1422780709
520404945
2192271144
2149665647
13573252
1409217584
2539747033
4798362376
713877778681171969
2479620311
113120139
228051072
371781632
324946999
1219977643
345488835
923347921
398291306
767783947220713472
4184943027
1205594306
851391300
631412764
724648551561728000
2215701370
584739670
6439122
481929883
3226612972
53082105
3871871513
851734538
1962516367
283080198
2517301839
227391193
1077110826
3439290718
3518198235
3309946937
548515058
1367363988
4702970784
734053598884139008
499227001
2393822459
4911191667
2767295512
3063738106
751814461690900480
2871517500
491057885
22009952
1045009034
398052407
944269080
725269025144619008
3982211543
241081077
944665938
3906767483
2719244173
26781477
413786539
2706476465
249762131
2386642032
1645793970
403366682
2361360169
4156848515
989340356
411731864
801783651977613312
634832081
708429391
854458082
3037470958
2858833809
2210084110
2322290576
2902746298
1717274785
987258930
515969168
27992407
2800037465
779816993079820289
867633500
2949178589
1260518365
4833429358
96865223
244705592
3217711420
459584150
3124240699
118057609
2346624322
2182403667
403703062
3482470821
136637812
596507689
2301664084
303810430
707184555887861760
416398770
1412754547
218923278
1361815838
112699371
1408827164
480645077
357768740
85657467
2319542538
3368385652
139715784
3002193842
1064020076
706900831338160132
4256636603
507650057
2651374166
549983968
94421751
2774751706
4735890017
366188528
759129447022862340
268744692
4157712015
1434038420
904310665
761971314781487105
3434003098
224180160
2894830065
478607229
504329686
763113068662558720
1080423679
2687611909
51271311
369749865
3291324425
369728921
4688664552
406469071
2365498822
49709806
1533213979
595517608
70490565
416165363
50295560
2905617357
716326404707713024
435136836
114142301
491512067
972414750
2948374265
731252371226042369
788047861342691328
138364373
2263182386
96333128
804080566949859328
452828571
724303327077502976
426200281
1852391984
2527780688
472463917
362168367
1173130836
233245609
805405547629572096
939322298
2186945998
2518725797
2442834988
1386808813
766066296618414081
985542859
2434225281
797197311201972229
486709068
142204068
2448102733
5986092
717319878542245888
3656005667
793365255724343296
3093644236
804413937907208192
1064357792
435091007
705813420973621248
423787736
4202197246
1296801535
831981618
1927514694
1262704657
2574668816
423992369
504894136
533332467
110123858
3036352179
340852625
3143810488
83708002
1045245656
1008382820
721338196639014912
319822986
304598010
1111297184
545384133
273051700
789609471211438081
1168797480
782243428923011072
265494725
3240372507
778900450812764160
745784576719589377
1060911842
1327241030
514714806
2463100707
2560295545
2791075913
424406705
1859667852
202220952
57479575
325760306
1482397633
418169513
725557127872417792
748252291959037952
750670310
500012385
1229121186
4897530316
529656077
2289505911
738344440851468288
2296153657
3012939605
722098819110985728
472542406
1317745008
586592053
2433801274
702690830
412512533
4009855107
351919802
136923043
720632435306807296
68464543
2891332109
1375641666
705518691606241280
1867361222
750090721978449921
409512109
1348514569
418918882
2797539111
1219273302
439115535
801092954454683650
2257427185
1394277882
755320994131247104
591871935
733951265554726913
1246974960
1394952978
357074444
1159945879
595267886
2725435126
26295447
495194006
485573357
723203630917136384
890460000
755661374785724416
600136789
3307403651
746008230757867520
330574100
474793558
714896919349346304
717452216840429569
2322261107
796725262264238080
273065382
3008763837
705849685190295552
323405541
141896036
47880910
2870669794
123231777
425285683
1556086555
779976176416722944
2575440461
777547178516553729
939337284
1019814889
156935606
2505584184
3193996847
2374022130
594559435
522329714
572032612
2716446892
789001282514198528
430591850
236530231
1446871488
2178149111
3684132136
963073442
1177071931
2352132366
506425689
484150543
553392203
2830900625
2279477919
2795653154
1275308629
799754734315782144
1028662526
700841898
385456063
2219871178
3302069128
3448617916
295122999
77821747
2532491303
799587629977190401
433597260
473362623
612984125
278743750
19392607
2845429815
74320668
303937763
1016215621
730811617
2927049323
3369139678
145802194
425303518
1493589848
183405973
201200020
955582345
792796905558446081
249862119
1114520922
2782537521
454903753
746425402957135872
1443706704
1075391245
245924561
269808396
1886518814
3018290121
434752212
22075599
593582642
755359
523343629
387126602
1058355732
1159825830
758352397139841024
2436608759
869995242
926117844
408118133
316373745
117181647
47698840
1929877436
796340446221963264
4866822466
574185238
760806683564240896
290669539
2714518903
3041485138
1627870369
450311638
4869095007
2282231465
2359320782
2508295280
594454720
3165917453
4459906041
469630208
938563370
829507466
9055772
719848094981091328
1434279086
184729817
715083557581033472
2922539446
739520322320359424
883065655
709828600351092738
953895188
320253490
1323111596
506388786
2501851306
2339922708
377429760
3244937621
540701757
3047493292
733330743800258560
764195579081752576
2346647000
709061581867454464
23054148
416607721
567278450
2455729176
4155844545
326368123
4172212191
1690800408
1472353806
85574127
410764821
1079446351
2361146452
4588875797
290513880
2596945387
1372461787
3013948526
4184406562
394562705
785397318
728897876072534016
507652780
411010417
825507122
711250614995558400
727850864
3345594861
742397869
268994593
3351742565
97502899
2956811146
594882199
117065803
477757835
4869751612
740255320023441412
85355134
771694410396557316
608224434
1219503126
916593962
798448339851313152
4881267029
1464788840
39975495
1971399660
369449071
84018589
78697576
3522132023
2355256140
1579008720
1429916701
425280400
804257184536297473
1573345388
501526399
1258981104
792308866449047552
1034897761
2239737678
580331655
252124868
799219281451958272
456601013
801700087525216256
67107066
203936186
1044579342
526710455
4185268917
746085728
787732270832640004
483856566
44847572
450828495
3068966572
563242074
777565323344113664
547936685
421347689
992676948
733695386846662657
3424436500
731343264
435285639
735788453737041921
3246166239
382539264
419951447
2281936099
1871156755
603105108
1384265604
1116398478
2973117363
1117576526
804368763781021696
796684613452238848
2530670244
449896218
1121815128
794903071713325056
712239784052330496
1051035307
795352135022051329
421992276
777855788882812928
1454614525
133692338
3298252493
499967652
4838046849
546646837
48979295
2375216695
270877772
2425442529
1020682514
1048380457
4590616163
3310899273
475249879
728933115322900481
893488326
4011901702
1360366502
55237584
262698479
3104122829
1675750346
452278230
4240753708
425264862
3104344534
1266792668
730962018
818183167
770630183837655040
1879711830
1163858592
1077215370
789786960470614017
215735286
4483480636
435810536
2402307408
1009626624
1895168010
706086896275955712
197198251
110281337
759511811964231684
461019019
374385397
426152264
367231920
422414478
753199104
469519349
1393933706
801870151549419520
2415498244
2189430449
430437851
350216056
118978778
255143121
2436489082
2973459185
147293373
4860992891
4861559277
222411571
2751256629
983102930
558746401
2482305961
351555225
3345500597
438476133
558010244
1160278561
483384295
148292473
1201691502
546015671
929354702
350184411
419301945
861252402
2455937985
3297601040
1453663939
224594895
1221719288
533692413
459275547
779645231285301248
1561466923
1038122826
445455530
1120118342
32904859
420464238
22605126
348141611
791352178631991296
3355297455
721150876
50338513
211028135
122644390
1610265350
394850579
1085676949
4318424669
1384359890
4914230231
2334586102
475325454
448402028
503042698
2795593730
561473002
982401096
708773624
2754876919
554260599
704614221192044544
3164390831
400795945
50233016
3095619550
1063917386
1000045820
2352305154
4078214411
1366555484
766703303845699585
146798765
119006593
2230137172
517823398
191839572
2986211373
754321990257938432
2706574363
2418921020
708633075190775808
799012662550155265
778321813
1186828039
3332448431
4493808615
2991945461
2166133390
176712900
634629867
82625683
704462391938052096
4655248997
455167030
493914599
4227664641
2229631676
34898180
250085208
2465918593
3119633526
784455577
694638444807610368
783613594810351616
319578825
274591337
235593445
728733122695725057
466565978
3094278383
2345773460
827801822
1085581699
1357198874
70937566
1359838458
59527288
291850925
422038317
1063899488
1002454920
301171038
2562814182
498952433
995565133
1591590127
3138188655
527516661
547050389
429928689
3150869255
406453295
3314219367
3568595656
432637066
1001820151
405548207
4611199415
2184144110
4866412145
3056250186
435645089
805417543783645184
3762684742
3338622107
388144170
383783096
3170255502
805119209588006912
370685230
85171931
1011561122
841214047
532733052
494475884
402619254
569006883
707656621795713025
3068049551
4404458955
318939574
400076822
796233468837527552
304681933
2909504255
574622954
1607823997
1562770316
3370839443
4275490114
198600936
512433054
707218166250864640
177937746
2606143812
2351055747
1190283926
489693440
479604138
131262995
1069206085
339532820
1037982133
621972312
1276033099
4863834575
964719079
2478827076
3184354421
793050863052922880
3823074077
1058075719
1223037354
337228742
4868655040
467307839
577936933
2859316269
3145265249
400273310
1604118198
4394434523
457889747
407746253
742048419208925184
460048386
2368780252
2809762856
422858171
4863618933
2416492224
258599279
2401743697
28433379
2892216196
4147056975
1134804595
3030709558
1858411734
784105196070854657
2498940386
778647667039690752
2349348009
3322620622
3368018859
501166750
50976602
2256594665
106772715
2148135826
1382206622
964852682
427357728
521090462
4691189473
722684492
137939617
3973423342
940223707
2493142851
398739728
1150394972
3090919382
1544093054
628367790
61011257
710864700851032064
784421576993345537
740277257424523264
332346345
2941915384
1640766590
3176594760
269449767
3221712009
477703040
96233686
1103812855
1092670394
236371055
171453953
321939235
403444000
3053055853
14108472
3305477253
2182502256
407124709
488356774
1230871339
363158162
464076139
585674249
2266336141
3036997071
1125594104
4296909862
782584298964672512
439245001
141529750
87286001
787182731453140992
1222699580
4211779384
1869380918
767996964118097920
511569049
318549168
65865007
2408772318
3124079014
465415975
117701249
840402643
4089359207
4664853389
87370820
3860196976
574709708
2319777925
1408430185
456066284
752727902559625216
2889852755
45138552
263595524
3094312457
475234937
2192427702
3082030787
2688365054
3023202976
804008103222054912
4229963363
3136144581
2898075617
1037290999
873734450
1409736301
158949892
2338370276
871589084
2369010655
1586042605
1037946890
2454559204
1425562926
3101946463
590188450
1331529962
427794432
428376870
503303414
46151945
265333818
17733231
3373840360
559633081
803916997058760704
703674148309098496
875178422
2275495767
1033253838
3183670121
452327968
541178236
486470778
2203488436
82068999
606549225
1394732834
3401651157
752800121138581504
2870507268
343442484
339232486
790567158489153536
730777400745791489
424084271
1276570771
1852480399
4164981808
794945413317066752
3036745805
19592755
432688797
2888678625
2180831464
790208423958876160
2328471661
2431061097
1124867449
949310378
430925661
589855405
3224669813
53021813
104768009
803770735957344262
333498140
753519234710376449
2460943169
4442436082
910414488
782577416548020225
941567396
1384894520
2959212987
444871499
204456385
433479599
90859217
767721179180392449
777879171993337856
2442669300
797138085725278209
21929177
741592495155478528
396756630
1154012262
2426653829
396103010
731934821988093952
1941112045
557827565
2339382066
1047987218
22129679
22887971
416542224
3199409086
170747792
235486421
1129108278
1519689577
221679725
418968176
2469186961
784461318531215360
60995609
167429386
508555134
403652993
962612156
761582724176027649
972598303
483319327
1385223960
214068060
39592910
2729415801
47398478
246277707
789398336
89212874
13307732
803299268136173574
585988043
782126365315371008
789075138193088512
242192902
475170910
413217587
84099700
418221631
3334148349
3338790610
415884853
805387375270576128
3319305760
2827358223
2746079253
803539173898653697
2394684582
2896572294
318446896
312013377
1648213129
1400697205
1471608194
784691339732586496
367692964
2480246000
741721091723415552
1566803234
1469612947
189110064
856244276
483132641
286608996
738095532166553604
2523568577
747327834494898176
336442306
115625189
253714436
732773769824047104
1136910044
989695621
325804266
3471435689
3406855018
768783082736455680
599651301
737750588247658496
2400326462
424153335
736469367379087360
2473053800
420675994
55704769
1522696946
761228645008609281
4459087695
793166155112386560
3381470813
128609755
4864664511
1163796132
1343245195
2927289074
138699924
1086700214
1926324451
746323192835411968
3048846859
637254997
804354408
1120164536
4888582030
303298353
970705082
2282030010
2278958635
3984178583
747516809323122688
446903999
331223753
321375506
50579673
969771096
2714596672
1085455423
254607958
2805323313
4603127836
801754928356134912
459115038
1521671185
2941989598
493235188
984646254
447413010
461026785
779999286042001408
947730906
876085555
2227239038
3613181357
385512892
743569884257337344
978710568
88800509
2999879276
707252292408512512
4386339226
4208755703
75238797
930194618
477859562
4703605746
798978150772441089
1079126036
601368027
330602048
83793343
517694182
46348655
3425974198
2490640097
49319803
4845999597
537174810
2363670784
430044265
1405789050
457395109
318434829
113707488
470480835
379741776
2451846485
2712572104
952399856
3433360601
132091143
1532077525
1581093506
378706057
353575520
978514940
4256026096
1036983026
774612532036329474
717033742947233792
593817814
2827362754
34445466
1487687390
2951279819
2153812941
2392648392
1130420497
508781270
3135173073
481861216
803590719432695808
1704854190
748139485335011328
2921447206
696658225157029888
1960736604
1101963793
4141927199
2785020203
3036230170
133663155
763094873473945604
783740138660700160
906224444
611680497
1096100132
556033944
709073802404229120
805437787616972801
421166716
111263349
736290813962014720
1966419620
2342561803
470003688
907687309
257709473
3043362960
739208580360986625
209733883
735980645273489408
497739457
4885620221
80690245
2337490808
491591759
3430185532
112805407
766731574616424448
3521388197
4251380385
400798557
1316630180
287334707
797374091959406592
151481755
4458422417
2574266145
796759446370271232
2704308742
65077794
107005208
2940585718
751379826024583168
2521545964
14451153
1183179234
854310253
414926221
1595843437
1412500075
2322002684
995021599
242490259
439389927
254726886
1620517057
3001638185
713721722613211136
738311371255906304
111445754
2744277820
1073472072
237633755
765647763442896896
607517520
2844436766
2375301992
1899538592
3347934334
4841935931
349649017
346515529
343925514
1225509780
773378492
232908749
61724689
702128508835860480
779591650507096064
393289136
1131645518
4743526894
536397889
4901996812
603612465
3002875031
424936746
1121935962
590833841
1472638976
2884126876
115309076
748114578
116517401
2828038536
2352594611
315206594
2190915769
1544336527
745949503
397287735
915191390
251101187
429144484
910729081
544352838
440247035
593495537
1120206308
2356966725
15532171
751148634398490624
2503804834
3873875115
1090249998
1442364708
2888891609
199216783
483668842
3394434651
724573957781856256
1870986247
346518147
760729745948565504
3307165198
119067790
2281925530
765577612441817088
803547185392525313
454142762
2349319657
3309670823
560466555
2434259124
780507044470198272
382923274
216771953
788301440733315072
305557889
330330577
241289430
87950192
2862461084
1972410698
3129780759
2731197053
540147645
1863466446
1474690615
435213350
362432939
332885533
3654961996
805398832926388226
146779176
2747678938
702845775617912832
212056192
787718454
555474234
2219749285
516778754
794099287894396928
2163227033
947879034
1601594792
118316666
729359824312504320
1524322628
419739649
12490782
1176763436
250683312
2964938091
477678790
75323086
744252966501236736
2366997321
7271542
1151876744
1719985794
2370723536
370940742
407685967
518949245
2361394675
3510859276
788742242219520000
298123237
74208164
2282469222
409448246
438676662
1136344622
2728402871
