1051325084
400605153
762284905145438210
533329366
266189786
257491066
2828119165
2768557727
2865452456
76390097
788124436406923264
268899621
777089880417501184
179059785
472905491
377926212
4384279288
437573164
757989565600858112
413452932
497798126
989351852
996095940
706132390591262721
1179157244
925670605
422340734
194972957
1370769932
3044957079
2873782396
3980680961
144987828
2732373033
2264082369
210376076
462900728
415619638
1452224784
223769248
419339559
712708690604896256
728695134
165706304
800698016768233472
580789807
368338436
3044526632
2362797030
4824031401
788748356185120768
74707629
494988043
804195631493509120
113722582
1223079336
499128183
432471147
596821309
1557514573
1230556524
2231871937
2360523472
407116818
1573078681
1307016348
1871000750
2150969605
729873024225316864
870395221
574429703
786289703913914368
703019927
2251943851
1058019872
404409239
1293004566
184881757
1914960499
133461180
1583259805
3012592037
443187387
3126510327
1017412344
413354451
3109698387
49954018
4922654369
1734567211
504625929
707558440235888645
781539111052115968
584529887
794572110274428928
2365230765
759675705647063040
919502593
271990882
1588323260
545008992
1719334183
2416029024
2403776046
352464479
1040220258
938933701
1191184285
970022552
782185118152724480
240335199
471281332
1474220623
1126319712
1398219385
997586305
2380463039
397199507
2927551738
422199745
1726176709
1040920220
2303644001
704594335317278720
4924035922
282624338
1079858408
1285422270
767772101503836161
795290773642215428
1481011574
473848168
134040871
191488665
727431429672587264
634575700
275040235
3214544331
2333203880
2566805621
1238622974
136225328
744598818365255681
441696914
390622095
782203229375438848
700397826824654848
1085405436
2376999356
793826143
435962018
2369954001
93900537
463969453
475134082
3988102589
436076895
787954994171506689
797820581584453632
788049329403506688
486764261
847370024
754718657880678400
2523038491
632151062
112413094
582622919
1444286834
477658096
20940320
1447003466
589286587
605229354
2846735915
397979358
432079773
4112467042
776553725603307524
1012822723
36051983
365918287
2656955561
266222825
25824939
3957645843
710873964566994945
2497838698
3290984981
749581630348591104
344991357
428261286
3294901019
410808584
1331086867
17880873
561823534
2877804497
293484907
1857779947
1054399650
572784732
717824772
2445989868
14700959
3239016405
402819013
773869687465803776
2850135335
710044495748927488
1065507722
609167584
90718713
801532114139250688
105157266
4038647320
573607391
264430420
2333745212
3040245794
1133516726
2192271144
460233960
49332881
1008395305
2652696807
899385834
126691082
2370772835
464045620
475127858
457391007
1160553823
228051072
703579471983546369
371781632
504501744
22842432
4854132653
767783947220713472
384198953
2376928902
468301243
445660248
706977832
421294544
715782891586908160
1269742242
752244313875251200
3393854572
3169131753
458460908
2582071238
265385204
315184117
1892357124
793787252040142848
499227001
1345240357
625923
3063738106
249751492
541596083
313199623
428931337
778450760
495466998
1384017114
831280344
1386751423
1414076593
126970118
23743350
253550542
447854508
714874000900534272
412200626
327862293
3719207249
427402721
809406648
2376808347
1100783203
411018458
1667419908
3356670165
443775053
759346461758939136
534135497
744263355536392192
3324571887
255047902
2174144839
42604254
780342597458034692
839776178
357768740
85657467
2319542538
2666051378
392291910
1134483002
264154603
383831016
1857386930
1308910549
2774751706
2332571271
553030181
459631864
553445487
2826544688
282111513
2199795114
139681145
1192866157
777777871
2529756920
1077391783
492103152
779236559908442112
754368761185046528
401650330
1179962942
790218643619602436
3291324425
369728921
2783540673
3001014469
1229273522
121534375
2365498822
414970005
558661103
424899445
800750620818800640
2644561737
2895110417
3002876873
1199922486
3371020601
811792008
33994488
731252371226042369
478752867
256455493
3887691934
802581982035247104
776479770502651904
1670823475
706097800040357889
3405289558
758737897
29469037
55819049
801883547724349441
796246539668692993
451569884
1071485604
192640902
579271577
1083645529
1696504896
751725458631327744
356404890
410589376
554336117
512664948
2744419310
432524169
3228099125
142204068
865191301
2910674200
1228034526
3342978617
388989529
356159314
1215629552
584022845
1285648478
738436528263843840
761303645518499840
1300646329
2224891988
831981618
1498709755
505731055
37507247
746092736898547713
2269224186
38398195
507591413
329047789
416419905
492325083
504894136
59200159
3036352179
713498795347218432
1058536814
3143810488
437745594
3226558563
2365252169
776453763624214528
1168797480
61984934
279171038
735366894857916416
532320235
56493633
2349431357
273516416
3035086786
2566632783
720617956540026881
1197644424
834267554
2410911599
515350705
1176775316
3345161205
3251588698
1229121186
405498866
916320301
322933929
2628952445
113424592
421766004
729221180985618433
160199059
221179969
377872873
803943265204662272
2224962167
799504971502944257
701775558879875072
2821366407
528699157
759446099182714881
1341462944
610225746
303365029
793096447914827776
537662962
263086848
790876052440674304
556818121
524809983
789073047034757120
58478445
787432374237822977
4495330181
2193774492
4857416872
613387563
3056430743
1167459253
4187885897
503452485
2888908630
2980016638
1001239345
3181986675
204791100
3023386197
2385763608
3980123284
1080493914
2197175103
1187057971
2343512623
329607652
426094795
1911991346
782606963393892352
3012543173
22059942
1356468979
794287344715235328
782874183365779456
79511997
1119665262
730429652
385923471
252604372
466358678
1175424128
479698567
485841893
730389591140782081
800969617082552320
1106167964
2870669794
1048802419
243563921
3001665089
122476603
197493967
368491867
710046420821286912
240401072
2572493888
365304824
3034643483
754007153187360768
401399952
326316197
2971568187
4372999402
2386835695
2667739481
134554873
3380511171
325739333
397245294
437710793
385088302
9808092
553392203
1712830392
2279477919
1275308629
297884272
2610299144
419862356
700841898
58868395
706427498217795584
1274581027
3026585639
116750021
317042569
396691435
3708746842
476725735
798087152806543362
748240006867730432
221902171
94529815
980094828
2533019300
2158195314
1069299457
850130671
2487798168
127025568
3149261163
459219907
1221995204
3466428077
1098999823
723835861989756928
2415768917
537525524
542548905
1035803582
2913833871
405170821
755102530527457280
595401077
1006044900
484283282
273377056
204858193
781503623306051588
3018290121
434752212
197193073
365935751
1853722758
523343629
340972113
4204326923
22659500
2454613134
1399683188
1017667801
1159825830
1505560448
1314231894
3176561379
747147930742755328
1690434842
2762141323
776867281880178688
780796503774236672
1037543545
420593314
760806683564240896
765113425882218497
434126218
1701645288
1402978436
1420443511
729900338975739904
483693163
1230361375
2350615438
1291656504
3317097099
732206617341595650
93248659
1137389269
711566134
742699071589224448
4548204501
726428495413387265
123712076
401517487
1377320102
253542906
2309731819
2476119007
3058937357
3715386076
484219561
4885903612
1327059386
9055772
29960852
3064824634
173389528
742402571390877696
2268895338
419588067
2742178024
1175727986
97768554
108434084
1175572663
99702635
4050739455
715083557581033472
488894721
932232746
883065655
453926304
3777004277
292212151
544670018
1960868090
1930695714
1354935949
4318680568
775636532
133998087
458632561
3297456253
4174063036
738090520866623489
1443830137
483143078
716685743515680768
740204367400337408
593923185
3019629387
741622785122930688
2530226425
64954580
1672302936
82653459
2221404476
711096585418088448
788468077079977988
750612188688154624
3334600017
4910051933
3404352773
573648634
469826948
708723561884733441
4160599461
730744416915329024
1372461787
37989211
2174264578
250697308
3344207110
4234014981
91304702
4452313697
421155334
421050354
382358973
526213147
390753281
3345594861
19067940
981343717
386145254
249167257
3227318753
2456227901
2608779441
282490012
305473579
148483413
479865593
15047521
477757835
1086423912
163879703
41544005
735162920
253977703
803502325029605376
28667984
2457973651
370639956
4415027475
461088423
1024976264
247209095
2192524651
2199379837
1077736116
1579008720
709437969241866240
1148230849
1726027441
376310225
794652233258385409
4209391403
2365011298
799219281451958272
800339370129559552
2743862297
120398190
801700087525216256
742053173213401088
2967886673
1070392579
480642937
1480266476
1369005530
2422131402
3068966572
419768382
506221043
385980814
733695386846662657
3424436500
576074091
2427220003
477846429
382539264
1167287822
1919132101
4370357957
2229154276
4889377726
528832755
131849009
1266649207
2168716042
3458620516
384881122
724322930
433046582
206671784
418203531
4008275807
795924884614508544
868360100
871317662
771613884
788734164166144000
482343716
1071139633
301901840
2173027221
3173945848
3939431595
430937726
335267459
2725711188
52332450
305255857
621945762
270877772
1048380457
559518086
431051576
142807042
2954612650
420419717
779428207749697536
229587251
784398647471595520
1200548598
2320276583
31713757
399011672
3434631431
221202772
14064966
548001064
101469657
3305939879
94594903
786474228258332672
855455059
31158194
373878543
818183167
471971193
169393661
371633792
493878618
2262991946
2178697187
363006275
3015653819
874002174
564148431
2333543961
1620434077
706086896275955712
1003998769
1261316370
2348168913
462046600
748041847264710656
803979599210233856
598558484
501095818
762423451
1964575616
765468572390944768
603434549
106373557
253164055
167066499
374549108
4787676166
2675073532
4860992891
63419089
1061905068
329305899
1962674090
3186232611
2360686468
786480676145168384
815758254
916522718
811707536
3130649488
1160278561
2338483821
1527062406
62038434
483384295
145728691
3065958947
533176044
428411345
526530582
793079724088131584
473021625
2394281482
999474469
4089642562
36612294
3169486113
2396403846
720236526
2496989087
3107574627
4200887327
2250843821
52075535
976243140
2903029769
706901139749519360
405792460
153034254
387694120
782889902589485056
603513371
481409710
703968845724295169
18728003
982292234
1022288858
2221318495
356975403
765897182
1368234301
2710954486
105616077
414978233
785367204703461376
500748464
4915455880
388140649
745004825738346496
4318424669
474746645
827734921
2162905795
137303843
724068270
475325454
81075901
421433392
2491270166
1214912420
561473002
395259413
3193772039
797134962453581824
4208501391
3379963119
2404476623
791583592799404032
2509843140
2352305154
3242519025
951545035
883099326
2155788958
1176499273
4436949681
2490158805
409089494
1537342195
791628536557793280
1361432923
511268211
474251278
404836757
561391482
2207172466
2365607444
41068452
778753237721706496
2228813671
113643008
766235199545937920
376373625
785934232698904576
240260928
3024921597
2409371534
4655248997
1308714193
1846097041
24528997
1329503420
732098776312250370
417260423
2799652340
894946183
4024562895
2887534066
2179898026
1586227562
2176575594
995283966
392191824
76769340
481945340
308089088
1229823600
396459358
281884852
487403439
448806588
534607014
496229128
1357198874
472998662
2652874504
167014241
455367559
33451984
784072008640434176
1127641164
113965549
765484843580948484
456894487
3386751879
535892418
501874833
2562814182
49921379
995565133
506387757
3138188655
429928689
725370452210794497
539098109
498145030
730034081698877443
755313289
2397844595
423531049
47987007
452225155
4611199415
595878183
512932071
2221319742
469516428
2509994134
395172198
1034473320
3397648523
2350347318
405443137
2940999287
1068702612
370685230
746263383473799169
3607019775
743514238493278208
2434254386
494475884
702432335078285312
2405837416
526735998
96326285
51486290
482107935
318939574
870589680
252676505
370345381
412410683
30248306
304681933
469408654
1139353296
3723192855
378621183
1531397095
293425432
307465305
2386946916
405685047
727946377393737729
1317415214
410948663
3315958811
634991622
781389132216107009
2976226983
71204488
399586607
363160035
24252705
2708071882
794822744840007680
131262995
3971957740
416465127
476161307
354901534
747404363027652608
2986885877
1371763459
486787100
2656989582
182411035
2935626166
1094889476
2359459770
413364881
2597695185
1904885862
1249912915
2409766709
532463016
1069263193
562823508
1080257646
2884807616
95873112
504249100
733755778784497665
422858171
61765111
965897887
3088279515
752897299186155520
4863618933
617201169
1364123287
3024843525
458618399
28433379
789866400332611584
130851801
1134804595
3255232402
400902983
1198402074
440680061
507006278
4103471667
1283688798
470603138
1382206622
2935824485
2493142851
459317071
1589180610
840284599
906269360
453966391
61011257
2609290294
1336605439
3166034463
564360716
1344131071
4701923905
164680904
733722041585655808
511976782
254625981
799525845887021057
4713725061
14108472
771702640019402752
864362096
591459578
485939604
969945894
440099769
22031608
1044203646
475578901
4142762261
341422666
87286001
731480135505969152
2276619450
2442105406
18762875
36047644
441651345
3049129313
138772797
318549168
249625261
1037713867
253571297
800858363751960578
260186256
2305446516
43703232
2162526944
2538948477
117701249
4664853389
2810341186
227749617
1358611800
999004099
1041890317
126583546
410735674
788850487768522752
3387135933
213616021
1095366739
27624235
2400060760
1725558426
1131588822
1413220182
2188884396
526838409
2193253675
50104200
3082030787
329817290
1116398599
970153256
2526179811
804008103222054912
490508673
3386953695
1921125602
752559084881211392
2898075617
432031665
789417368103419904
539865019
216714835
160700352
1178340480
93691257
2719760326
1292233951
4209118828
195787575
515912743
486653074
1343975432
107430047
2975144398
245999910
457323161
126968751
2205598141
366258436
925583479
316364685
772120295465443328
46879002
79003916
296489835
710171600092598272
1009243501
542888208
4178855201
1586673164
29045944
140392732
2382128702
225490204
797814002445352960
4010262106
1067982564
541178236
510652108
106758486
1231473788
125307930
108959881
4186937854
2943507749
38139984
408760297
257499288
199316377
1110202813
419285776
2910736343
2178196459
189874068
629531659
95482042
520560735
266700017
725817874602971136
2883758397
333441243
1456556520
2342517254
19592755
962462347
432688797
324262863
1017310213
3310777829
478436781
3309729695
2182923351
3781434735
50616952
735551927392567297
586434365
3296497990
2188026987
226532072
488864885
3224669813
721937520771129344
1139875363
2306068792
4823887701
1168160534
430995535
782577416548020225
401687825
702989185930678275
1045986391
1261967018
44925381
815304163
2442669300
2241274927
396756630
390641455
419094387
4774975307
396103010
3191220899
2758218200
3019942630
752918660377870337
2998311941
533298709
2267787658
766601799155449857
714376418055073793
503199826
2512309993
1053270936
111327481
17154727
407000871
488895138
249124899
2323867147
467473645
771709599535796224
746539553771651072
2831447465
2948897212
1905327090
1167315614
454185506
782557250728656897
1341254522
2625842403
414634390
2517546142
53155345
740031002
598650191
98088844
107582221
71887780
1441728823
431157210
804245492959952896
449619945
413217587
2172743300
409819035
2919170415
711681123559014400
865892366
4871813147
836324732
115764177
2732213699
3092389516
825563846
2965035839
3334148349
2645807629
3230165817
1474297879
757173570783043585
1473356281
377430097
553788916
765560282752090112
708604566414168064
411474522
179513167
136343557
1648213129
983512394
788467491299287041
775421050054139906
1171395356
361960565
2370099336
880016317
590393555
701716640988270593
483132641
738095532166553604
353492673
802089998275215361
336442306
70353394
2530749611
1142540912
2221331347
995189316
758680435161530368
773161248099803137
4069173009
803658046694158336
989695621
373277341
391936079
768783082736455680
703927942192173056
260185831
921726217
440129895
58016005
1318605636
768076470
796633906606964736
2231919056
2171028731
382085343
51522357
376707743
497256057
732970367434825728
793166155112386560
2391652852
236939562
710238049213550593
408277343
157474913
492336250
847963362
379069526
1057930387
396218442
986714714
4883029437
3073624366
363542054
94788246
1200369865
2585792659
544388330
2355253204
941772781
413455293
318939643
2352090465
716217206753902592
432516884
788432145161256961
3044614575
2282030010
520206776
1170199861
3043396313
2394128916
728107134714437633
804213653075558400
3085041983
440031245
47057507
326226399
804304134
215602422
355400655
96389952
368819722
2227239038
4221418967
3613181357
385512892
1916723844
1129041192
103056844
177293554
3892626509
2867200594
220806987
786137066514051073
2741727190
2225431370
4908499649
1282918945
2155070496
288718876
800798359430696960
27406951
4076357194
618840131
55218593
4845999597
709037877456408576
932393936
3019512161
499260273
307536134
828717014
701169921053605888
3015642023
430554250
166161984
3421902544
633968103
469267629
173925687
2919935643
2878097184
394729845
3362139339
766471224
978514940
160136129
3416106556
443975641
21415789
797008582822821888
708587318786007040
473967210
2153812941
219995423
3135173073
1377240775
3012881507
802150000440569857
2921447206
539157045
414385318
229783431
2385290202
2327373751
366252148
4350748833
1225018712
488767725
71218300
390707665
22031757
67734927
1002869839
417312053
189265027
202256562
4037504099
481304796
433287204
857753196
745595735966613504
2512454838
113050066
2612652422
3043362960
257709473
2322841699
200235787
2469776817
749963389
1000366015
439531149
482028780
112805407
56706947
822269940
254646788
149060372
209228950
1374172550
1278202914
427739095
2245662505
4189019849
883127682
741329461652684800
2882526197
409103399
3299152901
2363684405
1360384598
1880183936
406885867
411402818
233611005
1319843784
453851050
946620907
1231624994
1159457418
2435476444
786215749035720704
373423842
837370934
631465083
472893871
431084648
491318883
1314087421
3107605546
15712835
3553383737
586429781
2184890037
2763511049
827716970
1316416861
776446341123825664
775299421705732097
439454528
1150846033
1658117701
2209486779
1219654200
799115214
235323455
2850871143
126958404
27260996
760935300189356032
2263734461
421052754
738722778
98327606
395327805
318713537
554634501
899952481
283048119
430019208
1575572551
480628875
2285007224
1225509780
1333977013
343925514
788788458848477184
717647109114224640
4882567287
2308000276
3307875581
2391598947
212706560
372280583
185215567
773792248735666176
710789773963698176
2360647972
2158966523
420198701
1080941533
944659129
2250751981
423726677
714309424
590833841
1334865294
2811414913
103242506
2461911077
4118952904
211486618
4895702908
763378622983970816
2222816851
3224084433
771042114188742656
1708185948
1336027495
2882547052
2430152420
3319061722
135459652
1306691233
17053149
1918247922
440247035
216361529
71797055
478565327
391390276
196111778
455975106
973890739
3806382809
234825585
136308372
113446660
391521149
2515144546
2172507394
2841791595
234583839
274177707
789723402
1261505730
570925801
394837520
35245638
2872974977
262823808
1332209119
978759398
62572408
348323243
788016239188860928
2902178505
3070315479
431810750
524597055
2870220975
241289430
3320655053
2707234834
3083483560
763310989232177152
2364487620
482005245
232559332
39022638
964460408
169233625
489630689
2359465576
742054546487271429
744442466204549120
2979566235
957357619
362432939
3654961996
721961955079102464
3342884483
300775565
1032615842
724711989667344384
765356826
930443094
1638278257
752199246997258241
532365440
1699901659
516778754
1063955917
377272505
781894109963358208
41893618
798797834698883072
390272710
385847046
407777608
3233336236
946288772
928202780
502057361
419739649
3928015222
1264056133
279236926
2455541630
2964938091
2437403432
456508187
2995507655
237526834
3254705038
493147902
2438727459
477187357
425645665
920435114
33521233
2814378399
144210805
2208802430
1321276069
2494167582
2934930969
1021541239
3404851961
569345469
4738886235
1364215868
2875322452
1829960281
349555564
424355891
760784345569325056
405430528
624543149
481355521
379261803
980614603
59912689
555528953
8266162
442677409
541142373
4426069323
1876212612
2597512767
448170908
594548423
126000118
488716638
1283518398
2348635034
396841926
23735287
2969384565
3152228475
5893702
2480352662
1630204784
1130909718
752185006517346304
853635661
39239835
3318967853
97773643
1177010244
151395657
3290833539
732561151
628183914
625000187
602216944
725664950
360518583
758274506829987840
16718357
4905744514
572582980
3906213625
88725905
301472434
296179562
2982641339
398569269
1013535530
393342562
752675748
1894270790
180317088
728807104790794240
213818443
283636579
402995433
3427709602
216032839
3056927199
993135720
2633956390
870169790
487630885
744458832311631872
83580262
1934261960
97189414
2774933159
783220906063790080
447231795
2192358781
945407058
4126131670
1176618985
4536073635
752481682511564801
479735780
464516274
291946879
268749571
3115484254
2524478908
2299875428
3070188645
538462625
81646967
703299102965108737
368340302
4707564705
455612937
306064701
709479074029240320
733743405751271424
408738224
1412896242
1114098782
1562752760
85136516
1311732848
2178600592
329937650
735107028
2413702907
2149606038
1704844459
792636693367119872
979960242
3007529356
781821141858091008
4186758514
1034417863
48090650
1045330356
263833395
3555782356
2597478368
801536179145424896
783427641298808832
1596075248
3312303309
798570804086763524
787941432267051008
418088381
371749840
398609882
3833101347
409444860
513144334
757693715305619456
710162008180662272
605614784
23920614
1037835342
2353752559
449280374
275637632
800665008384315392
3157722659
1038231816
972804156
94562956
985298582
887639833
960574614
2826747794
367391294
86342681
1015870262
769543337527345152
773899240221372416
4877601425
3130730889
705772931981418497
4858527059
790284336373362688
3291493733
3405634973
521337019
83326299
2875841338
1747158031
1236619230
2936705943
1903628389
767382137678987264
744832700633255936
48768732
1972832178
1374460555
38573759
20423071
781749446908477440
1492509740
1884053850
1185642630
4705505042
245700162
852687006
799559721866948608
2860101424
4714030515
1341865640
2729520336
147543162
44882270
3027478686
430741049
253289367
2561421959
2965000805
724646324772155392
56346691
804031502229110794
2247573164
137791432
2487419119
2886697851
183594012
2904311573
1498271646
783062302388056064
779685782235783168
3710021356
3115905790
3971921128
232354583
1171488392
2186626514
3063894915
830931973
2909622107
3075063987
2520868692
149183666
102485345
251094642
148787137
1898454535
4025768757
4733150242
1908263497
81318149
766664451223330816
251663248
421914819
393398115
56674519
1259041459
2360749273
2363469345
2232011448
761203827806789632
755983570859089920
2370601775
2728729392
604249475
1327701390
3313351684
3290975685
1518699715
22006895
785089989692493824
4182142288
2479620311
394274603
1230470216
69565598
2524395151
4062849807
3331498624
3247519743
551084841
3044737421
323800262
2610108451
4283645596
481929883
464675744
1053320358
1283446118
453139074
4242565703
411432358
283080198
2282008813
110654085
405817197
914681120
3309946937
460896995
512049031
880480675
1337596044
4702970784
3022681938
417101186
4911191667
397446416
70602731
3166400685
767449120718061568
1068098070
1065387764
2524372471
2658993140
224940210
2817204236
3201433623
430033435
104841553
2270299820
323133173
700388922430504960
106542611
1351561135
2361360169
2751782307
1420244702
2207978535
461032513
1444422062
744655172211728384
1717274785
3202558180
1158164456
2865546393
1936456670
2318171590
4133217027
22607196
1372596200
3481946428
707223648986337280
436499309
797794649297588224
3121299317
2957106160
4164038717
4703289975
794919425027833861
365065358
313196161
52035837
1610183600
1172313152
897054630
978271016
1852811395
485762114
723554251612499968
161212876
1542761893
44136364
712695926
1434038420
481287765
16770004
712647058709155841
4613838695
36521177
2257121711
717760787075440641
467439918
2313949123
566142199
992686250
3179223957
337185218
140012862
787676742668484609
2340110677
4688664552
2836840346
511638239
702545722386849792
1176112362
2453025136
2530314205
446539712
2489888254
1292021606
1142457488
497384675
290102463
3047851452
1109134129
4920528677
716326404707713024
435136836
3046529709
128978964
2348140042
1675230540
784679732034080768
1373138137
244869589
12514212
475575224
792329915228127232
51827092
123235814
1896618822
159551952
380275805
708008057981247488
776082811849695232
2922945611
45514913
776003975921401862
1030566912
4874825699
344941448
766066296618414081
416422287
448842961
773567374167506944
76615199
290093767
2448102733
16537991
956276568
1368152558
417111368
380406099
487711174
1084193910
2813922736
717965900062793729
777140031957901312
304054754
501811802
427247573
2341083257
1134647432
190624049
569189279
739378759086804993
2915744302
594705744
1433806334
86997587
1031528454
736745744
1627031726
1728170558
4845740405
288788899
799223913347747840
103152299
915969295
342681065
2252441148
721338196639014912
304598010
545384133
704598502
1128760278
714246326
488339106
108528750
936708194
836055234
41324433
2463100707
2304414910
803045655270793219
13913762
489735587
113981849
48272554
831875880
78264598
1394823487
1859667852
2504528224
398309067
740562673566396416
2437846648
782163778817363968
851471263
750670310
141552396
712081496
3354849862
1021836865
341045112
238538685
2153367934
2289505911
2555751045
1268009264
1638026958
303404949
35289844
754694678314901504
1311687600
2644998883
1021306837
1028060143
2351775654
593693314
891432866
266667380
470257543
2827734168
548616993
1068648510
615223
1618316666
277166478
1247496404
39809891
395548966
2679507545
777506688316411904
330493217
703166170484994048
366180331
418918882
713474860899516416
1964557453
390878676
325488865
3861824717
4482291975
838513578
2278995820
755320994131247104
2524404516
309750549
426515004
721148434
1707513894
120383498
425135784
376765802
2987520981
2725435126
2903545671
3309215673
888531398
761190317127327744
723203630917136384
252606578
492964938
600136789
802530080639643648
722400748408016897
1101689227
290992864
940811316
838693075
2149778921
412250316
802059051064561664
391466134
84300444
330574100
801845830483382272
717452216840429569
1091722920
325152794
592546016
613917828
3295658451
1577808642
186399539
434387464
550588728
758705775950827521
1924501530
961283478
2394411554
800778423450730497
470325112
77240565
340847319
634301484
425365839
558987287
2385899408
777727512189239297
161450764
1044932990
283107590
508848957
2229049953
522228631
2444883063
420627699
1534824038
1105814539
3240778707
487534247
4744618343
789001282514198528
20432064
1208853571
785448306465972228
271468279
156316785
1813344996
29556279
499085030
963073442
1665884389
3118963961
3928749496
428507062
775301877512675328
484150543
803174269744254976
1035460693
298758103
473027302
799754734315782144
1028662526
4876039581
3095233408
500230476
763274024675897344
845313296
2603850468
2219871178
361341817
3823323202
455732838
472014480
3365743337
2845429815
734695485236236288
3394261233
2927049323
2466589783
417792554
836271002
2881244285
955582345
900247297
1113995520
963292848
1203563269
4216718548
2846982226
433955520
3130552521
1107573558
1194951343
481457729
747451360715616257
2751139073
2338003979
975582895
1667805188
22075599
14110067
778717606085734404
1365505080
2598862667
467120641
121424128
2436608759
775294620259483648
788487071304482816
716653596654313474
1929877436
789012950585643008
723094218734862336
421332919
770697590702825473
2862216426
1843782967
1510536295
1146147427
220996437
715597025404968960
965956884
518644534
2776380137
355756492
1045962650
571304184
2322216944
524248745
2183696980
409817475
197056224
371409870
3238853314
474688731
384431924
46715834
3065904687
2419772543
1083432877
1326609169
3361200257
2906271375
939204590
11534652
2420586324
476857175
704996147
585999327
743437317130575874
377680158
717100825026379777
1166877775
747118301210349568
849619442
363091341
2583026273
406074969
2800729570
238990492
532253531
1260162366
426943285
1419854173
390118819
756085177709916161
1734254454
3227077433
2197080899
522438312
485546674
190957756
2959917485
4829874545
91380029
776846953296588801
942307356
48967204
2540926930
170019149
771495594695294976
2208172767
421956560
428897370
108869321
417920790
621230485
20430345
263775129
4806536835
711250614995558400
297487584
542094808
1715437566
4067402866
1169245177
448631884
507066425
2174691850
4909543941
4330314027
4196215025
436711245
420629399
2479999514
29452509
517293793
2931690377
7435572
594725434
1537494991
439131272
1039871592
7250482
487521897
2992351714
4053087753
743041027712405504
745025263679963137
39975495
784239264
800282029254246400
1042462844
226326062
31103417
951365918
2217674274
93255334
2239737678
507966909
3358483828
864629371
712643100590620676
357459418
788679345749516289
2950650945
459446024
1298737056
82388042
142393098
85117452
855282331
3069593560
3360914247
449736439
414646088
798886486712131584
2995908064
419951447
725828917
464788251
2189633884
369762590
1117576526
418776445
1437752334
182946752
1472956555
2907756975
2174723477
633728787
2880084795
777855788882812928
955314738
483160810
1454614525
2335228303
3298985147
14394318
766644219930873860
2470692079
1556491195
2819021613
350535235
2482513896
2409152520
763349615458578433
580763489
48834654
922711819
352383820
222628269
61877999
421753222
331292864
3357308483
761967415521636352
2268685606
1055582876
316374588
555357391
3404776456
1040080075
782137993649848320
274014643
2219307076
760097368859705344
215735286
56341776
3977573897
389395835
451610877
1009626624
990990421
736732339
2318610186
715608001579712517
452281866
390004968
1209547698
409427594
456674882
189042220
2861197613
557545233
801323798716968960
1897585116
1354437403
1239689270
520256703
1166637379
421839918
3377153333
784566367395741700
1404635250
69241041
618985031
2973459185
75244473
782574373534392320
413215193
2424988655
123195225
789842195775971328
719782999844368384
2751256629
627829911
3369262985
731733318157373442
419828092
3959228235
436842525
566361704
1208620304
797136508293627904
744573198163939328
10280002
430169858
3399848795
3348001973
379189837
28810099
244087105
734740811338878976
534655010
3543518537
796455699001802752
13294452
473166234
545978235
175831657
1475357329
447923082
382650535
716944964924620801
2475186729
384192964
1024715064
557803659
2868772072
41331013
1385085271
172034177
3091346249
2321653289
2247433494
113962014
2726948745
2748801657
1489971883
478807479
802814151164825601
540669424
162432623
2601125506
4214416708
2182818134
47373547
3164390831
1357813057
1638096936
1259239400
413278857
1873172964
3425973148
541114609
489551817
58636171
415608754
353640576
705451641
2827084763
3346430393
3036835001
82636356
3332448431
175557941
493318360
2942618019
733001238313373697
2181825023
149072946
2942381427
79385667
4227664641
66975806
1092735302
1050589128
2811388466
442012328
727899457145212929
50236559
492928982
4759055535
3247960643
2948698869
4846684161
2220186288
132965464
540748776
2352059977
3094278383
730673331851132928
1280773926
2154746892
545063550
1021727540
2431772252
706067859550695426
708764753561305089
797171468002033664
602729119
515638711
760178360442036225
515635680
406453295
116190223
762326924
781405127366303744
2920376271
296215921
572469988
1645295228
377389027
175030109
105355320
1151527296
4413429676
3338622107
585391357
786276460080209920
1949663004
4194709101
2754433686
756921009882759168
3226575651
201654791
704986438
3415778469
395260015
2150833213
1919237072
764440133496086528
529561745
432684759
2788765798
1582558796
2805957349
468304135
52149689
789737150753435648
406367602
1673607168
283152050
943603681
2250638534
3173819499
1701836234
15191260
2767302037
3151825048
1170295874
1534786369
47578036
576369057
2328923415
256443765
18483428
531821962
804259262239281152
585941279
4204183834
490373717
269855245
12660582
210787486
636433553
480531196
742703335
474400956
3313002219
703386818
471861275
477654724
743477715790077952
2859316269
142593220
799352721254051844
2257809774
1456631540
410852015
1062583370
1597917860
612793180
46224994
46928097
2781262295
351668873
491495588
87467449
443193400
991768927
730380067637956610
2244460336
540895773
1856532362
2468218964
718402632126197760
798531277116862464
1920377047
4147056975
2786595941
160011017
822164642
272941891
765817465142214656
2423236055
783659253848535040
3322620622
3368018859
799517654746800128
428300383
4525011809
744819568909029377
558053080
64179835
780100421536849920
4187567045
396564186
405869845
957962750
743746226454028289
415088731
726721856749842436
441863803
2243345902
44160660
2980878029
717713995
391246325
493854798
391945446
724321908
2679377412
482112828
403444000
416928501
734074574275514368
166567376
781034881073684480
488356774
1277525125
505070430
594415123
569528684
986828390
377660882
807581581
2358132044
2270281069
409158913
725592726025154562
702594325625085952
2845221227
700939605521145856
2573378881
2831366043
1344701089
3069973995
17674633
44340289
1040471648
1064106758
123943257
311059477
2992982729
2949242037
1163281633
2597719151
4089359207
1199673588
1101021343
211471014
3381325839
3860196976
162103856
608063632
506579724
457610500
2319777925
2679895724
101086929
714929777090633728
474239930
420905398
2889852755
2410197857
710589026840002561
3094312457
602574015
440737015
419046277
379446229
1328476232
3136144581
160496617
2354462598
512024482
3207714897
278273822
721432104396025857
405094298
1409736301
794590661714604032
871589084
557637492
45810165
143934900
453964141
420194671
508768772
238059911
715658933
341589210
961184737
2496656412
379030092
1557557558
3022753349
2847900569
760790168358031364
401753108
404048864
474992169
776116078124687360
2959265074
1346272327
1089498344
1637888420
199717852
704994966
342550868
752800121138581504
2163623162
50382610
2574560504
3117151365
2995763703
846987439
752010888
754009621724012544
431438801
796795293316612097
83185672
3036745805
804135414634258433
484665449
1248366776
594364753
729981130007531520
369200086
2180831464
3291626026
764140480775020544
133673973
2431061097
3382770388
218560212
384233151
1124867449
2907520191
2269074549
637111332
3101800545
1070647207
76616277
798807953671266305
1092084720
415063465
941567396
4490969968
242392452
379338454
2784216706
3365915002
198959588
2679363606
407685623
1141016323
423416522
2722863047
1128365564
301460166
917041897
2217238576
440724583
717894055405961216
465390684
2255408790
7912442
722053268587855872
2585782921
4875798496
337896504
448317601
1148304355
3408660209
2451869940
2188803397
503351518
801422494708236288
746960805288099842
761582724176027649
1281118717
428364426
1385223960
3031672891
428915501
89212874
3169603576
1350270738
2464999802
782126365315371008
2966258818
315766838
501225131
405584031
425773398
803897147926122496
586037920
83622909
1235554272
17565436
2317777141
77973889
3727952835
877839043
405658810
2189190782
3319305760
773929798192300032
400755376
1137449617
458347992
2746678529
2457603903
3165299303
381953555
263599414
314392100
3298528972
286845367
1171703372
2306091538
2345206182
367692964
2480246000
979023937
34237970
399575489
2997523247
1025143716
501792745
822184940
804256689260298241
2245698050
463765364
18680083
2920033789
402997564
400837792
3154630425
3001742419
4743531021
372333948
1116777187
4289441715
1037995544
142643965
4195440875
758304360543707137
794302419203215371
783227203433664512
3662356395
732287754483142657
3631947141
2308488378
4136435007
2778061603
429847277
261838075
424153335
22895601
317413018
2238798353
464127310
147371974
771464957124804608
4860423380
751505772404674560
1644456139
4822490579
704654480445468673
201180170
837804025
59564555
697799370297774080
626284440
1343245195
773183546966048768
15036282
1102216892
485521993
793026146183053312
47901347
137705885
1370605363
48314078
698805851751108609
753558289
34932457
428357975
2331775274
1635529807
4515619593
723218846669279232
303298353
2415846904
53478215
3309458867
309554233
2450265194
16525973
417216609
1061795252
1069275696
2966428425
1474185410
1566395436
3030052815
493543780
1521671185
1225067388
253175429
797354121900781568
2388969988
47969711
1154188134
69835945
2555242896
53139843
1732490672
2817088916
226904146
2798863589
441973402
2207063824
782987100127985665
1660890594
798528782172880896
200051963
714382420
930194618
2866250985
2871622477
194632941
2509485582
1321896918
1038136346
292850268
33226107
749984254923243525
83793343
4830782164
1926843566
258382452
307100830
1405789050
526240914
540200727
50996276
1104311228
1254184530
1905524532
281966090
1653604406
19190645
2964458164
291157825
3589544177
776016576
61081513
2429092036
872579222
1308112182
492916204
548276767
764003692123074560
100463796
378706057
1857194689
4256026096
1036983026
1580685588
4900841613
396467245
429001617
2448777566
434242329
778924404617207808
2951279819
1491065850
2930991531
941717468
180480028
585397603
263882239
278915300
556771177
2625302733
803590719432695808
3457705635
534057893
3944687067
4617627196
405646874
577186447
1101963793
2925363454
4141927199
39976483
284706444
359644807
802176344515866624
1450171
84130259
783740138660700160
4195937194
725759263025577985
483198813
97526668
408580036
54543162
76695906
142475262
2221331701
4524443609
493147568
220603109
178330203
727770559107485696
3476555055
517721087
2984894152
3074122662
77207264
554211646
3008526447
3088538206
1667168719
4804649301
545845140
2350089883
106552315
489368395
499813451
796759446370271232
435173619
321233623
3297668817
421403169
3334414073
2510576799
772532983219847168
854310253
390339077
18935802
2301561164
734839351
411076021
1412500075
456549972
3353193405
1620517057
596841827
3891330923
288723029
3001638185
773956774932127744
2365532641
1070289462
493054513
80609539
1201274174
3110710618
726295360537255936
790258096421699584
4914915772
482197018
794535156291866624
96863587
441851951
491259691
251105503
415437027
545448505
439340200
3347934334
2382081974
838223696
474026222
2179543892
483304367
1598347068
1016109914
3341458427
2333450384
781930651528392704
2978065847
135117869
575500709
4773242133
100855011
428447147
3527260401
1109887628
2993021697
2874842817
1074413634
899978641
781483367434969088
199264427
782482968581378049
937463430
705029912265097218
120427808
50584579
406948594
987172572
3034280366
498295715
700406264937971712
804094800282734592
4893362397
2190915769
528846336
3082109127
28526655
112485367
1625839285
999773377
2906554709
251101187
108262067
2999484970
407032948
140772582
150725695
2958925781
599114492
544352838
2310173294
1120206308
1454186066
420146229
2420911521
3547995913
61751856
1090249998
794957025994215424
389430038
735022891583016960
2326306186
337316698
724573957781856256
713852625867960320
2432208854
4840451669
988373714
558591392
50970568
1222000628
386226952
249457691
96945924
3369172816
278210313
445648044
203995583
2862461084
475965087
396838440
775632857993797633
416534525
500582673
798899498152034305
4746168976
2202125345
2776699463
332885533
1091619451
398928323
200035831
364925203
237675515
54203549
709330749774757888
3437538514
337155946
555474234
1100350039
521408777
1014815928
1261559155
771434547762368512
444943220
1858048118
589091079
125734964
125851628
731093813364723713
315846635
3550261402
1106230255
2385752304
328966256
1278347502
711909518121312256
340803178
492580283
754232386259476481
2853575920
255752744
2231318146
2775981333
2167899593
2931893501
1091619487
509599014
721143737770971136
2958702779
2557144432
1220930162
1493349302
2361394675
731314447541800962
2785214645
112010082
1492497582
2973535553
791392103876202496
2386234197
3393861599
285099275
178618972
1101913508
1602804482
791992604640604160
298123237
318414872
1368793633
2282469222
409448246
483145404
327455219
3224072860
324818479
460483165
119686516
2970990513
89463988
311694861
