3347530847
13294452
545978235
599247299
926261881
908126539
420464238
2174535898
2359996649
4480785615
390876101
2359548435
3301531378
1389042925
1154282738
4112673143
2893436740
989351852
554555095
703360096944988160
1041823142
932376896
839739973
194972957
4318424669
1071579716
222460953
2161809406
4160203479
738771303742746624
493239048
744524292050788352
1163703060
717488257
2872007299
1057840633
113622523
1063806686
2982641339
491140594
1327953938
1633720213
1229478864
74544145
261910864
596821309
393342562
166722213
752238344118083584
1070320532
106842211
478991044
272467769
22641010
371348246
728807104790794240
245715438
4528485567
114553027
1307016348
283636579
2951349335
4105925825
4621068317
2706574363
790264879735304193
788472799803367428
964333646
1031322212
423732690
3332448431
870395221
1734368941
2228813671
806140925856665600
794538327085084672
744458832311631872
265310236
634629867
2393222217
50249623
945407058
721084485190688768
2320321929
4925524607
732098776312250370
1338839544
709890005158772740
2871347159
420406571
776536852111171584
706711917
707558440235888645
430884495
699650300089671680
2427311741
751124618832994306
553321184
1855275732
1063553574
3090093706
4590614848
781539111052115968
2789842566
4012398209
186390637
759675705647063040
1881117248
2352059977
701001362688057344
2744358657
717326322717089792
3094278383
1164081451
39028896
763709308869705728
709479074029240320
733743405751271424
3031058761
445332184
589418956
498309280
2154746892
484147648
429279647
517986135
2562814182
1016105090
2345320392
964810638
729775229598351361
394598844
969698839
515638711
1558070772
533510595
781821141858091008
1192571306
110460218
1037555461
2515426177
2897671739
4098447160
264941030
3312303309
4835538599
558101743
2154741814
473848168
492136342
194308406
519270696
107517248
4866412145
722919613
3324608649
800855052999159808
1082984088
1165469972
411498237
995345934
1336067024
804058015
479810905
717761771226968066
714739556747243520
789368501903495168
1251326239
3458047347
81689292
3295039204
3018425415
989346433
1487030509
972804156
1011561122
2328729294
139765259
517635978
1018151498
2376999356
799340178854866944
312572813
572056299
526735998
2880664491
939565693
370090430
4653395295
529507807
416370078
817417645
1318601540
104430215
767813014309535744
10281812
3102210747
50265477
2788788411
478835343
772204111
343239720
582622919
3173819499
769128592299134977
3053723635
470990008
44395683
93197485
419778202
187185454
589286587
714553962599464960
562063761
738408018916868096
296717811
436640636
1190283926
4705505042
1106715577
705069342661218305
83157992
24252705
479604138
147543162
409583631
80867890
790625241856937984
2986885877
2990072992
2463497702
2478580177
3758739195
258755575
2821143773
183594012
2970333513
83386342
1062583370
2961767801
3971921128
1249912915
149519170
3384542386
1080257646
2850135335
710044495748927488
1288700246
2696436896
753570089094504448
1076119734
96220057
1007282528
721337052168613888
2380747454
4726174575
417747634
315693040
56674519
598974424
421017807
520404945
2715371230
3036233567
1227483440
3313351684
107737376
2243192349
3030709558
985254589
396237618
3296752419
472170881
337067900
795974599322333184
1357718432
4182142288
713877778681171969
2754565029
477540924
2479620311
2148135826
475127858
763044924526825476
531353736
4892410624
321463844
1382197603
3363987292
821719770
228051072
2220382963
250181546
801846201578586112
1234864148
776884534889574404
345488835
4854132653
1148226661
1325348036
3021204969
2390176060
1205594306
4187567045
749991934165385217
3413458521
4166495819
2941915384
395518765
805751697960267776
429390726
321469139
298586862
125941209
3309946937
494827982
407598164
397162844
630335013
3244803611
499227001
2271436581
767449120718061568
14108472
3063738106
488356774
458721979
430033435
591459578
341763587
575654596
724578776659701761
944269080
473938490
758057400226185216
594767169
3940192775
439245001
765879972464656385
341422666
739031454919823360
986828390
718473198518579201
2374899391
430698104
2752353844
2361360169
403366682
3150260316
2908108096
2470879507
974511188
2442105406
414373079
432766701
373413749
155695954
1254291416
1717274785
4860266019
3588475175
306149997
2865546393
73971750
50583397
1344701089
1936456670
950266993
4040505046
4133217027
239434137
117701249
597499995
2366725073
803074974
244705592
3860196976
738033666811678720
534135497
771782482387726336
707184555887861760
301049143
360570400
761320610324774912
4063380377
213616021
2889852755
789482134532751360
1384913983
725981859910418436
314413850
1357675208
4735890017
3839534729
228010525
4919661688
1346676926
313218226
2898075617
291779474
1484550222
788754158241378305
2458003712
539865019
150196030
4797671500
2338370276
2900503457
3480866369
2987000517
754275355100413952
1586042605
4818612196
369728921
3290337525
2663566529
6059472
590188450
2174037362
1252166347
469403750
420194671
2239750970
973620294
2161999837
1333921772
1357254163
790249160779919361
340965292
452401757
165348110
1264550808
716326404707713024
794679268500471808
1349481115
225490204
70737754
788859641082089473
788047861342691328
816959106
3124736901
899672546
96333128
128978964
3407635468
2348140042
473082058
560509154
2291687349
3833171361
136232653
4012526097
1604094974
216423577
631875191
752944386472865792
2970014416
3198203200
1131812641
14942247
3336714819
2751847457
2163623162
482405981
1357793023
2518725797
95482042
554336117
1715430884
104300736
424084271
423088643
1357713108
766066296618414081
448842961
397931865
866679978
498000791
2342517254
2725060048
729981130007531520
324262863
2180831464
421590820
77889072
2328471661
788808477686820864
2431061097
410298671
863845664
201680143
705813420973621248
706363546
998138210
188478072
1876456813
535318339
76616277
721937520771129344
1304968112
281477534
242392452
1433806334
778703906356330496
805474408295006208
878503224
406471134
2354395787
304598010
4818751077
396756630
545384133
986140489
776453763624214528
1168797480
260739559
2385207516
1004781943
785032312123719681
2160789500
1157829871
999371760
377688309
2296569134
489199735
421406745
1357159903
756751959386906625
1859667852
410631936
1428360464
763025898736082944
1011183535
2739361664
962612156
972598303
488966133
1385223960
128570838
3110560259
4609193302
2811089575
2867986534
89212874
221028520
216630942
1385237533
723406713924116482
413217587
2296153657
501225131
929249360
1673197860
2359663543
805912838195777536
2447002185
360748546
211191573
59165953
2317777141
1341462944
737235071137140740
548616993
386450799
539041969
4432360889
1157043744
2851228124
3019669299
6827962
932478324
381953555
719657108
322920844
455777345
2640207038
838468238
422529041
2287988926
418918882
2400306869
2480246000
971945852
3926735649
271518898
1713407298
2417683973
154179790
452296425
426206234
2322947462
161983199
1367572112
568519738
2445766538
822184940
1394277882
781222767807070208
4919837110
941501082
2477603211
731917270369357824
4851423724
1083273792
2197175103
2313667127
831665582
61474009
767679162584854528
2903545671
2887766638
600136789
955966339
2835121973
746008230757867520
3385105642
183287158
429847277
424153335
806136788934885380
2762345533
730429652
806044397397807104
2238798353
1378987628
2341908197
1029021866
504973589
618929613
460275730
306153104
753700981
4414946656
2512327216
788478068763549697
3069843927
396218442
2356768939
404951630
793026146183053312
801445435407798272
2356265088
785506067002318848
155300542
795731592950009856
859582356
637254997
1527761478
2296120900
260150517
1275243168
2282030010
388572693
522457817
530990399
313323905
2364603574
3034643483
17715444
2971568187
1357909922
122363556
2386835695
4031602695
1438986181
1356882974
322037405
805007670063362048
732504227961044992
2925423826
2207330516
3130622027
2940410703
326226399
404663122
319782293
2767355170
9808092
486053278
553392203
59416453
767040529100079104
47969711
388946039
2320187182
1728213950
2610299144
805925755649724420
700841898
2508021147
2445616026
128004500
783287015865511937
157042531
2824408020
469398862
784137711561109505
702956804
714382420
789175269667942400
2904967810
1386793261
433181204
96516447
726776763800498176
730811617
800826550304313348
75588319
1277793402
542548905
1035803582
1357615280
234751339
379741776
2447883613
2543538403
4691712930
4090464435
481457729
469267629
3056847964
3958002443
2751139073
394729845
1259480484
3063216130
239316251
774230772542734336
1127733265
400899688
1035743785
22659500
768173050890158080
507746291
2359670719
593817814
986811270
1100761093
4733290462
2878223753
788875940575215620
573749510
919658064
778924404617207808
805557852744118277
2951279819
417230292
466920481
619969557
407047260
574185238
4201687816
1357263476
397422154
1614878936
1420443511
1704854190
1303711453
803933169573625856
263244860
315092963
539150646
1291656504
2401546563
2778824457
791287209508933632
806115947312517120
786545828299173888
261264162
61186603
231134468
2269841777
2437524017
784265755508420608
9476932
405426716
1450171
3062028275
2228764271
394613
706570552031444992
1131342930
298996098
725759263025577985
1374652910
857753196
541147498
4155402466
2420586324
715083557581033472
2721059984
791652252331147264
1857295158
4276681817
43503218
2513647388
357443213
178029740
394830165
2455009450
2296638619
2559910725
62334247
2867536148
733330743800258560
458632561
3297456253
2390797348
994100862
264153613
1316630180
752818635270418433
47896750
711096585418088448
1045722114
788739391908970496
504661653
2882526197
448364257
1693164817
2190982298
3007673747
429226101
2982994527
1899723308
3587858295
764853057909841920
521306441
63060955
17288700
702809833
2427155309
1975150249
1076086058
431084648
618837236
475021007
496247022
97962621
2741753878
2840014361
995021599
167845063
990661279
323951434
1166339754
507066425
1204999254
593719448
2956811146
794235436935892992
792614406135873537
1068728030
493054513
1393825116
477844210
386574852
406860321
4861025711
2752812933
4881267029
3330461728
800282029254246400
2989522569
82389388
899952481
2506823304
781930651528392704
179984406
2365011298
2233653763
226627338
268905980
592269529
396146922
1911018901
2273516571
852301178
2920005634
154082631
567052536
1257355178
575138798
2235047637
303122543
749757178530164737
392730397
450546622
1357715070
337555221
4901996812
782482968581378049
1084360147
219406236
705029912265097218
803659890967318534
845781758
1632825432
590833841
748114578
3033185758
735788453737041921
459977317
1195176624
1489965936
1919132101
523432889
29518367
785129133009494021
46120689
2339316667
1066796996
384881122
2547906484
414354427
140772582
1063034107
964698278
440247035
1120206308
540605500
774896842211459072
751148634398490624
9405912
955314738
3806382809
217003698
2180853339
61751856
1071492246
1037152033
424154220
588507242
1028668867
10438412
323737885
2216179636
1030996831
1556491195
1582784514
1073802740
595426729
447896469
177616381
3053979329
3353758954
406360666
3294013631
485050455
2282354028
1332209119
1357640916
1222000628
788016239188860928
415401236
2801772720
753717345512718336
2900717633
773671069
278210313
2416044272
718791150325403649
3357308483
3395698721
117070567
475965087
94594903
1221210116
469538008
505826561
392640024
730962018
576539396
81837035
2786191966
204041863
472751675
435162360
2453685157
768427028487995396
702134290470072321
767436816492429312
605271890
4242038183
1366886233
2359281943
1357782474
2525069528
1694843306
1039654752
3392106334
3059131623
1145972851
3843650115
806075480986226688
1897585116
2359304625
2783636812
485863030
591144361
171040838
50123208
1357773991
525314813
1404635250
118978778
450948816
1338857240
2455541630
1117558933
255143121
803005176789528576
1119822385
953542285
4860992891
1311236318
920435114
86209782
957427112
1230053047
142229682
94690071
477543705
484784657
3008182149
805074533841510400
40962257
916522718
351555225
3671875756
1251517214
2361394675
2219900067
4904858837
2337395271
3025353091
483384295
1131717240
1369083600
797136508293627904
55360087
407077433
25676606
2234822984
424355891
805791194462691329
2282469222
409448246
1327082838
4818638237
719855009928716288
2496989087
426774983
1720116319
534655010
4540267581
2192645934
