4278721157
1518850464
291019658
780133788001112066
1055367092
3179936722
4376544262
788124436406923264
298466638
2511415512
18616891
2597512767
16986506
1426493510
45389601
4384279288
757989565600858112
396841926
467701158
68689180
497798126
2480352662
608237283
443528274
405071321
703708224168599552
97773643
2261595209
608849411
1869093392
255085427
3028492330
53053554
4160203479
1030042124
210376076
526191743
238068247
20910977
1953930264
421822131
75538541
296721949
1474822591
2581118204
764525968623071236
719506179140018176
22015813
754658882551738368
3028985566
467389922
386576472
553669897
44413193
428262591
180317088
1046200910
30273564
350791815
1524453986
1573078681
3310422237
1307016348
3844243173
283636579
2764203485
1651093716
4592488702
1581362773
244270709
481552150
628761443
3427709602
531605585
962311958
97654241
771387619360043008
794538327085084672
1346574637
476627549
447231795
595372301
2693917236
801545224808001538
38032906
133461180
454349258
164787954
4829916737
4502381
3126510327
1104348050
3228521201
413354451
967124340
133373778
374763214
352314354
1173315229
347183816
728263259225268224
268749571
234062729
71234998
441037147
2170742693
473509127
41094956
3426670696
1282936026
41451946
752299549637668864
525350179
180005622
3020513836
2798997526
2351601439
2403776046
85136516
350256698
2444940699
2375326314
825247129
2781801681
480493084
158288741
53185852
329937650
2229837643
712378228678258688
3255935603
2927551738
1092058644
1726176709
1045330356
2303644001
2255552416
786872673037062144
264941030
104275102
960087626
2414683945
493293179
371749840
2323955682
2460104746
1051114320
397556913
409444860
418572307
473848168
1147448544
4092809355
1180016617
796334964342194178
2359401339
2567439968
409327207
1227799914
2766500357
1251326239
706330707556085765
1038231816
4187056599
1593579625
2429027969
855139388
800648842752315393
418762191
463969453
1227975163
473445891
754957121201004544
527373314
41611563
2427827258
3291493733
81230879
1518874812
3405634973
521337019
2325341319
112413094
582622919
1004482429
1444286834
552949047
3053723635
1068754034
3401876698
771530410291363840
775039590784729088
2430411374
54849589
1852173686
14170643
534822090
18176150
776553725603307524
282643059
2402987302
136342937
378467099
4552228632
3909032295
766015385065910274
2497838698
1555488049
1119130543
514161086
563999084
1363855172
2427072883
804031502229110794
2466256099
1120381093
410808584
1395987182
795739255440048128
2293440428
2513339808
4833610773
498062460
747062107636637697
723818739712581633
2363886035
2877804497
3241624624
3115905790
4905419657
1171488392
1517788118
1037077783
772074670208221184
1421381328
529606550
2850135335
710044495748927488
724630872964665344
2353359824
292984954
29269332
415723110
1908263497
35697270
766664451223330816
2220314044
98719187
2797440824
595663730
392941961
773983087348899840
505630677
332096208
619306530
2188444729
789223163305615360
353888721
716273791
4182142288
949546273
428304986
1389786139
2479620311
1230470216
3028809503
371781632
154896410
1219977643
62060285
2354704705
3021204969
767783947220713472
1205594306
4184943027
798743088206319616
584739670
892954382
367090986
752244313875251200
3326316339
798807159353917440
1205274991
1410255535
16604813
1416465541
135547288
265385204
2734322301
2319748337
721699643776704512
125941209
3309946937
793787252040142848
3143511939
499227001
4911191667
697447492112269312
3166400685
202219931
571805138
3063738106
1065387764
337024187
3347613405
358919228
224940210
306786102
2834429895
488423574
1257538070
1243172797
740672271619084288
402282664
252316883
313199623
492688472
572125780
95106953
39722579
432009958
417761840
1386751423
4243675906
2361360169
747634158357323777
2259459451
442950090
2299665593
182923566
3852866595
3310846805
1327639712
364411935
1717274785
1158164456
1177715444
1936456670
4824798082
632213506
801934415526002688
1558834609
3719207249
4833429358
419634997
416018070
207479643
469580096
3217711420
3356670165
2957157748
1016142582
3324571887
2746586057
906326683
365065358
2355693375
1421646463
425686235
1037602873
341020248
497382403
85657467
2319542538
4912745338
793909945351700481
2502131693
238192640
2548045884
1005353498
551380257
2651374166
437833782
1638143131
2332571271
2774751706
776472160172924928
2371530239
3336455937
553030181
2518805059
621937390
343295926
761971314781487105
2509301951
725059657295912962
1192866157
723963523655720960
33672617
316393390
109034099
109325145
1179962942
790218643619602436
1666144496
448852730
441149399
369749865
1692220926
168976687
369728921
783200025853751296
758291580793094144
1229273522
440738520
1025251326
538178700
1292021606
1002788786
542402644
448677905
1494873888
409252331
796490271630434304
417353270
972414750
392067398
485598617
788047861342691328
731252371226042369
101060119
258861907
402594859
613856938
29469037
368219944
482045811
519330046
724303327077502976
1305597956
803852928805195776
2527780688
2360892285
573977989
469270228
4251035097
460496380
233245609
751725458631327744
1447215498
2300003405
1379254362
118505502
763694739854090240
803384371055067138
423088643
403277858
766066296618414081
354003815
866679978
712117249
2973508025
1064367553
3597402316
953887928
859927674
1084193910
3050657679
1120077589
155514374
3370650735
939484063
3250680004
103646510
19643514
2408803254
632742781
1433806334
728510029
4797073893
59200159
323889720
1444131817
146215790
713498795347218432
3309510766
3880024059
915969295
2354395787
453990634
2834332673
332921113
776453763624214528
2976379107
778900450812764160
934476271
1327241030
2825259495
4031345951
541759113
2838570387
421406745
742397759991480320
345889075
761084746315149312
748416033334132736
710829874773155840
783741519564005376
2190622501
515350705
748252291959037952
120594409
1229121186
48971201
2351401893
313331114
2410208021
3302171225
2909929737
96327061
3201052948
322070453
268001006
1088677627
518743903
3129948658
697576931575885830
67300621
29460968
528699157
2311967105
3038103838
1341462944
1277394462
444685660
582293703
434253661
337767301
524809983
433694235
789443113651699715
53773490
286543
503452485
2888908630
1128807018
181171727
1394277882
455285487
190400882
2970118150
1389805699
2262356182
2788127629
181469929
1280953482
259356623
2725435126
1911991346
600136789
802530080639643648
1101689227
1079765420
3385105642
972123007
214551930
373481031
714896919349346304
319060887
613917828
2995540995
3343111983
2350173428
1901331644
3096871079
541824556
260230310
2319131287
630606499
2936070221
1175424128
2249959502
634301484
3331059982
1008791754
1077627415
368085489
557320177
1106167964
495011205
440129638
161450764
83227484
278422359
1891583048
2353092296
4104220647
1278345985
1097394962
134516956
3034643483
538461403
326316197
3003930130
4372999402
763388821677469696
236530231
2386835695
271468279
156316785
313652711
1655302813
3130622027
1244321912
257935829
2654152260
3297443457
562440912
1251605058
2250615505
841735190
4821773038
1699728120
65377234
17648551
9808092
1250044405
2320187182
233212370
400103989
799754734315782144
469667518
1187171011
845313296
4928491697
385456063
2342894531
731844484972064768
3302069128
771197191
1274581027
453531668
490602212
522328047
337171830
3448617916
4342527448
2772829228
417526349
2396920220
837667106
2532491303
373419503
1364490824
2845429815
94529815
4714539147
2533019300
2835640580
2767985158
850130671
490733693
2487798168
3382760081
2881244285
344767294
1221995204
747062212347461636
4483387102
96350254
757647165049151490
249862119
507212094
730899685825601537
3130552521
2847984473
747451360715616257
1322551362
434752212
3053010231
464806438
593582642
3344602564
1957607898
340972113
592489826
22659500
1365505080
637292613
592753494
1890955496
1017667801
195792208
2436608759
831157543
53664986
2789154285
374314630
592180278
584677870
705395674213441536
1013385649
152673484
147200306
420593314
3042356055
2574023704
2492265394
3326878185
484589440
2280648054
732206617341595650
475254497
734976214163726336
4869095007
1670142325
2359320782
68239562
2218697421
2558652622
394957022
1125109992
4885903612
432053287
276029690
3058264727
1880399689
541147498
804389679789469696
129081358
784340188679974913
887469692
776255018181722112
467573735
555551022
717100825026379777
2198073307
58453980
2559910725
356050856
49014600
733330743800258560
3130769177
420572029
1260162366
387198659
4155844545
2401418695
262275181
2455915345
702931234
1067992664
1472353806
1063397041
786778001790959616
1978729974
726543135136964608
410764821
397820061
200091336
2974879767
376130704
422844048
401947052
771495594695294976
2208172767
4184406562
194619416
51167606
428897370
408734757
506544504
20430345
781396039836241920
4806536835
116745529
711250614995558400
2999932538
928564856
448631884
3015774443
2545744808
2532606925
2456227901
3422769471
2608779441
212724190
117065803
1599296083
39273093
370639956
8873182
223951506
2409273144
1254324948
1579008720
2217674274
236138836
1624749512
775325300334981120
2323994552
464881732
3471387317
2336069819
1103389747
471428838
798854842785546240
120398190
801700087525216256
408870593
1298737056
1369005530
1228485109
3068966572
142393098
455266241
622808643
215090695
733695386846662657
719226699003609090
2357602941
1299394213
2257120515
735788453737041921
962439266
1728795780
1037692622
4441401076
3629322863
1117576526
795673399083335680
444853905
1266649207
2168716042
2330906381
796684613452238848
76902417
545207960
1259664565
514124269
794234183128322049
793126435221372928
4446307913
494198440
4920828160
14394318
927399679
1227284359
1382098238
930659928
2375216695
270877772
427760301
2892423057
4845403365
26502440
420419717
340838889
784398647471595520
429201666
520333330
922711819
68492512
14064966
557477939
716771729
1171615016
2416044272
443248991
2359541056
2274450562
3357308483
3395698721
489642470
1079226488
1048960076
51727698
2898227979
188029214
94594903
734847868830355457
3346000648
701650211391848450
2488588980
398317849
421693972
1068056972
3488504303
407751232
160152464
237808802
468607926
1066149530
804961884
2200642846
1009626624
100878763
1006344018
460453540
1283811182
415823659
598558484
418084273
240661496
1068681522
1602771703
1354437403
245960120
1688546294
781133589245198336
418636676
1891471238
275220381
421839918
430437851
483006753
279211405
1019758290
1511107916
767420353
731191159352135682
1119822385
953542285
710097855600533505
4860992891
22799265
446929182
72522293
615945406
2594867485
1061905068
866474910
3257520543
1962674090
1745966046
2201641540
2978229425
815758254
2717696903
801313759
143143391
337956523
618099110
375706716
533176044
797136508293627904
803300175955558400
2174142141
1201691502
3296986435
1418004319
36493382
104135821
801397532958031872
3325251946
527624443
3218386990
862899121
504652328
368595599
1016320381
3107574627
306318181
18768671
264351373
534655010
13294452
361503963
1601862823
425353753
722794470
1242311772
348141611
587521626
400919857
2860061009
198234611
773240110120927232
105616077
4221923775
402861606
2720583173
3375673725
2726948745
2525039696
2336516311
524236416
57358236
377619841
708773624
515548298
594986631
2510430251
746463089000853504
3164390831
891828164
436124417
1176431226
1118100247
154808415
8882322
883099326
423799588
961524896
1534486934
122497273
888075391
53234289
2490158805
360830746
803918224316317696
107729277
4759144253
2260822969
13159862
541114609
58636171
2314008111
784318068889559040
570833587
1241565397
791628536557793280
1632702368
754321990257938432
948400525
2706574363
404836757
4415101463
464835038
778321813
1112450113
387294426
774450389227823104
2166133390
793725735047405568
4919378483
196345013
763798165
2373178498
510371833
717334646405611525
2942381427
4655248997
1180449408
433435963
50590345
3014521558
440977656
492928982
761036676
954347947
298384037
523331583
2895077031
49303706
319578825
718185423571390464
1230551046
344954159
951306680
2843769504
118714798
82902889
786233441742364672
3094278383
4622622557
712391983541723137
2482442108
1368048013
4081934681
195915981
456894487
585661410
178078826
3291812223
752621893430177793
3707276548
279448213
969698839
734083116919365632
3138188655
527516661
547050389
2371137846
496332116
406453295
3619110377
762326924
4098447160
2369493982
40708908
2852162818
1645295228
4054106297
698226027756126210
595878183
2225350735
479912945
358847239
1036959080
338959743
272955645
3338622107
2373222249
2350347318
2940999287
1372859420
478122299
522221243
325165914
603901912
569492527
829417766
1418015090
2997661401
24855530
3402949349
472047884
3102210747
2270541645
307537574
754269921949937665
739646939998900224
15191260
1042303808
435791610
3151825048
47442234
1562770316
776366037566623745
500872821
2328923415
542327855
194268217
796655732628324352
798296107600191496
3882543447
4813190593
1108981674
923947808
26459546
486787100
1136494033
434184878
381526818
784500022410969088
443868898
1223037354
81694801
2338630951
51757652
62019002
17062107
467307839
388203039
139512031
497201068
577936933
1913892218
3191120104
1482145237
1934584232
2874898612
2859316269
3354994965
803954858000809985
251062818
3676376781
799352721254051844
439388000
1260171894
1308988975
434839840
789046049788821504
46224994
379398034
4860684421
2951587293
484059817
4853628435
4192474587
443193400
2444547424
415653323
3207730047
39610983
29442185
2416492224
475827565
3225190005
446445046
3024843525
3121677063
718402632126197760
28433379
1031168119
130851801
2786595941
329591308
477420585
400902983
778647667039690752
719652438110838784
45413247
783659253848535040
778937430690918400
157316810
1644683106
963144078
797599806319448064
521564908
96337794
2492166172
3049633374
1382206622
964852682
1273635960
1382197603
321463844
754738926083010560
447439107
4229498536
722684492
756480048958406656
3316777688
3973423342
2493142851
3344737672
724008247695400960
473046356
351678178
628367790
1544093054
417370434
934436456
310195119
1066657957
1931938928
2511962844
2941915384
3176594760
434826176
2980878029
73949832
3783380477
3221712009
1027404487
407598164
4784064865
199290543
1733662116
718137526783967233
171453953
242698861
3067687355
734074574275514368
284268143
4724490358
1080795937
716881918323765248
296713660
149609445
2744895802
505095711
141529750
168796358
377660882
802627578733481986
1083726745
1125370914
2289972189
430906902
786498737019363328
976952545
5427422
318549168
2374166250
111875060
3588475175
2973007930
557366826
704779333307650048
491539735
527149082
149097320
312836301
515615524
406545803
4664853389
330956650
407891527
345321374
739791783111077889
397555068
710528801206345729
794676572263432192
3093271402
153531595
2194491406
3018738275
485985971
4127255831
4063380377
2889852755
3123285591
1947835710
422574779
475234937
140810792
717736236
422042010
4229963363
412670404
2898075617
2224880222
392561345
165532712
123903173
2356457670
873734450
3349425333
3663181830
322180328
391955295
93691257
1014870637
2369010655
2967663573
704584631631409152
421802707
958750693
143934900
1400701532
4354748297
45140845
248447553
407742679
366258436
470511664
758327439558836224
2751862871
63800968
2656984642
348321186
804497097869393920
606259626
2382128702
430193635
225490204
776116078124687360
123612939
551753939
991498111
3183670121
3379698886
587623592
1067982564
510652108
2507201104
385014976
1035376896
2724485722
632324504
752800121138581504
296475664
376145932
2574560504
315102536
792789354838126595
2995763703
538529568
752010888
790567158489153536
804401099046326272
95482042
2466776129
85590368
423294786
2784350349
77554140
149823875
981465396
3036745805
3205783282
498000791
2342517254
432688797
3291626026
512534556
77889072
101573147
2431061097
4405181775
2583976781
89190395
1061462480
3243825899
753519234710376449
14145846
430995535
2723029636
4327300043
242392452
157372162
2784216706
52509655
2417603023
2167432183
2241274927
396756630
3041693639
557827565
531391864
708425080645279745
4633772304
22129679
1339993381
1684468244
216700271
164780237
2732822847
514422812
1228116608
763353589347672064
715695040899710976
2469186961
276814283
434180931
60995609
51061269
3319178885
1385223960
117360683
84193474
3031672891
428915501
598650191
707348966241865728
446380041
3337657533
2822583095
132811097
441972941
1264774998
127520006
413217587
2172743300
283215401
568446041
2739787766
418221631
17565436
735374918892806145
3334148349
3230165817
1039429350
491678583
2189190782
797171228092100608
4620748593
97650801
3044947366
773929798192300032
803539173898653697
377430097
16411541
2394684582
4432360889
109638595
346074726
2238395111
368533581
1648213129
2676171233
197424739
589253599
1471608194
378831710
402995375
2480246000
290174323
44886581
554504621
1915578642
1469612947
590393555
805519117
2250146109
1470221892
1849326181
701716640988270593
465753888
2523568577
2477603211
533567185
76906137
1327803948
1083273792
2856598563
400837792
965239081
831665582
1380421874
391034680
732773769824047104
122778931
753178402497044480
1127690690
758304360543707137
2962475685
454191208
605303095
794302419203215371
703927942192173056
768783082736455680
4688837276
359096965
440129895
1444738142
1655828119
1219022928
481944150
1108966327
183287158
424153335
118513045
255580876
1260923292
522780512
3748044561
581973855
1376674190
970835599
567159863
152061057
738368922144153600
2149489765
396218442
755745950
360836115
82349024
2349893558
501808339
3242236869
2542387598
1044114469
1086700214
941772781
2521671494
1173116102
1527761478
416346211
2282030010
4187702435
256467449
735888541079732225
2714596672
2557453016
465123403
427789815
1538942965
713737407636586496
748799089567862784
366183223
2266096538
40653660
2876702231
1704650323
2204128029
2153829339
792731002900709376
984646254
2767355170
428418598
2354862727
716422928
871666933
56487920
1497687198
629466551
76634165
120531227
82666476
2319258554
2494334149
483051922
1145608902
3225188031
48682262
734725512950603776
253548405
2999879276
17164027
59272021
2482419258
784137711561109505
618717774
514862063
2866250985
2375471990
354747398
254579597
2904967810
2741727190
862753490
2155070496
33226107
1679376193
3014477295
1926741584
49319803
2842875700
4845999597
258382452
568642322
288204711
360249501
87677127
402836961
292364008
513424484
781635668195827716
3015642023
492916204
198884971
800298380714909697
1464197947
1406189706
774612532036329474
2325858085
239806365
2571088997
2205596798
1357710228
1096476931
222170521
2951279819
3044930101
410061782
2271999013
51848010
1068084830
714096155152486400
488765562
3135173073
188521082
3033238948
437527197
1704854190
16627700
554263314
1063948892
3300508887
4910860665
797123652487696384
748139485335011328
392589513
1221792162
321313255
3405599800
4702133172
2784187913
2921447206
1469982290
236794333
1442307266
414385318
2913111359
2168651339
443932900
117782283
1890293305
783740138660700160
571133532
202256562
132506898
1374652910
857753196
745595735966613504
1916734963
3041981709
778693643976581120
1857295158
373893572
2612652422
3043362960
1193780617
4867831151
220603109
794954524670787585
798660060
774541927463157761
43993712
753627017518645248
413855425
3957830837
567739842
3074122662
4012699222
238604711
496343408
1362144619
1086749148
3521388197
766731574616424448
3392159079
1316630180
1190659814
432211151
797374091959406592
2953487277
52011737
2878690973
804468945646485504
2201949219
443811579
2704308742
4857980363
107005208
885661050
63060955
746282182038134784
1065055866
2196158901
132092980
414926221
431084648
542498398
1668527628
411076021
1412500075
995021599
72379041
2324366672
2163514121
773956774932127744
4563172516
3370007122
738311371255906304
819829657
2679606969
726295360537255936
618297054
334337968
607517520
3166156053
1632665131
2850871143
99361454
1394582718
415437027
748861284695805953
2492981371
964956758
3347934334
197370410
3741476776
1976455508
4256851395
232908749
487942243
2375736855
2203168022
2975564421
1036719990
1327684639
751820450
926354131
4872050638
2938313507
802257747089747969
3527260401
289591229
437792860
2464828514
270070566
2261802180
306272532
4901996812
3036587481
3121661467
134559413
2250751981
445626690
50584579
1121935962
717479185900576769
254683319
517717792
379224837
2220471884
798181337433829376
59540907
2190915769
4875148079
735011288644980737
1318760557
785481697462718465
305623772
1140048444
1011351750
396640825
451477494
440247035
292063590
51905142
1057565262
751148634398490624
9405912
2966187939
3806382809
104651157
575059060
2851967661
1037152033
720266765650014208
717128288804675585
2413327976
486478353
1336319916
1189981854
53052632
756514855461453827
4624123577
519354168
3080949119
405498561
493278355
256491020
52337911
303139807
257953952
500582673
1431424932
1270664520
3631230436
898297518
1039224967
149805027
89651876
69896457
486457867
2392079080
2929169337
2588366118
711187023
889029278
242954953
337155946
787718454
1063634156
2858584827
499571765
2749367375
774339263752245249
752199246997258241
1261559155
377272505
2163227033
784777867913723904
947879034
798797834698883072
125851628
776327017440641024
2372229336
1010820098
591144361
69323186
1022539381
45346999
140358976
94801793
90183892
400383332
943572877
2418774046
1955145548
1117558933
2588246800
477187357
2853575920
431978037
2386237696
32624061
591983888
2231318146
427374134
774133777412923393
1231844054
294194412
789186232668467200
2361394675
516395917
1064232619
615033595
730858206830985216
1608160309
3103748006
831768450
465471132
4892218558
273316238
701059824520396800
2282434144
298123237
4872700582
468751102
2282469222
3587936236
14701360
327455219
392616384
442675224
503711357
2987972555
1016682894
916889676
1876212612
