1303161607
3034434386
28119689
4074792743
1228301834
490390645
3559795402
2768557727
741951647723737088
16986506
401704325
263158083
757989565600858112
2801655380
396841926
413452932
508213354
394850579
980318629
1145584326
562805089
3334952776
932376896
422340734
539896157
289538124
40353863
2594602871
479645953
297060762
2748801657
256697871
623602877
2237096859
9806412
727904226773487616
2932798964
210376076
315818222
4743284837
1953930264
728695134
832669237
51733848
2434464491
969789116
725422192046039040
3364814494
778859035122601984
159546644
4039568062
3364660727
3164390831
440691898
702455771670380544
50233016
983347904
794138420020920320
747011427270017024
3111881513
2597273655
2962599197
499128183
2948661737
460042639
1591945410
77540948
1894270790
473042699
232798646
1262157433
1573078681
451279327
1307016348
2851471793
780829149950726144
2575196077
4105925825
797751167979819009
1241565397
570833587
427739699
2357580293
17951262
292417838
778321813
3332448431
421723841
452010658
2166133390
487630885
485012318
15692032
931280858
83580262
4919378483
2291700139
431411443
2790106535
1923383425
4772904255
92609877
721084485190688768
3298746532
1083729685
388480192
1017412344
872497166
719651965
755206795
1201912662
347442566
219226566
720592519
3247960643
471328170
325127006
2427311741
958322611
3115484254
417265094
781539111052115968
694638444807610368
1333631328
718185423571390464
762645694792499200
2207712781
438431990
4734022421
75018145
936533587
404088514
759675705647063040
789109498753478656
1317874705
614379220
71217188
626845548
1274855814
1065081188
518907123
1249365224
1562752760
85136516
350256698
2154746892
309784041
2314042430
765965375792148480
711206425
138799201
2746176545
2562814182
3022999487
1582850112
712247530709491712
158288741
4009714228
394598844
3087139251
1946899837
3368379478
54871865
2839570414
979960242
4186758514
593623163
1034417863
1696603856
789473196974235648
1718496192
730034081698877443
2974941849
1022297180
4098447160
418153325
2452845047
1556455656
1323536942
432637066
558981012
423531049
230254846
2460104746
1645295228
1348840861
785257393668042752
1287447402
4054106297
1371404382
414872489
698226027756126210
3555797841
1484402004
2238825739
247768442
2639918968
519270696
956969354
728295648
2509994134
297548565
338959743
177654794
796334964342194178
3191176588
2353752559
822710310
1082984088
2726498655
3338622107
2368223791
3123358953
3914047581
384437545
798264883062206469
1623140270
805119209588006912
1146441836
1060544983
4850581731
841214047
1066699969
2432948813
325165914
768014298
609145539
773462368047230981
311381225
463969453
2467935126
572056299
3345310611
877434170
3291493733
938103654
4445065097
632151062
343239720
582622919
3173819499
306021140
422468997
3053723635
433206069
398570282
3229982559
22494577
786953730746937345
795177099392909312
948730916
1045846418
3052918302
2941965455
71204488
1012822723
69532732
770615305
136342937
731780445399097344
2569072195
766015385065910274
2497838698
2977934441
2760142246
514377723
563999084
1242301080
721466546279817217
2348566523
740290496
785779065617846272
4868655040
2338630951
486617604
467307839
2474434594
2902835315
1381217636
1331086867
2600620115
3758739195
3145265249
2597695185
176075973
539721796
4266188127
2870842681
2513339808
3668101515
725721553741205504
1020639037
561823534
410852015
789181592564404224
702259587509043203
803249243242766336
1517788118
1235060898
3239016405
2909622107
2189679107
2962772146
408068270
2809762856
973456609
443193400
2753200073
1563515574
243394042
61765111
1898454535
4025768757
2817618494
540895773
725777622819586048
81318149
462343980
2401743697
284220925
3024843525
402352368
4874295778
29990130
3290975685
3216773356
188787298
787001238579740672
3016558263
552943373
3368018859
868681170
702248011250974721
1644683106
2479620311
2730634557
3049633374
1219888831
3390782038
558053080
2206549446
217718888
502971430
1967540029
4229498536
395242306
2410113435
398291306
3973423342
143079781
326922978
351678178
371140710
1060914980
398739728
4187567045
170769737
434505068
1404322896
19604974
259610484
464615450
1262939593
906269360
740277257424523264
1283446118
429715292
2941915384
3176594760
804255964178345984
504572952
2282008813
4382850335
3439290718
1365570751
298586862
442817553
227507782
3309946937
502178280
499227001
4911191667
414825567
258322414
2487298258
488356774
1238167818
55046674
491057885
810571969
452294805
969945894
2268415370
2746134749
3590525597
3393788759
1125594104
747245468
19835812
178009034
597605833
141529750
413786539
970598372
377660882
2282351922
3022123029
407164131
197389394
608259202
1083726745
4818686225
2361360169
1001359057
63431013
360707882
2857413639
722341444720193536
36047644
700939605521145856
3066008697
2365001385
2343344779
1158164456
194275021
704779333307650048
1036494895
2993765523
96220595
2318171590
2404846878
360733786
149097320
387001644
2422714453
4089359207
501691674
397249341
1114905660
1534748126
606958796
1367868512
1667419908
460226131
407891527
365065358
2595985139
707184555887861760
2181837838
1154119261
4514196383
85657467
198585878
2548045884
158262409
1681073648
802070166901231616
2242729885
602574015
431987028
475234937
526838409
1422764864
2651374166
272521191
628367500
912041082
453913656
2332571271
759712744044056577
2371530239
4229963363
1650257054
799908542354440192
2898075617
94981476
97641851
368772601
319271486
21825227
712647058709155841
2714500212
423376068
1192856120
2345274633
503670941
1216455108
26723126
620351637
1269805640
1179962942
1014870637
448852730
498007394
369749865
406877049
865113606
386741078
514440497
179193344
590188450
2360515482
4707136094
2975144398
397572858
2424020059
1456904898
425344887
1176112362
121190725
1337519239
758327439558836224
70490565
1111625298
4915900165
2656984642
24393879
3057142827
463347621
3016230237
1530428977
4131646755
2948374265
731252371226042369
419822201
96333128
2849367177
537263615
991498111
410195814
957072042
715960962159931392
2719499155
2933685736
1870641289
541178236
155623600
602182097
788825081552244736
39282077
3079043344
712376322
1032320215
796246539668692993
381958875
245079861
708008057981247488
573977989
3336714819
2855546278
289858783
1930820899
376145932
2450147531
1083645529
2910736343
1675497984
752010888
1379254362
158470519
424084271
1328664937
842336256
1324250802
266700017
2978458125
1311038371
2448102733
914050591
425198347
2910674200
774917832228343808
491620674
621220399
369200086
1368152558
101573147
2431061097
471995227
953887928
745937591158071296
292872995
584022845
705813420973621248
382029804
535318339
438849246
803770735957344262
2341083257
37507247
1168160534
798275720
910414488
499197851
3031452981
2342856875
782577416548020225
2460047262
1324201430
585584369
416419905
1446753674
110196134
406996560
141361812
164608349
116871279
3129266409
3385699887
559478963
2865778413
2354395787
342681065
259006548
332921113
1204596733
396756630
1154012262
301460166
50040128
4894920933
557827565
778900450812764160
717894055405961216
794799817495085056
4633772304
934476271
44948272
2396676379
2675356905
1025169505
3431319455
2360920123
3040812790
229804443
3977951957
546791475
2463100707
216643207
69608788
4008843159
1077269276
501757210
113981849
2816638404
422205561
310907747
783741519564005376
834267554
727765221293576192
720266365911719937
480612566
3127917023
746539553771651072
3580033637
2357348337
747008536102699009
325760306
3315474928
761582724176027649
750670310
972598303
1281118717
1874790332
1385223960
1229121186
768522633340223493
740031002
123921424
313331114
428915501
707348966241865728
230117459
426076826
238538685
944721086
2822583095
89212874
627320497
96327061
245053650
736441270881640448
789075138193088512
1264774998
780092964244783105
733368091
802619024894992384
722098819110985728
929249360
2307333362
522570216
2351775654
418221631
1010807990
2973008427
1048731103
272992559
757649527197339648
3386077780
3038103838
4263230189
2768667015
1960545097
1477343594
795555849892691968
524809983
16501369
318446896
3165299303
1336254342
1648213129
3251331238
757150618188386304
2963152966
433717645
361960565
335595246
721792865265979394
801092954454683650
2322947462
1128807018
2993303818
1001239345
1394277882
2245698050
465753888
984760590
2310308158
2523568577
328406433
3195990347
108027420
1083273792
550205067
1421109373
91843058
3007543721
1380421874
3334095760
61435918
4379409015
26295447
799177228672237568
732773769824047104
452985926
426094795
930285348
4195440875
793604649634988034
600136789
2962475685
419498039
318615150
768783082736455680
165500493
3631947141
1586905838
1655828119
548544359
1219022928
1389944444
3385105642
183287158
84300444
2778061603
2476405765
1274882076
35700426
141877526
3067467537
1595987317
932888491
788605410529992704
2238798353
433293009
4459087695
464127310
3395317595
2709647816
567159863
261119105
1370502229
64144248
4414946656
2248969512
431663224
464088963
16896617
3457524023
396218442
767600300
400904268
2249959502
2186400145
218170928
634301484
2450751947
3331059982
2778839548
331030643
4883029437
363542054
383531511
14900051
192165373
1329985766
468817704
2796145285
2937209879
4844733082
91528810
2494823137
161450764
786828737958535168
637254997
775935410841071616
240401072
394293884
1105814539
2278958635
4188287956
2267611574
2261631554
425915941
2716446892
573881279
564808757
2714596672
2214539367
1208853571
1085455423
156316785
499085030
136561250
29556279
1446871488
753856766639824896
13227312
451571805
290106499
487899058
3380511171
459115038
2940410703
536133160
736491984081281024
34607171
3089012589
2204128029
746201381912993794
4709374697
855180290
2846919520
96389952
1712830392
1410209468
2221149008
2170637596
398856511
131846946
53139843
1275308629
104487901
63119832
2975733075
2900734401
500230476
2227239038
3613181357
709361586734014465
2258689712
2817088916
845313296
410327691
119678008
385456063
2446007382
4193928556
1274581027
1145608902
3169206307
453531668
425296360
451003130
3075142522
753901145366626304
768815150837145600
2345472305
1341410430
789431766591340544
421981932
883730372
714382420
246840871
2225431370
796311583077044225
560046823
433597260
606731466
22634187
33226107
2155070496
1016215621
94529815
1328771652
148323458
389076701
49319803
297903655
2966120212
836271002
2776126551
459180701
2376140579
1676221394
1221995204
360249501
1048605840
2770527339
4833575914
744476048218292224
113075421
214634150
938688090
251106558
2576727319
1075391245
2152572284
1194951343
872579222
481457729
3018290121
2322998168
978557845
78334750
4847651633
1322551362
6829722
2878097184
2854387281
705134710104723456
3426637595
710525705277325313
2312169774
353575520
481909513
3404426943
4256026096
797812715859406848
509039455
121424128
2621137109
765065004370501632
434242329
600280702
411420275
4684976688
708587318786007040
2153812941
400344549
299059994
760806683564240896
16222806
188521082
512899781
803933169573625856
2412507160
597217498
2177262113
2644978389
2921447206
792427445232214016
585845073
4841540824
1161191406
278425671
366252148
1265375377
802176344515866624
106738070
805310907282837504
1036813327
84130259
546658485
3039628433
906224444
1304687706
926301210
1104743840
725759263025577985
1374652910
1205482028
3064824634
78971533
498576899
546285344
1264018218
1193780617
883065655
929334312
1248046735
412587936
209733883
3948685096
3385939450
320253490
467573735
574017966
4885620221
3345399412
2501851306
2754982655
607981040
1930695714
2984894152
336716592
514478368
22901191
2800729570
552242754
386732636
16156600
4174063036
488298411
551331260
1122686647
496343408
2455915345
77207264
466679177
862986014
3521388197
2540030877
770500091773845504
400798557
582236593
1672302936
2972226591
1045573032
634434387
405382064
775450302120071168
2987085395
4160599461
796759446370271232
435173619
2363684405
1372461787
424997954
804332055014371328
513561660
785397318
453851050
428897370
490736218
74347842
1975150249
421155334
2990153159
132092980
140133595
4806536835
491318883
723439271726575616
777653605
3381083531
15712835
1412500075
703596145411563524
268994593
2812859778
3417233499
192165619
2163514121
564938143
77547900
2969343543
3338655335
773956774932127744
471018832
2365532641
488206666
2515438775
439487431
3014148579
376714937
1299826472
925871864
780698798473359361
3359722569
381443107
172170794
745025263679963137
1680057799
4881267029
458458943
179096387
461088423
476910619
576946442
3330461728
55778343
743924448
204691397
1203674574
721722836226871296
483304367
217374235
2622854943
82389388
63126601
1294174362
416758608
3332720836
805090280789733377
1225509780
1313490145
773378492
513253779
2365011298
232908749
1903648940
203434097
3317322689
763785605713199105
1561166036
268905980
723594761488228354
799219281451958272
4925341691
801700087525216256
270050737
270623814
3107458432
372280583
2716904270
427400427
1071858956
500551562
468666230
2464828514
433754193
418639778
1563877585
473960090
429268185
3339145601
603612465
142393098
242071863
455266241
385980814
1020342666
50584579
1971644156
2342009888
392987772
1961227394
3034280366
3315808409
2375003982
2413730278
382539264
1919132101
3329627571
2190915769
2166793429
1116398478
3629322863
1117576526
1625005778
1680873980
604984515
1232067242
3318421203
768164057627197440
3432995584
3147339230
580503985
466397112
3363741953
794903071713325056
1011351750
450654477
1434758118
544352838
2366954805
1103450372
464171932
292063590
540605500
478565327
2422875421
2333470118
751148634398490624
616842820
272842856
1296671826
104651157
1071492246
637057911
458495032
795187955430264832
766644219930873860
720266765650014208
444020042
761809560
2294163321
3939431595
2971664825
305255857
444504781
516647086
2353012439
709632381825761280
3053979329
988373714
271803051
2282354028
576362054
359244949
624359831
3080949119
2656926662
3510108957
348323243
701835995226968064
2414500381
3303556480
2892298719
258554422
1362068263
2669111564
2801772720
109578008
2332403320
15719088
402670015
796824766548234240
745124581
501620760
2281475709
3320655053
2928096323
2184410046
3083483560
3357308483
257953952
275754256
4912017454
747967353682550784
2731197053
2296057788
1715119512
4060369233
2435906219
2351551950
734683913205993472
738803856906301440
332864857
4691207605
15839673
274014643
771232888381550593
1215938191
215735286
1269885642
1270233416
1043011003
382861362
358143005
1680602498
1235132010
337155946
706086896275955712
1299375126
781846768661192704
1283811182
596266065
81360107
1117323301
1294725276
2480323358
908206586
171860363
3130699919
298532531
88017073
924155780
400383332
2455541630
1307698028
2589240495
2938454181
457010544
727474294306033665
574642927
268793564
2751256629
3023266619
796970107503251456
2386237696
2527788012
104551882
797805269539520512
2482305961
307010824
2201641540
407685967
1077740636
4439231793
2800353611
1101446990
2610591821
17061821
57466155
1889357756
1829960281
273316238
1496349728
1346417978
800058792197193728
424355891
701059824520396800
1609040186
298123237
3297601040
1387461
2754731478
2890594157
250316913
120734575
1327082838
1262703662
710429646463102976
94361919
6835912
779622776999178240
556650372
790269417603162118
311694861
534655010
436943397
2728402871
1254790184
1876212612
