254192133
1051325084
2850074284
1367265864
390151086
2418350499
738414815660670976
1369902319
2930108555
1482475178
489546240
396841926
2571330985
533959367
496211634
1154282738
756413285365325825
3152228475
497798126
1318384008
2480352662
133246377
932376896
776388048561078272
513497583
768438281440813056
309575298
130859076
215374702
1540142966
221064731
3323080689
950313325
529317309
1860935300
1405465094
4160203479
927409196
1247360977
75538541
126344012
440691898
2513230784
4824031401
369080317
1015392134
495090591
74707629
3356485570
188136909
2256124088
904586378
4891433775
797773134669680640
499128183
3200053252
1531677930
1359299438
1082718704
596821309
868298592
2991872159
1522374991
1174274426
728807104790794240
1524453986
418743064
1307016348
2764203485
2575196077
540531263
229089974
460200677
908644910
329734973
4691185219
2886824073
2611334140
388768139
86311986
2249221297
2807355797
376691595
1322376432
4772904255
1256727248
1914960499
38032906
1176618985
411196574
133461180
1151076073
413354451
219226566
2868065162
233225190
567391977
352314354
2427311741
255669937
1117120286
2299766748
2812760284
217451940
188865441
2170742693
416922961
2744358657
3426670696
368340302
1588323260
802990670159970304
85136516
564609095
1319275574
527340467
765965375792148480
587451886
702219779
970022552
22018055
1065254220
783740711652978688
389677492
2149606038
249685018
2927551738
419743304
759428777793429505
2303644001
573991398
3230823676
1157534816
960087626
303969702
420654713
371749840
600638391
409444860
1426157994
4092809355
325434933
956969354
911297924
4319736196
605614784
50589162
3214544331
3320747710
717761771226968066
3131316279
1623140270
1038231816
789567191708565505
2644058262
437043850
387622699
2392450085
261233991
2841747857
139765259
561482122
2960938695
783319162550644736
720622101762351104
708028845950169093
512506306
593752362
1638861805
2523203476
30656303
788049329403506688
743608392883769349
170660330
829100496
139849030
1004482429
4893365613
419544191
422468997
310873435
1619769668
1079395843
1387006716
589286587
1178526410
797089304648581120
396333984
1023906182
602903174
73598124
776553725603307524
2883149452
3051515969
2729520336
2151237468
580422411
54941475
761205835565522945
762983877849800704
247863643
1122699595
2760142246
2318573988
80040362
775563174477238272
393392832
396956382
410808584
365546202
365622822
3430176939
306058431
382662736
1228029926
2386031183
4704298732
555323868
2970333513
1676734230
2226802248
1613705742
561823534
718898052128489472
1017336150
1037077783
425828885
3239016405
2850135335
710044495748927488
4657932088
4414211859
432918462
1898454535
4038647320
304308840
400363156
1133516726
51361757
3313351684
2841380837
2887988230
784829417168207873
785089989692493824
432589047
441743492
804384381280382976
2391603191
370342943
538979322
2479620311
2240178557
1145616823
156652786
1453854996
310845038
44160875
3028809503
1221818034
364189418
154896410
52694024
347549136
583920508
767783947220713472
1205594306
2376928902
798743088206319616
795288405605253120
170769737
2572209035
481929883
705158956
892954382
3871871513
254969508
2517301839
703351666595258368
135547288
265385204
727938981120323585
982037941
793787252040142848
499227001
525862024
755920470
355608779
2658993140
751814461690900480
744518687617593344
22009952
1168974246
430033435
2332230789
364452450
731920891735605248
313199623
33856651
1050697136
944665938
26781477
1324566829
779077194391887872
3093110545
2361360169
1470343742
2259459451
442950090
876091626
126741105
2161187708
3025368046
2350390728
634832081
346022823
708429391
577023890
1855419937
1717274785
1857148146
3379488766
1158164456
714519938006982656
2762868863
215355651
407267448
3761998763
28820399
27992407
2800037465
2204769767
4601698335
1558834609
801934415526002688
523387439
1318670960
4833429358
1100783203
779581916248965120
513481122
411018458
345535835
3124240699
4212866417
487433518
365065358
407296758
62325493
2493423698
3449826197
2634843893
115887435
3368385652
2242729885
798635240889651200
1071979285
2209414790
2175763696
3514615637
2332571271
753878412981374976
1434038420
761971314781487105
343295926
316741574
316552150
725059657295912962
586804044
3434003098
50262288
3077658094
2435959670
949743282
620351637
3372564964
984769788
51271311
798640448558497792
369728921
778177707234451457
390218263
758291580793094144
151087202
406469071
373942178
946249914
1229273522
2379017327
2424020059
1880747821
317507759
1408543448
790249160779919361
4905992363
800750620818800640
1037954268
998065292
1093512139
2895110417
1009225098
804422570644828161
110454337
716326404707713024
756427452575080448
424216485
367611357
447484344
278558220
731252371226042369
3056238755
96333128
349043533
537263615
2166843416
244869589
1305597956
912342114
796246539668692993
2334131475
372410270
789090311729545216
462764304
786571157411540992
2450147531
142017053
280175586
195005069
1379254362
2358348371
4878244774
766066296618414081
432524169
3228099125
56635829
866679978
2973508025
2316972126
1368152558
760156337405849601
302810045
2948863234
356159314
198224286
477548046
953887928
2267448493
1219626002
705813420973621248
3288126430
18188941
1636528548
2970015723
726834822052761601
1296801535
828570210
460496317
135554444
91652757
1433806334
4797073893
116871279
541527026
57641029
783366272071397377
782622314261196800
48142375
418217672
713498795347218432
231011153
379245447
631464969
50286652
2171153391
203858701
4319725823
721338196639014912
756866515
1413094597
17268435
416340182
1111297184
545384133
1168797480
2546064788
368938633
231967652
44948272
2985710727
2160789500
1025169505
791171156489408512
425479495
2463100707
752569567105445888
742397759991480320
729704804868599810
2791075913
803010732
789144305264910336
3041446144
748416033334132736
801153862715535360
2321245704
484257494
480612566
2190622501
202220952
1012718378
134206590
2437846648
326152237
782521290
3251588698
225452143
1229121186
357100487
120831721
1021836865
2312130859
313331114
476836933
2781366593
429700379
2909929737
426246902
412134662
465494905
4320139042
2296153657
350260649
1311687600
2307333362
2644998883
1064261450
2223326053
321561841
59165953
3300629145
2271558209
2954613465
376610294
386450799
2449267214
68464543
2205921921
524809983
16501369
805042719252942848
932478324
710193656708333568
414993771
1142916710
499214987
4857416872
789443113651699715
418918882
742455271
309178760
20940460
245685864
2201613873
591675607
484585978
2959989195
1394277882
3980123284
3119915485
761637479141310464
309347048
357074444
3879969267
26295447
2523613014
392626820
452985926
426094795
3091392485
225423130
1257582146
454088602
723203630917136384
93719647
729861715970658308
600136789
492663789
4899492155
802059051064561664
3385105642
885406213
791001688584949764
41090013
3067467537
717452216840429569
1119665262
987120272
477208895
2964119115
2327584543
362093487
1319157122
1679818471
2896503063
269842693
125950791
3378313167
3096871079
3356427399
2898953543
503455114
3005727892
2730593590
762637499428634625
634301484
3331059982
606602735
1050781381
949372327
1176687842
322528854
791770640
779976176416722944
1556086555
440129638
2984149581
266509631
247726328
377931910
1044932990
2804808647
365304824
486077820
238183373
2575440461
971840395
394293884
2716446892
412228403
4372999402
2386835695
271468279
3428888823
499085030
1699586232
3367934717
971897629
1956171698
449129151
1519266373
385088302
1035460693
2540480404
459624509
2888026811
799754734315782144
1028662526
81901389
2258689712
2553289698
793414057223135232
574396225
2347482439
2736523546
1449073304
490602212
337171830
336091189
3448617916
2856983111
992597312
1037882209
1849153957
727087787506319360
702011921160134656
303937763
94529815
1219750104
730811617
2533019300
744828787137839104
778938314
552146418
2880129663
2951442201
2466589783
490733693
28072761
872452502
970979858
544700808
542548905
805141954329800704
938688090
730899685825601537
517974089
4727631509
851318875
1194951343
394018745
556270195
747451360715616257
978557845
418208469
462427721
2283780786
2312169774
418932368
3063216130
1098262302
560997857
67276639
3413873009
507746291
398180854
701159273296961536
2436608759
2878223753
218067973
61253013
4624496368
82379983
574185238
3042356055
760806683564240896
2574023704
3055322696
765113425882218497
58241595
777852967504506880
484589440
240266199
627383485
1230361375
1303711453
2763710169
894992365
9627412
1291656504
2962604531
970562868
4273349056
714101389
1239873638
4869095007
1254788209
1161191406
1890326197
1465630406
3225158405
742094210447335424
1325008650
2886860662
3165917453
2476119007
215278944
2218697421
484219561
2295417636
4885903612
2856645207
482969926
3064824634
173389528
1880399689
2420586324
1097904109
791652252331147264
526732162
2957131078
883065655
607333435
354208096
467573735
2249785528
787888638
555551022
2553584834
3119071163
931508288
2309237552
2339922708
1930695714
2419574427
540701757
733330743800258560
2346647000
2800729570
238990492
23054148
1045531866
1260162366
1443830137
2164608279
551331260
611063655
1941612414
2530670296
2455915345
1830332768
862986014
1919454733
1144953769
317424889
2935219756
750709153170161664
726543135136964608
726150285870157824
2845018504
768575901516828672
2342306520
81625338
4818871595
1372461787
1031087262
782868536083505152
428897370
711250614995558400
203422096
1254757129
2812859778
3227318753
2956811146
477757835
429974408
522292867
358122962
410312678
1599296083
725882047
630524940
428417530
486456375
718527884055474176
3893394741
4881267029
1464788840
39975495
1024976264
4556208021
567086543
247209095
3244161467
1077736116
1579008720
63126601
17757501
1294174362
2776595983
3043617377
468410833
1069422908
4782734060
2443995940
237816428
784608770
1710334843
734317977546424320
75085022
2402701895
2743862297
801700087525216256
3107458432
953265385
456171865
1070392579
247722432
805130140766392320
455266241
398032197
2883830458
1175517920
2865271140
435285639
2958660693
783323312814493697
449736439
562816605
2413730278
3037077532
1195176624
1919132101
112600567
387165791
2189633884
1384265604
1117576526
596702756
1266649207
785129133009494021
863020105
1189743062
633728787
723538940502913024
450654477
1103450372
2197620432
375106694
2532257517
539203633
794234183128322049
1454614525
4133259777
1071492246
3127521489
766644219930873860
4864139045
2812583886
113362743
2375216695
305255857
472149764
1090294315
2345132599
789187522106568705
922711819
714432268761169921
264703894
861366342
2906132536
778206337171873792
79211525
2801772720
2516807525
403012790
558032072
411813423
331821788
3357308483
27606971
389131517
188029214
306671692
1392080886
1266792668
3434577971
818183167
537538390
770630183837655040
274014643
968871944
360868017
2348946608
2245963275
493878618
789786960470614017
2322849823
797490358305386497
1331128747
451610877
519383710
1299375126
1272541094
312217465
2184944111
140149955
426152264
41391760
55049219
456674882
803115076672700418
4024081156
2865768750
266213305
430437851
513745663
350216056
118978778
204479365
2402653372
147293373
4404028463
3180451295
718837077304086528
574642927
441227606
547699314
477543705
174643719
776841420602761216
2482305961
524960159
151109371
566361704
2337395271
483384295
1204728828
1471491456
55360087
2856545477
763080808420806656
170755030
104135821
262258254
805121880583766017
1262703662
2496989087
556650372
1353760267
161740961
4578456569
534655010
1038122826
134386098
1120118342
976243140
3034434386
768175139460485120
2863212489
420464238
585007734
864323299
348141611
559265836
418531608
18778734
4924594492
4188671596
557803659
524453451
735485321727508483
198234611
2238143360
122644390
403690384
487914485
36418862
2561253733
2978019477
604899762
2447487589
17549059
426812144
308503116
760930917204590592
222460953
771273553
561473002
982401096
1428407442
515548298
3431700219
591215948
241786073
1350107509
2510430251
1635317684
436124417
2285114260
391937038
2889612136
1000045820
417947467
2155788958
1573352107
122497273
431884957
3008007621
460042639
445403898
993658128
245715438
470889853
489551817
409089494
717298250462662659
1537342195
353640576
2418921020
2340552066
596846893
4895916273
2490943567
378056903
793574670171795461
491288320
26982622
1062780343
743971027248635904
461962554
422708925
585588201
29411886
930776294
2320321929
24528997
1050589128
2259395426
400959041
3014521558
872497166
3395095977
440977656
753290282020511744
987485588
298384037
2220186288
250085208
2895077031
2265684361
212661183
3253240709
3090093706
1356832394
783613594810351616
3130035911
319578825
401576108
2843769504
82902889
3408525531
3094278383
452226860
137954777
1065081188
2370797451
827801822
516918398
795707563190976512
56757699
2154746892
54316903
418028983
3070700175
2562814182
706067859550695426
1462583917
715134939155578880
465408039
416157197
547050389
357464260
455729797
429928689
306131467
779350232052142080
328473338
440716175
2334501166
30624944
4098447160
55817524
2154499070
432637066
4611199415
698226027756126210
595878183
3948417815
342296335
3056250186
1082984088
2726498655
3338622107
85017305
384437545
614949583
2518413287
1068702612
805119209588006912
3001539066
391286828
388299949
532733052
805108710435684354
701220226
702952591
787588319957966848
936441901
2318486375
2396599558
2405837416
526735998
97699315
707978044179410944
2440237919
515619177
466789101
1726668865
3723192855
359429583
2270541645
307537574
704431464524423168
3173819499
769128592299134977
993545408
1562770316
275628974
45886734
749325100718100480
721303651575341057
198600936
707218166250864640
778646509
1378820124
60882004
3338626512
479604138
781593851182063616
783292222846427136
943155390
354901534
514377723
923947808
154508155
1386737474
520610672
223926395
381526818
1628219264
785779065617846272
1223037354
51757652
405482706
494041573
467307839
577936933
533305986
743477715790077952
2729815985
3758739195
2875143741
94793551
2279396928
1306674768
1260171894
718895818305048576
1249912915
555202047
456082255
498308599
96446959
426464556
421862447
396708812
588587293
256569319
390161953
768090316612243456
219273566
966297074
4863618933
2540653035
617201169
2416492224
4405224977
759742279955263488
3024843525
337168538
28433379
737356912921083905
307278565
789866400332611584
1227483440
881165648
3196161154
821879334
784105196070854657
87306292
3322620622
451305585
220992786
3368018859
487862283
406516558
1644683106
465921722
2237292276
2712331625
754738926083010560
534375344
1177462297
722684492
780100421536849920
459317071
439268123
2937388577
4187567045
1544093054
1070621486
2200636678
1080849440
61011257
740277257424523264
726721856749842436
429715292
50662478
295181430
379256309
777919508250030080
3176594760
3239351711
420538698
976652664
2539364958
2980878029
2178536571
3221712009
609953857
746324746254561280
1103812855
453328636
183609827
812774677
777383174125019136
303219287
2679377412
3038785617
2945491781
2949601762
793519957686575104
757863319374032896
4724490358
210847731
723922930304995330
265360159
363158162
701359002496716800
1387260044
1063332403
22031608
149609445
2223424171
4142762261
983351833
731393402
1348851210
1083726745
197389394
955865916
511569049
138772797
318549168
2276189400
3588475175
194275021
73971750
1344701089
384690779
404987270
3008542859
2166600421
704779333307650048
4858595345
43703232
180834935
608063632
345918295
407891527
48981619
3309533669
122718347
306925405
1928293183
798283936950616072
372746457
456066284
324508308
33845343
763784342
483846892
2889852755
3144292696
1039152966
263595524
1413220182
482396556
783020674952626176
3082030787
2203686361
4860773571
759712744044056577
3930476356
115660475
2898075617
1006234656
1031879690
1402062685
977177822
56161146
96580657
1068080984
974204280
3663181830
474023066
1238556302
1372497578
791360681815728129
1586042605
3101946463
1528783652
774691439435481088
1037730840
508768772
863094259
746691972459597824
1267591759
705820717556834304
470511664
2200075155
758327439558836224
3072009003
2751862871
714440237276119040
710171600092598272
2438650607
3001785407
435135749
357659237
96369798
212402248
919877762
1307442482
1259549544
404048864
2283943289
4216847229
875178422
535447658
725937762449264641
399952992
714145905
497298464
418466059
781941488
2203488436
1346566790
2163623162
1110202813
606514542
752010888
790567158489153536
754071475599147008
158470519
322540485
2359426044
85590368
61292316
254725263
2526806834
19592755
306180757
2888678625
369200086
512534556
764140480775020544
779641199040798721
2431061097
317117163
977867604
4405181775
382029804
447921307
4362191963
76616277
2987269049
1427233322
753519234710376449
300390026
1183534806
782577416548020225
1060790502
4708148267
2248474104
2784216706
781954997806370822
481217655
396756630
2339382066
557827565
708425080645279745
793170005672198149
22887971
531505166
718449356546908160
796237284
2364035995
2267787658
528480384
4111270911
272028995
51752772
515588357
161414985
737724815780499457
503199826
714376418055073793
3242281907
2816638404
763353589347672064
346734625
215762717
746539553771651072
4329256703
69913961
1377932563
746960805288099842
3428340375
962612156
761582724176027649
972598303
438337139
1055931559
515650307
1385223960
68362418
3031672891
2366461149
428915501
50251798
708901838792294400
476914448
1418786191
791920705340182529
413217587
2919170415
1222087430
1218018804
4890070021
418221631
17565436
220729165
434150529
500602731
2768667015
797171228092100608
3319305760
3044947366
44370691
2294254286
4432360889
1314735973
2225750595
314059678
381953555
1648213129
3251331238
594659275
2481748609
436833006
589253599
788467491299287041
1471608194
1518621589
367692964
2480246000
2190313025
979023937
34237970
2867510873
2435083828
334238732
499968365
2336949294
583877210
805116382560002048
1849326181
4823693991
394241598
2523568577
126016801
2462609518
3052866272
2477603211
336442306
9113092
2444670310
1421109373
2349153735
995189316
804410479540105217
269799316
4743531021
253714436
431622091
732773769824047104
511961726
1142502205
396823374
472128673
2177455281
115139827
545867898
2921836294
475096024
318615150
752726608272846849
768783082736455680
4688837276
1635753799
359096965
440129895
435244556
2367102656
236346513
4794768816
289541478
2385387728
355122344
2778061603
1085901524
424153335
385252844
126049704
2473053800
51522357
4074742552
2921948057
433293009
2391652852
464127310
460275730
64144248
2300311050
454850031
3069843927
396218442
589611827
986714714
1163796132
4567966949
2322610277
4883029437
2428132118
468817704
1044114469
3007504107
1926324451
91528810
791706486972026885
786828737958535168
3367448397
3048846859
637254997
779407172832821248
970705082
2278958635
280057090
331223753
2714596672
1891849693
397436135
2207927540
748799089567862784
2364856331
460853894
459115038
2377363345
326226399
35721171
2153829339
743039255472164865
855180290
2168813293
626877418
368819722
747898341246238720
2366943176
805010128017756160
1405657195
3613181357
2817088916
178685251
423415078
2798863589
453959464
1070582773
2957122799
1235964151
768815150837145600
3207511185
514862063
714382420
361754257
2741727190
2509485582
804364379701542913
737734557777178624
33226107
731342369430327296
75563024
4735498517
1048605840
2351753245
1454502163
2885121955
2926855889
272940016
327542565
968433782
701169921053605888
966699302
2445645806
2429092036
61081513
1308112182
469267629
498994112
787069568086867968
581801913
264652421
3129540850
795317869131268096
1231654387
3084427084
353575520
1036983026
774612532036329474
783600115604914176
2827362754
328617618
454050209
2326687558
787452075244449792
267335558
2245228457
2951279819
222170521
3246308829
244898765
2153812941
708587318786007040
1085685984
488765562
1130420497
3111391300
2574452613
1057388839
556771177
3306600977
3294527697
3345309321
479575055
730372688003338240
1704854190
1283249520
797123652487696384
3405599800
317879179
3044107506
2921447206
3262232680
585845073
407079267
2437524017
2936766136
827285665
634912538
84890964
84130259
983253218
783740138660700160
763094873473945604
2732427263
611680497
173439628
2882593798
1047889304
411729803
1205482028
1857295158
2612652422
702514825214238720
945141198
412587936
80891401
1246126230
281848832
4885620221
549566404
1397534282
727770559107485696
2984894152
464828004
514478368
753627017518645248
328515345
630918299
29220492
121273849
3074122662
418683219
766731574616424448
3521388197
770500091773845504
1013035693
774695874630909952
801710252827807745
785774096613126144
400798557
1009028191
1190659814
1713750878
621761723
502000933
1045573032
2343337932
804953334000001024
3236323753
1225968722
582156011
489368395
2894387579
2987085395
435173619
2363684405
2637537674
22083
453851050
838517388
132526509
1231624994
18935802
786215749035720704
837370934
2763753587
491318883
14742750
726023557474557952
995021599
208642171
498846820
54314372
2365532641
1868341807
989582592
116654942
3166156053
1394582718
1479417662
3330461728
545448505
3293657688
2492981371
3347934334
838223696
471232887
483304367
545821255
3177828940
899952481
2225039966
138191701
2173266915
1225509780
504658270
1886228065
739209087427055617
1578337921
730492350133317633
788422453349519364
1036719990
497752969
4284959421
3527260401
2993021697
1074413634
422646193
899978641
2464828514
2362813114
574620995
134559413
3000601366
705029912265097218
590833841
50584579
1472638976
2811414913
254683319
719607820325412864
4895702908
116517401
233489435
2873630517
2222816851
798181337433829376
2466135006
1489965936
513217439
2190915769
1544336527
706053256821264384
999773377
1598253523
372937945
2958168039
508816367
4023291459
286202651
2335372808
1306691233
17053149
2822310640
440247035
150707800
579701946
2422875421
768921750
1608647216
2966187939
776366439632605185
2160731013
261542509
214160814
719239360521117697
588507242
2515144546
293372970
2905245363
585554400
376861483
378489654
447896469
346518147
3053979329
569680694
2282354028
71529985
4076656275
1127618904
1015819494
749611364
1015943750
766676307967082496
788301440733315072
2904770691
973851150
63705563
3083483560
2324895959
731346214030069760
1972410698
376224033
416534525
756950860471660545
1270664520
4060369233
3335374445
494175102
729205752582307841
448335186
3954502719
81837035
2786191966
2695313896
2442517233
249620286
786888112555302912
901555177
771232888381550593
506253690
1032615842
2588366118
776146146771304451
2780465290
1271715740
376173255
254031201
482784627
4492661435
2858584827
430743919
499571765
1162650138
1063955917
461301109
1870961815
2430601185
3027820086
591144361
730498917176061953
762969223937269760
3688803513
127931750
400383332
2737037620
874278259
2588246800
2940755837
86209782
2527788012
495386998
580147561
1347344792
774133777412923393
3291933754
4832053377
721143737770971136
407685967
10282412
2616680851
2361394675
1492497582
4229274312
532132256
407102473
1101446990
1369083600
391620881
57466155
2719761311
831768450
407077433
797053138326945792
466690162
1101913508
536421170
2707696839
250316913
376778181
409448246
1327082838
2853286186
435199410
1883765348
1680114756
503711357
163164686
1339157467
1016682894
4540267581
311694861
2728402871
1210007809
1876212612
