2808481293
1051325084
3041069908
453501061
742950892786290688
2511415512
1142469860
732350028216422400
472905491
471499156
452064464
2211479198
61188276
989351852
706132390591262721
1597928726
3303278242
1946489059
338660611
194972957
434558035
1655636611
731153006675136512
486032628
1540142966
801449731805347840
452858854
3028492330
1410444858
529317309
554413615
1953930264
728695134
783983079597694976
1636360536
126344012
1124494778
444090574
558110892
392918362
495275440
2266033014
768343554
849022136
2984502441
4906280991
3046570409
4824031401
456141356
788748356185120768
74707629
2315513041
2986498385
2241896284
766299046378102784
554226467
788617257404497924
261910864
2343993217
1396824866
868298592
1557514573
9623992
1230556524
114553027
145815793
1307016348
1871000750
1267096375
797756728460845056
2817092706
19036104
1966543652
2150969605
732825152988274688
3433378229
510806915
374233022
633645457
419589451
1349514043
870395221
497021694
452010658
2355576961
2903619039
732420980249903104
553715474
2514594951
2364107448
1322376432
91639261
803526977231712256
1256727248
1633220767
2693917236
404409239
1259828274
2327905973
732278054073012225
361790675
133461180
164787954
1583259805
443187387
2504129001
967124340
3398394214
798498443484340225
1710375336
1117120286
4590614848
781539111052115968
584529887
597686082
814585603
2170742693
1344746178
781366033231802368
1601332874
3426670696
919502593
271990882
1176925574
4047633629
2403776046
96361290
564609095
2265249203
978137395
1260582402
45120224
846309564
110421890
1065254220
471281332
394598844
3355724674
563737579
97861422
2156785945
3255935603
69959408
1247288606
1726176709
2827286368
366747858
2525924002
282624338
27636956
790540888237830144
159205894
3039360208
4836483195
2780281767
915385926
1934445032
186221116
536244238
889582477
783762422721048576
2177864810
2542536177
2832177977
731345316180418560
522438840
1655311418
634575700
1150604383
2333203880
242259406
792792117227708416
1623140270
458561527
1238622974
199790331
1252339764
406458723
4912238297
390622095
700397826824654848
526807943
1492549380
430200691
803939813267304448
1374076440
384301504
3988102589
851602604
418757627
2785851725
797820581584453632
2523203476
870556159
2902379002
732512160216031233
2345481387
763745508905062400
343239720
1600776799
1444286834
98212565
1619769668
376998975
799611304101167104
44395683
1387006716
714553962599464960
504573386
2367130164
436640636
117156334
602903174
4250417572
1012822723
2267806358
762983877849800704
1226139085
1481960144
1555488049
712003376477646849
2949205359
1085300364
3290984981
309533058
863339647
433481180
462113829
1381974631
306058431
514552306
542421730
2513339808
507697095
2517892513
293484907
759383486730043392
65773162
3239016405
773869687465803776
513191986
433192015
132810751
949291363
4038647320
2320504019
3399214563
1133516726
1251213175
2192271144
2149665647
2468306143
549223489
1008395305
600355032
800630640
4798362376
386745832
271466783
126691082
342118728
2178030123
370342943
88804041
475127858
34562441
3028809503
364189418
437533038
22842432
768545345223753728
1283861509
4854132653
2763929843
767783947220713472
1205594306
1274595828
730840601957015553
2572209035
3438570748
3293769136
731349450636038144
3393854572
2903859657
265385204
3345328114
211194021
793787252040142848
862793352
719098026434945025
499227001
2256191381
525862024
792089562524901376
3521541201
3063738106
2786870739
402282664
541596083
732227682533036032
1548961016
49318571
313199623
791545816322306049
492688472
880920932
33321705
944665938
2719244173
3093110545
3025368046
414185837
443926629
708429391
2752533209
794092015634051073
131989358
483431115
866067241
976455469
4180638383
2465900299
1504710145
715251277526130688
2651274657
270518699
798875254093447168
773444545342234625
523387439
1174975232
409288328
1318670960
783025828326244352
241602781
4833429358
944687335
124171501
3408538193
754082430055833600
411018458
3346569904
458623597
3217711420
128880613
731043418957328384
459584150
3124240699
759346461758939136
589811677
2391369431
591941991
255047902
95916616
1134622500
796097962384433153
214052327
2290074215
85657467
3404088759
731176486770708480
715828512
2651374166
772466844078858240
796421015052189697
2774751706
759129447022862340
366188528
228010525
1734072200
2518805059
533059229
1244609569
762934873057292288
2199795114
870218785
2349060598
441149399
369728921
751063251476242432
305481008
497158268
3001014469
2424020059
995849594
2365498822
800750620818800640
1093512139
611617045
795031432464887808
428663168
2447213385
972414750
1055797022
731252371226042369
258861907
2543754356
48996987
1697568084
2791419194
739543389721485312
305790839
478026574
796246539668692993
472463917
405532578
1227627204
573977989
91630926
801544335594491904
731078960402948096
2450147531
460496380
1314132968
710209510263136257
3318793277
2442834988
2367849601
880274702
4878244774
2573757023
2910674200
256660513
3828401872
717319878542245888
991727834
953887928
845678082
760240948488044544
1180392648
797906158325534721
1354460304
438849246
1498709755
803350148143316992
706060433363435520
2477361829
2460047262
210665291
2582196879
116254234
59200159
1215628212
110123858
2929403482
4058624363
3036352179
752858490985734144
258758131
1039581457
2392144432
776453763624214528
1168797480
1099289419
777531818933452804
257398221
635274427
735366894857916416
2462025474
57060570
710265162834583552
758935701698191361
3025616883
3144446056
376852479
742397759991480320
490643105
770354017096589312
797846353049223168
834267554
2824837708
781079934953545728
134206590
389066130
808945040
1229121186
75124368
106609082
174747861
113424592
109608945
732418888680366084
352337539
221179969
747035862626668544
1064261450
2224962167
799504971502944257
308905321
2811563782
528699157
610225746
376610294
464551146
31107308
1884307555
537662962
556818121
16501369
731354123795353600
1854556328
565434330
1892883824
330318130
3088659569
1029182665
226678158
409512109
2207158497
53773490
503452485
2893201293
3926735649
2748304043
1479114414
20940460
17714322
3323183883
1128807018
3436590851
23109758
415832180
204791100
2593299788
189801758
488785798
2833652902
223404787
595267886
300273764
442225392
2343512623
951368623
952494133
491302624
1710955382
426094795
337240318
2978007322
1620754188
55011082
67006079
614129819
165756513
499890226
299551316
2768661999
780542019030487040
3182201530
27326931
782874183365779456
325692761
2322261107
362093487
442615473
581285865
575673236
742002390929444864
2302034329
143415269
731154101652860929
732381808868896768
2367227585
1398976080
553002283
799313616302440449
1319962368
522667905
163971436
978519577
3001665089
453815626
2870669794
3352514566
122476603
2804808647
570274433
2353092296
777547178516553729
3405224997
303301834
970504938
522457817
530990399
313323905
3034643483
773155625127796737
3241512717
507792558
4914382227
2716446892
397340658
326316197
4372999402
792230731
2971568187
1063575205
24528653
2531731314
731352673879003137
754849045
3428888823
2810478797
753856766639824896
4549605137
1927901576
2833760769
4555750349
134554873
528515428
1111225376
325739333
719961865317715969
488856416
1712830392
2540480404
400103989
2279477919
2610299144
3852977062
732515052738256896
2347482439
4928491697
1274581027
116750021
731045586829488128
3448617916
1070911692
2856983111
864312458
794581992759300100
792801019625439234
1465483002
799587629977190401
1386793261
485186966
278743750
859694112
94529815
2533019300
473735597
271407710
385614406
2767985158
1368025074
396698099
775670407806476289
459219907
723835861989756928
732389987468124160
4752003921
2913833871
322495050
908951064
141458510
752910174277537792
1114019642
4195341903
730116080694382594
1075391245
993717145
407062660
2847984473
978557845
434752212
3341975913
949878890
2389082973
401438300
2792814315
2322781029
2312169774
523343629
999320468
108764403
541988677
4204326923
1127733265
22659500
143128694
586561743
786870784841089024
637292613
1690434842
2483857828
2482396225
1169506849
101789229
1068405199
567196189
765113425882218497
1017233557
1402978436
1230361375
3041485138
732206617341595650
4869095007
795327254834384897
123712076
3225158405
742094210447335424
2476119007
2194877690
1037057821
2492956680
2295417636
1213170632
1125109992
4885903612
701388779114930177
3064824634
585871107
731153718398357505
4155402466
4850369241
108434084
715083557581033472
99702635
180519887
488894721
481046302
1360369249
804007161139523585
555551022
2309237552
1960868090
499533706
1930695714
775636532
2990194047
458632561
279527882
23054148
1443830137
4583225809
740204367400337408
3019629387
2455915345
2540030877
423327600
2313205890
248620480
317424889
731357431758983169
726543135136964608
1058200926
750612188688154624
735185380924874752
2845018504
2280439274
2342306520
418534314
1372461787
1063011624
3299490593
250697308
490736218
2214308771
597464121
830081490
140133595
732478040748363776
390753281
85060556
413890451
2578671909
36353564
784471890769379328
2259346508
3227318753
2608779441
2484661227
759853330692616193
801361825
527221660
291643455
15047521
429974408
989571222
446541541
725882047
494169487
426036083
2970225064
312168478
1018288674
743924448
1024976264
399374372
411702181
1089513403
1203674574
1646281124
2173115843
733371908750708737
1579008720
1186603358
771773707085832192
2520000468
858154196
3043617377
2822423930
3169965514
574384278
2365011298
1036722421
1103389747
1710334843
471428838
296197775
2933713509
852301178
2743862297
801700087525216256
1257355178
997910394
493497596
63123584
595356862
2322734663
1070392579
295643868
1882717945
797186906064875520
747013422907277312
3068966572
459293817
455266241
421347689
731181008452751360
1002084986
2707254209
733695386846662657
1063745202
4737081682
385411925
864546176
248453535
401652014
731019841679839232
2367644157
1195176624
794135910791217152
382539264
1919132101
1037692622
3764059997
1912361346
2168716042
93193032
863020105
3458620516
732382632479207424
1603537111
464947115
723584112586530817
470450722
2197620432
618836329
2984790724
1192772778
794234183128322049
4920828160
2166570035
49397445
4923500123
3939431595
584056092
2264476401
1372918387
529483712
2302922786
570821030
305255857
2685569658
741541393496199169
270877772
2743381085
410784013
451023204
72657937
2762991057
3347525428
597161042
1077332436
343428085
79211525
331136187
6568152
19605785
558032072
50571065
624096392
789577810637619200
27606971
3305976862
574872653
406920424
725060346776555524
3303241126
743869096324927488
159412548
3434577971
32402183
1059881101
547958421
1043011003
564148431
1664604020
209007993
519383710
788675050992009216
541061131
3064354900
426152264
598558484
41391760
415423066
803115076672700418
112474043
2863798143
253164055
3311671889
731050119160795137
1150698020
118978778
38150616
431480206
941538781
202220813
147293373
782537281492123648
2781204699
2675073532
727701926544969728
739538599918571520
732484131846656000
72522293
38205384
547699314
1068846679
51590611
329305899
1962674090
4602580341
732544260722032641
732472507706445824
147332550
916522718
619258906
712755541110603776
2878237587
704729989
1160278561
483384295
2872332023
3065958947
192253996
2174142141
4140460517
207169955
754282812405084160
198199124
537290044
136019213
1459703156
2496989087
2250843821
533692413
3145299803
779645231285301248
4196157927
79036955
115558584
2848223301
549413577
405792460
139502285
153034254
387694120
537442556
778517398991364097
348141611
1227754856
4924594492
493025647
2863489435
4924054049
732299148322574338
773240110120927232
414978233
456113087
2978019477
529787529
549221508
763041762243907586
535498042
1594040222
261804112
421433392
549451829
2980701230
488714232
561473002
982401096
895702736
1039674703
765606442686619648
997500716
803898061382701056
2889612136
1721422970
2352305154
883099326
423799588
803239014685937664
747172498945474561
733519268
474068493
2490158805
720897240366194688
351495967
107729277
460042639
517823398
371348246
3075865347
2279801235
560715196
730841620841676800
409089494
3859630461
972337386
482228231
9012462
537182749
2840929653
2207172466
778321813
3241941287
4493808615
732385845970341888
41068452
2881497513
778753237721706496
2803725662
478998948
1142647476
4243700865
785934232698904576
50746264
4884586300
2517378947
206180236
787939607199543296
253664818
2250627476
264753679
526552069
24528997
2259395426
1370308218
872497166
955020858
3187555726
803617893464215556
523331583
2895077031
995283966
212661183
242351511
566540382
1056178597
319578825
1230551046
2629227623
1227624775
1408451408
281884852
845878441
587313514
534607014
2611313426
2345773460
4622622557
167014241
2473312438
795707563190976512
804040087252115456
309784041
1145650134
381567713
2562814182
498952433
421758109
2447235848
875207972
931542290
510685928
2509032243
493931905
577308753
3138188655
1979495443
515561206
455729797
429928689
365932392
19484936
425126522
539098109
3949073254
736596690
730034081698877443
1223069394
3297871286
1898775072
3314219367
1556455656
2852162818
754070712185450496
124827192
432637066
423531049
47987007
1205815622
595878183
358847239
2302070180
419035959
1074097184
131450639
3324608649
2726498655
29478533
731352081747976192
479810905
1034473320
405443137
2436045041
2527625792
1002177384
743514238493278208
2432948813
3939301649
2373340799
2310609029
1339546009
2405837416
1039274630
526735998
397874065
1561368925
2355749232
81350058
529507807
603370313
482107935
4474043243
595786440
370345381
717129274789138433
3723192855
2909504255
916860277
3373955686
398542406
776366037566623745
93197485
757949254765834240
1242095941
713277977589624832
2672276654
332894847
363160035
99753069
2170527625
131262995
3971957740
852460950
2353564274
501137418
730751401194860544
4708550595
354901534
747404363027652608
76904458
2986885877
514377723
964719079
477976894
1050997706
2658235405
81694801
151195304
92058239
1012877600
497201068
400750207
732479900544684032
1913892218
218931858
1392039763
1074173322
2719186852
261254695
233913376
731908101750788097
1306674768
1260171894
470687559
408350460
41480658
2951587293
599219874
803748942139760640
2680283182
4726174575
61765111
3408677429
4863618933
3225190005
3321758853
2576915331
3024843525
4211706467
54918493
789866400332611584
766147249718042624
1134804595
792051353921134592
433380672
4200346649
246410918
712267861
504290176
4185618521
93953682
2173240600
801520165250887680
507006278
255674310
1382206622
500655700
579867137
2712331625
2206549446
447439107
2352954268
1112850756
439268123
1544093054
2919241120
609790313
140403084
796342608700329985
710864700851032064
2226249739
4827234328
3166034463
2941915384
2511962844
1273311685
3342010805
1095937459
420538698
1036523390
144164308
1332630272
2945491781
3053055853
14108472
1230871339
723922930304995330
1039860102
735700882981982215
2391937017
591459578
1063332403
1167316106
87286001
946529088
896141977
2442105406
18762875
2737006611
2253267231
2246961171
405919398
138772797
3588475175
3008542859
704779333307650048
4106012295
3124079014
802291381
794277942427844616
722731347526201344
4664853389
731100408916135936
1278624774
1555166234
1358611800
429683173
51312569
856476714
73065144
1209808212
2354423243
52454023
213616021
434411738
505019583
2533287637
475234937
769526013474791424
50104200
2203686361
748179751660052480
970153256
1359282018
416277518
804008103222054912
397366465
2898075617
2234585143
2405490719
368772601
78078844
2879403391
3017089606
1461760566
3663181830
291972476
93691257
2847895318
2719760326
4209118828
1082264935
1275239096
1586042605
1039549512
1621311559
1264214780
2975144398
47618184
105890995
746691972459597824
718536182846648321
395311392
528277961
1009243501
3332411590
2656984642
4830691179
4876680137
17546069
1012939532
225490204
1033253838
725937762449264641
927074624
2508257327
4827579454
220308940
2418463000
452327968
541178236
2677847062
82068999
2992689333
2943507749
381958875
77336255
783978818994307072
391954792
2149138327
257499288
199316377
3156887011
946745624
433636980
728612934780358656
1281125448
574392687
559409782
2359426044
420533831
3763074677
799698834318360576
221131476
2342517254
860205385
914050591
467659856
306180757
1454875051
324262863
2774578942
492933114
842378066
3309729695
471995227
2161648892
800068301300776961
312166162
778914262689480704
53021813
488864885
721937520771129344
12679502
333498140
1168160534
782577416548020225
849568508
2723029636
731076475391246336
2307171263
54853399
212592062
731021746904662016
1119430706
110190828
754299309236117504
708997585139318784
731152269496963072
396756630
856906760
3064631746
708425080645279745
4128423274
700420506890199040
2364035995
794866037028253697
2462259980
331629012
795043750816911360
514422812
731117776107151360
763353589347672064
488895138
396686981
1112974033
2350203541
258457223
3241021119
467473645
18406278
962612156
393617100
1341254522
3110560259
53155345
740031002
2366461149
50251798
2453540430
71887780
1849672393
132811097
813815496
736441270881640448
395502958
2949319450
2172743300
983013728
2719470235
492050077
3092389516
3334148349
719612791087374337
3230165817
1357812068
757173570783043585
211226743
803539173898653697
553788916
4432360889
340294381
2499149335
1037286848
743016612048044032
728184625
378831710
731153428492095488
1471608194
775421050054139906
2689665578
303618346
3168684905
361960565
590393555
2339402154
3045361705
483132641
465753888
119742732
2552844678
336442306
76906137
253728666
1142540912
1327803948
79005597
400601927
2264872490
62940685
328635035
4069173009
732773769824047104
454191208
390236218
768783082736455680
513450320
703927942192173056
58016005
2367102656
2301960876
289541478
889554902
745339531566661632
183287158
2231919056
2171028731
387855536
1448256410
932888491
793166155112386560
236335841
567159863
3395020235
970835599
847963362
4864664511
1163796132
786538326438227968
3304767448
481225656
138052071
619992702
394907886
941772781
753986193495293952
2521671494
91528810
452869670
3044614575
2282030010
252585311
802869362264829952
510439689
475248885
170781140
423680842
985314588
2714596672
387597747
397436135
1393160702
413778440
731122160736075776
574661802
489380422
537300588
554546400
459115038
421363907
2941989598
2749100742
2876702231
2377363345
2988110818
326226399
3937406775
2489675953
743039255472164865
2767355170
368819722
709797795
465048265
742013658268598273
3613181357
2319258554
709753801268453376
432304612
390814833
3169206307
485521546
2854635105
354747398
2239285988
2155070496
800798359430696960
194976587
748814836595826688
476670022
4076357194
318882223
1366494049
457547376
4845999597
824859824
2363670784
781588515821875202
272940016
327542565
4791885441
2543538403
2445645806
109573130
265512336
173925687
394729845
209249028
731354744585916416
793456089769644032
739484673974370305
587706164
800298380714909697
766471224
400899688
501178012
375762278
3706658056
394270057
1170175068
502880873
1357710228
2906264861
52991934
726108618051997696
785805987190046721
2153812941
229112968
3306600977
479575055
3012881507
2177262113
802150000440569857
855410450
4544241749
2921447206
906331746
3342710915
3402750436
756726681122004992
2913111359
781359137909248001
366252148
784265755508420608
3039628433
2344799433
67734927
2548104146
2882593798
571133532
703163427947040769
988334522
481304796
1374652910
802942235398565889
2242019356
3171369615
745595735966613504
2919601721
26504043
734421722989010948
2612652422
602802570
3043362960
257709473
455094599
800327474106101761
257223860
460611317
4885620221
1398203953
407817358
328515345
2828050646
2783799928
704746963091267584
825529146
726383315947773952
2865494778
797374091959406592
2882526197
49948347
472989062
751379826024583168
3028306714
1853534322
453851050
423631055
786215749035720704
837370934
425780142
2405206161
700817890497310720
2955136911
995021599
794903125
447385871
51802390
1904640829
47948395
286821862
731118785680154624
500881322
242399306
755104913139568643
2166961182
86144313
419626195
546715205
727418955074293764
1065109687
428415112
4897360193
55238295
937748773
3139667865
448732675
235323455
2850871143
443708574
1212975134
435100367
732407247607894016
760935300189356032
882235051
2375255690
85161350
318713537
3399828537
1225509780
1063694274
61724689
2391598947
96851178
732337571712225282
4503725746
34187758
2234253145
714705252721762305
572606248
372280583
16213811
773792248735666176
1178411384
701748712339587072
3121661467
134559413
571914703
802230069179666433
845781758
590833841
2811414913
4118952904
356786831
1372944860
4888682921
771042114188742656
604984515
433426566
414744686
2958168039
305623772
1306691233
381589283
442314209
1591608794
115175546
740902691858178048
3806382809
776366439632605185
1410963865
21585856
795187955430264832
1052210108
360105746
376688279
570925801
3053979329
3293496178
394837520
229884867
331872223
256491020
2904770691
732828612790001664
3320655053
3083483560
232559332
15255207
2765940990
383052987
724192261
719991106591662082
267728903
362432939
2442517233
69896457
415107191
605280351
559988325
845142936
154924260
2858584827
1366886233
732559092846333952
458267707
110647847
516778754
414319027
384236782
377272505
1063955917
446433527
1257130652
461301109
2465152871
1870961815
2306444410
4407915867
745689833331359745
3065026630
419739649
129564058
38438354
3928015222
3027189140
958086128
2964938091
2995507655
732825139285532672
851310290
1802661806
3430446029
3135221989
797805269539520512
234743222
774133777412923393
144210805
2465901637
10282412
512848201
732381836962353152
1021541239
1257848173
1068963974
2316519053
1064232619
1101446990
245568963
1829960281
831768450
465471132
466690162
2234822984
405430528
481355521
738637670
2277937200
1236577764
707302113093799936
376388605
2844329429
541142373
2842597865
2728402871
1876212612
331105395
2850074284
796070566885289984
746638522539466752
778674753305513984
791407162790649856
3417536049
396841926
339066423
1384264394
5893702
3152228475
2418170407
562805089
453044291
761526741525487616
97773643
803204175370784768
1361976294
496162163
516432515
554179159
302720976
512483991
625000187
925089097
53053554
1143153842
526191743
1879973286
811565292
2966174320
272317881
446122798
75538541
600150904
88725905
440691898
614576849
775582030323191808
2982641339
1015392134
504355470
188136909
773546924863619072
1585424048
467389922
398569269
3200053252
1359299438
2887193787
399027749
1551619392
731177161420312576
393342562
769256675719180288
1352301782
2991872159
1174274426
495907707
728807104790794240
180317088
213818443
4528485567
1262157433
1154788808
283636579
594777484
2564838466
502998687
790264879735304193
378156995
137997259
858003427
300763581
740874535
732482989565693952
605640205
105259719
945407058
435740653
410206647
3228521201
3055936248
801499650222129153
906647966
98670115
439357588
3115484254
269317606
4888195521
3524549843
188865441
234062729
4406327014
2840111003
307960634
555921843
800888789753282560
594409446
709479074029240320
733743405751271424
2205756240
3310355760
2962567101
1562752760
2525523881
85136516
181613237
2178600592
558842881
513116263
487576880
329937650
710393730
255666406
2149606038
4866958593
2212177779
582666999
610968391
3082802711
759428777793429505
48090650
1045330356
3555782356
2921143773
301516514
731354389127004160
732375253
1001442932
783427641298808832
798570804086763524
3312303309
2288845078
1051114320
376709843
788770532435132417
55303604
732352303433416704
337158527
732414937482465281
3457594222
513144334
2207285738
386474826
2353752559
456843561
318379212
411001193
449280374
387166314
997982544
2306993641
3123304071
245953131
280063261
2429027969
799900104123707392
4853093967
633259530
1015870262
572056299
397481743
4116594640
1318788918
2725144065
221816869
2356846439
361395779
967615364
521337019
423262171
1747158031
3053723635
398570282
1903628389
210822189
2969224684
2375550580
4505319742
786541347750588419
1023906182
4841271825
4705505042
732512241019424768
4889871352
754269659998855168
1598750419
731141944370286593
2729520336
2281381593
580422411
2222178930
96874558
2302363096
385864055
4351705817
764201799217717248
2561421959
837129073
374984254
2427072883
2423281223
2865677793
58052287
2588051975
4018951198
176075973
1498271646
2498928031
184724490
232354583
843646405
1171488392
2967853233
3075063987
350399652
753570089094504448
96220057
876660793
148787137
503176063
744498859880087552
1139871650
251663248
766664451223330816
637327428
799300362930974721
3290975685
431966787
2615298913
2355147860
785089989692493824
1409217584
44487069
2382604415
712713408806842368
4182142288
295340364
4185928505
2479620311
310845038
783023868378279940
420680501
513535487
3131729685
75155781
518549338
798743088206319616
4283645596
481929883
125070146
732335292779204608
892954382
371698564
372732095
577859582
1283446118
803591105413545984
803569989676662784
2517301839
254969508
68927547
3168011729
589995887
4579125253
784520952474439684
1337596044
218641201
4702970784
417101186
431736458
697447492112269312
217419880
767449120718061568
38846888
355608779
1065387764
2658993140
224940210
2638919492
1196533130
127480236
575654596
1113910442
594767169
1201745270
413786539
1064862210
2361360169
1316440566
4396246217
255448965
866962560
2167053595
1327639712
2210084110
2361835685
1717274785
987258930
336689321
2865546393
1189072956
2318171590
858249276
469580096
776841423421308928
2740582169
1254165626
4212866417
365065358
33869513
118053242
407296758
707184555887861760
307895169
2493423698
115887435
561077546
794455102325145600
161212876
1061259396
732223891310055426
732512686638960640
440739435
2189952203
581185063
1434038420
2257121711
3716883675
238296764
296528124
1080423679
620351637
585968039
164223102
4688664552
732573838920323072
2836840346
2846724899
706570580
4221615226
3360426029
701747343339741184
306633266
416165363
451428588
415121110
69623968
984608412
2226893086
467792801
2979240557
225105585
716326404707713024
3046529709
101060119
731155881694515201
1083018577
732530154455584769
134232431
2214275961
4393976543
633960487
724303327077502976
1390254751
1852391984
2318032643
792329915228127232
2527780688
70354988
2305365956
746302511095685120
3408591659
1014946904
2942625706
3843282933
4851227477
1447215498
1379254362
368533605
766066296618414081
1303573562
797197311201972229
4893474419
2448102733
1357827044
427522940
1265196404
1183254864
1169529054
138708420
419181815
417111368
283195353
1084193910
4437553281
705813420973621248
2387298926
1120077589
480295579
1028499156
761184517847654401
2359496138
747963714
1145390935
1433806334
1627031726
50286652
794906422320447488
424241865
721338196639014912
54906735
40985455
2286936794
425699152
1128760278
2770486810
778900450812764160
582553456
2501935183
836055234
388512493
514714806
159488235
2598425588
2463100707
2363490707
3308415681
768572212819402752
719149884939628545
250054678
2346899992
57479575
412566698
325760306
740562673566396416
621848107
489722273
1280850883
748252291959037952
4119906531
224226820
313331114
789699968
3381839055
410557390
428994498
780092964244783105
1638026958
1007254188
35289844
754694678314901504
2296153657
722098819110985728
1311687600
2644998883
2248023058
399585033
67746303
2351775654
339672122
2311967105
1960545097
548616993
2329428259
337767301
3019669299
804014310066450432
731169795446542336
395548966
2223835778
432552791
789443113651699715
207952142
418918882
794654060
440146174
713058194059304960
53640999
838513578
2322947462
2369421951
755320994131247104
394780039
1394952978
626753423
721148434
410999940
483118529
780095104132509696
785773375385923584
1280953482
712668381
2903545671
3242262521
570778730
723203630917136384
129465862
441623488
600136789
802530080639643648
1101689227
813055092
838693075
412250316
54229408
88014506
717452216840429569
952533872
409309523
796004115688161280
1696961976
1094178090
434387464
1901331644
1090076990
1376724398
1587713820
1925699017
340847319
1015993314
2981614870
47880910
732470615978844160
315424071
2937209879
2501545436
1044932990
278422359
529431381
516339626
2779111695
420627699
941928265
2984732475
2417474756
1139014093
716911634871160832
4744618343
3003930130
1035110484
4836437745
499085030
313652711
3039679821
970457850
550034780
505133357
17648551
3317816961
1410209468
1035460693
1058696390
2318455535
799754734315782144
1028662526
2341326693
763274024675897344
500230476
3095233408
589407736
731151738644901888
2911669271
4713876442
982628515
14460250
4229765175
468454344
1038941972
191490413
2456929573
1073288395
1873095224
2310543444
1700240226
1429966902
2845429815
1016215621
1374146521
744828787137839104
2927049323
2466589783
836271002
4483387102
393483438
939768054
955582345
1277793402
1113995520
544700808
77414996
3407360374
433955520
797136442774450176
109216039
481457729
2322998168
2338003979
132833937
102200819
579662557
210861627
2242298685
22075599
1540881331
131926981
14110067
8017142
195057236
1098262302
2598862667
2315573211
121424128
1058355732
1395104083
2436608759
2761187477
218067973
548457267
782643007
110218135
712948986223730689
4866822466
3304535379
400286971
2860912264
723094218734862336
1375651812
2862216426
2599371200
1843782967
1591397198
1329384000
1246162544
894992365
1146147427
1931939791
430092847
475254497
749369737080176640
220996437
261264162
747560489220177920
1254788209
1161191406
494377020
2508295280
68239562
2871007953
3853195053
2400560849
829507466
625012293
3331168031
482969926
248339544
1880399689
541147498
2420586324
65939345
731152351499685888
128816286
882872700
730841695537876994
3092809936
462739617
776255018181722112
791562057183133697
404820209
3119071163
2331847077
434430889
83654381
526896427
1055331438
2390797348
1419854173
567278450
792094850908839936
770905842
471401393
387198659
2164608279
756085177709916161
781572318090915844
163899788
564388390
483258299
1919454733
622868610
713017686
493260423
1978729974
2560173527
726150285870157824
14967240
3079251951
1286897317
2208172767
2425868442
3148116022
20430345
4806536835
97962621
3026614547
761997788662169605
448631884
2560759612
2812859778
192324790
4909543941
761859689646854144
3422769471
4196215025
380209326
510923375
230700318
4869751612
425153508
1047367440
2294460956
1345104642
427804855
1539407683
732302005671231488
2675322447
3041231505
745025263679963137
123908308
329059297
851456364
398611235
226326062
233531154
500034455
2243798055
468410833
323141630
373287402
507966909
765925788029943809
442193839
129164948
2315538860
3107458432
497084997
2533038962
803938208836947969
459446024
1359943117
2950650945
537389666
3817767454
3402774227
2821329929
447352763
418282786
1298737056
777516903619321856
1165420249
142393098
1367973715
125153897
2896156791
414646088
2995908064
419951447
789562622479835136
554391220
2281936099
3081436118
363655218
2189633884
1117576526
45199793
592520341
485877476
723538940502913024
2221083463
4884423717
2880084795
1103450372
1707145292
777855788882812928
955314738
558929345
319630558
483235585
939230058
766644219930873860
2288157877
3407428384
2470692079
595426729
2375216695
985118000
2456983891
3310852186
2409152520
513184347
330290202
10317792
922711819
490372141
407636372
8820222
127302531
474323446
720349689808293888
2416044272
3357308483
238105558
51727698
1566546614
1392080886
1266792668
3404776456
222431192
4604699980
274014643
360868017
3488504303
1324893229
37382519
451610877
2950060684
484881943
602340681
470977705
1209547698
422625426
419543607
15197537
179568411
245960120
3041843135
430437851
45125540
1376818658
712430129763512325
1071451754
257850075
2436489082
780643968
955568864
1140071011
104551647
222411571
444914964
732342593976209408
797531588624060420
730843093868613632
776841420602761216
840400950
2482305961
1028678899
2800724687
2978229425
132058820
1077740636
566361704
1552786279
4085028641
948616670
3360251476
468356881
1061317800
249285653
512510277
405192597
3297601040
420957091
127627436
534655010
228162663
973832220
519667803
13294452
473166234
515895360
649363
535729333
3231805497
1048503306
559265836
3395984483
716944964924620801
431984773
4188671596
384192964
257193185
497858518
787376854458109957
153565754
2561253733
604899762
1062995012
897918854
479645953
415432396
217530645
745228268
383059864
222460953
2708607896
448402028
994953871
734057760258719744
3431700219
493239048
4885821551
744961229853167616
1268297346
955821968
2763778095
1350107509
4045335627
800808214283448320
436124417
3164390831
482924290
494442505
2876784275
119719875
170296809
417123642
2911726889
2355931500
1910056388
2494551224
296371084
500123843
223288666
2290561839
353640576
2903764937
925695715
570833587
1241565397
427739699
4340888903
2756379766
705451641
2827084763
2706574363
413010349
1198500139
82636356
1033506961
746297770559012864
763718509805305856
421723841
761278850286424064
259898941
3003254493
492959239
1056147866
422708925
717334646405611525
221707969
90891882
79385667
3248622305
2320321929
66975806
271865832
272475335
492928982
118843973
2948698869
138800969
2220186288
281446446
788070635356422145
694638444807610368
429159152
3554834061
2430696135
742656572086747136
2352059977
731348019417780228
3094278383
1274855814
2482442108
59720283
3973489109
1623047287
545063550
77825880
585661410
2811252663
578906912
1011559662
182767371
58133191
200657994
547050389
29543719
515635680
133038458
406453295
2558496329
422220675
2216289180
762326924
955895382
749248856
1645295228
587326472
791703378434883584
1227625616
593435707
722919613
3338622107
2373222249
3402336711
786276460080209920
1180215542
147254260
1372859420
474175425
3022844337
318656163
325165914
703338796826365952
2243750130
510952881
2613948811
918959929
1322180642
3415778469
852781370
4404458955
731073667996639239
763146166620057600
2885393529
472047884
400076822
2788765798
2233536302
2891197923
704431464524423168
3173819499
1701836234
796796368266391552
182365858
419532396
732510890680066048
613389643
3237012287
721303651575341057
2328923415
628128010
312549849
14707379
1011151154
2238482374
3052918302
194268217
439546722
707605903328075777
2184428750
490373717
460669878
730842111797547010
923947808
789150741650747392
442730591
721466546279817217
846045162
462026678
1223037354
3618400168
703386818
477654724
743477715790077952
2859316269
400273310
703201383151894528
392005261
1057225326
4910362701
799352721254051844
423537634
2279396928
1456631540
4445896233
1235060898
46224994
755894033046700033
738438614124761088
379398034
2411149982
784821801935339521
87467449
443193400
398345813
2244460336
219273566
185794895
540895773
263709226
734962813
578232486
126940808
2882163783
307278565
2892216196
396151080
881165648
4147056975
1235548266
778647667039690752
783659253848535040
3322620622
776009506035736577
708970152
3368018859
813659052
23919805
731355271478579200
4525011809
720515573
521564908
422857222
558053080
521090462
4229498536
91138156
3973423342
776897719122202625
708312172619808768
633764580
396564186
2757272345
843757543
740277257424523264
726721856749842436
50662478
441863803
317879480
989409019
2296705165
801510904433147907
803628976593772544
446942856
73085144
4784064865
387315829
3093504958
734074574275514368
388194972
2182502256
3299322807
149609445
1384855346
514280693
377660882
479805144
731393402
2358132044
63431013
1039023414
1089824720
397233824
2866061393
4359734896
26492009
346128938
724154607254011905
1095188802
1344701089
1036494895
973530187
432555060
131486969
2597719151
251125230
4089359207
315393815
394060095
608063632
508645944
206831627
3305521049
3697325602
2889852755
96994998
711652640938205184
431987028
26760769
440737015
3396388150
103272004
754403166460968960
396684732
754252315142529024
379446229
2482335605
407269845
1488305112
751720869278445568
962955534
1280950585
392561345
3094441996
460450308
600847079
1409736301
1024992674
448228141
1014870637
1183658797
83920877
4764391455
590188450
88254217
386222471
3182253213
453813069
508768772
732508111664250880
4915900165
593742754
459452891
96369798
238781806
404048864
2153157170
410826672
2275495767
104947644
95498838
1679375545
3183670121
1027167714
779734651984351232
400630735
2330870210
602182097
1553447190
714226829071151104
343442484
486759593
2574560504
3117151365
2438345838
429780455
158470519
424084271
2446549197
51412488
2348779554
2948780050
77554140
61292316
4807013549
3036745805
484665449
2370221592
270839361
2180831464
784101368646819840
10832772
2263606787
475887245
3291626026
133673973
534066819
376865529
77889072
502768582
2431061097
3382770388
1080972302
3105423675
89190395
1092084720
104768009
753519234710376449
293964664
2342856875
1324201430
4327300043
302711876
918656593
773507831890845696
781954997806370822
731073749487915008
722050091624833024
1558587134
292649689
736363884815212544
481217655
595680879
3293831915
407685623
703622291746398208
368935338
741592495155478528
1499347417
4308879929
1289227574
557827565
602645893
384214851
22887971
417218503
244881423
722053268587855872
272028995
737724815780499457
720605283647668225
3944712676
2348504302
2816638404
4353573375
3408660209
1364124920
765296385700880384
2307296066
737896079669231616
924222074
761582724176027649
1874790332
1385223960
2811089575
1087281432
803299268136173574
3169603576
707424884
313514631
2273438286
728282841054851072
596739356
256143387
215735111
1935291096
802448379762667520
418221631
731120586714435585
877839043
785818049483907072
3319305760
773929798192300032
760552902297546752
4876302513
1017974048
3165299303
2987416611
139188966
732228033491435520
2284316591
345343668
2839391884
2345206182
2190313025
1915578642
422586035
4197183543
2147605620
2286354934
168493532
376935892
732275726259523584
1564964384
400837792
1472290938
557682931
4743531021
61474009
61773288
253714436
1116777187
749664710
122778931
599299632
2820455714
1054906759
444225252
309764770
325804266
3471435689
758304360543707137
2962475685
794302419203215371
783227203433664512
359096965
3631947141
3042783753
1108966327
1085901524
171959544
424153335
3306279131
1522696946
1335905778
2921948057
4105049422
2320478792
378212883
758178577909153796
746228612639035395
1008510270
464127310
147371974
723385019218059264
324568388
64144248
771596356548820992
3069843927
16896617
798256396781424640
767600300
1872223814
3318877703
697799370297774080
709874646305402881
2867807721
1102216892
302765721
485521993
3354137837
132605370
799529137648107520
1086700214
1926324451
14233886
407194493
2262396887
525364699
1923234973
406443794
15980018
3601606947
303298353
1116671611
1006641553
2544396146
2907953530
200502085
2749566881
17715444
1117316768
865157341
509356418
446090752
1287327732
727885202
1945176385
2557453016
427789815
2735797127
4603127836
70951142
713737407636586496
1521671185
253175429
736491984081281024
1055585250
708773259781795842
428418598
779999286042001408
790372009
925137320
68657408
1732490672
523613502
2463076201
2798863589
731122716963684352
1145608902
448294698
51285035
422492503
1235964151
707252292408512512
51759517
714382420
930194618
798978150772441089
4887827675
200440164
194632941
724208475572715520
83793343
255554157
151826671
2631238199
1891067288
1405789050
379264571
420384749
281966090
2960217431
483368442
2429092036
425209016
1308112182
466400858
1040184410
201789369
4655621236
3069699214
565354789
219159765
2261701074
2205596798
454050209
2621137109
118178579
350236337
2951279819
799549995204612096
1068084830
411046193
488765562
1130420497
585397603
780806706066395136
1373273234
1478144047
3294527697
1238881056
786573428
292186046
51006810
319718473
4702133172
3167053779
456664059
1101963793
4285506867
3448215203
2184516083
467232496
3132792268
792667994
1251322195
783740138660700160
1123071420
763094873473945604
2359142030
350915658
97526668
814747711
597546745
1857295158
470003688
2858742939
418279884
4405643841
1166991482
199230149
434442622
266207346
4867831151
2984894152
96782626
374706184
386732636
732483275294310400
413855425
105433403
77207264
3521388197
2279399816
317769975
840337094
1190659814
912491316
2987085395
796759446370271232
435173619
968523174
388348486
114158160
885661050
485031544
14451153
912833226
2728896824
734839351
50068659
531137922
462938464
411076021
1412500075
86719842
702206768840110081
329600452
58300699
729433847398584320
4822257778
703169158318395393
794535156291866624
319527817
426064773
1394582718
2754851246
3347934334
3741476776
95630884
731122932026462208
483304367
742754767500349441
1275046250
1187629285
3342531046
4405998622
1886228065
803671772516257793
3394106926
1036719990
968459856
2920005634
2493861660
632913839
4872050638
3527260401
3033262155
1074413634
2993021697
2464828514
781483367434969088
3036587481
898298473
402863215
705029912265097218
120427808
445626690
1632825432
1472638976
2884126876
3995124705
832912356
1151495287
1116457932
263053332
700406264937971712
732222706419175425
4893362397
2190915769
2801547296
1544336527
1609938302
469273038
999773377
2906554709
425990209
108262067
742986139
2997976379
408721237
1063034107
2822310640
544352838
1120206308
2422875421
347977926
412094285
550864205
2966187939
1034872262
794957025994215424
61751856
1090249998
1037152033
199216783
410719288
2902922074
1092846918
378489654
108876723
988373714
245437223
1089769556
1145911274
2163743881
3309670823
405498561
476976196
112807659
3369172816
2157719841
358042635
291621829
278210313
3295906144
718791150325403649
2332028285
447383607
2862461084
500582673
2296057788
482783302
2466472062
4060369233
2911535435
553490335
805247118
398928323
731145400690835456
771232888381550593
448998373
701538514219962368
1877229469
506253690
76620420
391721080
337155946
2213170646
787718454
1267065014
1100350039
200879760
4913717650
499571765
14162223
1261559155
999127400
2151216070
947879034
11129252
986286079
251309387
591144361
2781784450
393298498
315846635
265335910
618964794
3688803513
731175657338753024
943572877
2615396394
4264298260
2588246800
411332075
379213798
711197636553003008
2863193461
31255401
2731186360
1718257914
3862086448
518949245
2958702779
414624461
2361394675
794961451194712064
896233980
1723022899
294535863
4472738662
57466155
739124324003643392
1101913508
701059824520396800
526606808
3398885945
298123237
223392180
250316913
1368793633
409448246
2842839160
598279585
96563143
2338806398
