422886475
779336944916504576
366332600
533329366
2714959299
742950892786290688
1018497180
780133788001112066
3115909773
588180335
788124436406923264
2511415512
160556117
13382082
354166819
758021553883869184
774966094381613056
268899621
738414815660670976
122976053
17383539
117734700
757989565600858112
1389042925
2211479198
137003322
105174688
65335565
989351852
3904145790
2974517662
934053559
47686952
1525283119
1267385588
1239929210
1064631800
1009689127
705306192
703956848836222977
2732373033
235963979
200932330
460372157
543866562
370172207
1953930264
51733848
126344012
2958469049
496038655
2802112990
418587866
1050775609
2263569021
1089922537
2584582892
2238771392
223881169
2870641254
455712708
3791765834
440756482
499128183
261910864
74544145
4825492343
868298592
4143635368
1230556524
1573078681
1307016348
620997183
801143590542016513
3851322407
2817092706
19036104
2150969605
83896919
870395221
452010658
462701585
795677947428503552
2886824073
1089229140
920062422
2393222217
520617010
845726376
1322376432
1256727248
1222851368
3400696882
801545224808001538
4126862374
1583259805
3012592037
443187387
712035142508945408
745672620008476672
1338839544
87967184
2429008391
3056181714
3398394214
420406571
1039048494
3020669236
567391977
2564205321
553321184
1219456740
2629123617
899901025
437635996
444438933
582037496
761517769020076032
4365832461
781366033231802368
1159837046
759675705647063040
2895843244
4805442333
3426670696
2565616821
398391979
525868277
180112128
4897996695
3076660063
274635641
626845548
2421023606
200896162
1008565081
1128223242
993961856
68440691
435850680
779026892
752821878453141504
1596483368
564609095
978137395
1006439738
1278026173
3387707392
517986135
45120224
257559109
3298343308
1065254220
4494073469
4895506510
997586305
54871865
69959408
65977946
422199745
704835215
418524241
2585597700
282624338
451535619
767772101503836161
795290773642215428
186221116
3290277827
1647401228
536244238
759133067500019712
581808446
2197727347
4256715496
745877999262777344
588238264
473848168
2396692571
291328012
805830147970629633
379347952
600232964
727431429672587264
4154714363
2766500357
1623140270
1238622974
1487030509
370726988
136225328
3146865975
585919562
744598818365255681
1474941511
193373862
2328729294
51232175
139765259
764928828254871552
2376999356
3412199991
804692403923910657
216670422
773462368047230981
83847970
2960938695
2648038336
1374076440
480547364
877434170
506426432
475134082
2800284308
629281834
562634375
1318601540
104430215
3387206505
400330224
2194307234
2333071543
343239720
582622919
1444286834
751839486
1619769668
44395683
1283915827
50361109
991446290
2983340421
2732519140
589286587
775039590784729088
436640636
1044907412
602903174
34666215
1306369771
2941965455
1012822723
754069345513406464
407860171
4921089406
4289338888
270896923
2181642961
2497838698
3290984981
2760142246
1065153530
2714974097
414184489
3393519423
2895742594
2807108027
863339647
48808957
597137554
1397374658
927462229
3294901019
1331086867
299161391
489195928
102223854
574821986
514552306
428368107
4076765242
2835100096
2199548284
83386342
561823534
2294719548
3239016405
773869687465803776
1288700246
4319356877
513191986
750292500364009472
2180128512
3002022753
268182887
721337052168613888
801532114139250688
432918462
1951780466
3233492463
1912009009
4256624122
184489591
794638263122358273
2931982966
1715740765
1422780709
2176193576
325170333
1133516726
773983087348899840
2192271144
2149665647
573049351
985254589
4135497845
719486052675821568
1713487988
17709747
494185643
126691082
3218369247
57259020
342118728
2178030123
3230152199
2240178557
3363987292
331537566
2172679465
131843843
3028809503
394304488
437533038
228051072
3314862999
789118522672701440
728712127
1283861509
64522965
4854132653
512304421
767783947220713472
1205594306
536638401
83912604
1137432630
57041267
2583334907
3438570748
3871871513
911212639
467568195
265385204
2319748337
476782210
982037941
2253749262
246727528
2897894483
499227001
388727689
410977365
429404903
3063738106
1453932110
545213081
796297006926925824
2490104707
751814461690900480
1168974246
989581380
1364231341
909810168
32367243
1542926724
473425435
944665938
767266982
36992050
2289645645
2917603617
396885087
2719244173
2755844146
1160989914
1386751423
2259459451
1063780303
126741105
385571810
1613251314
613850778
3674593815
708429391
330533368
370642806
794092015634051073
1166428405
1579963952
2322290576
1116674660
976455469
696447770555772929
450010911
2222960542
950266993
1318670960
3719207249
241602781
1707854503
944687335
2938095405
801457403808088064
752071123
423667549
1100783203
1050482834
723558545506074624
218663068
3217711420
19106485
516916433
554333061
3124240699
759346461758939136
2619106441
513528757
305648916
303810430
592932146
777112460415406081
1162106042
360011910
2495079298
713748288
3345584741
1063565083
1384913983
715828512
3504091637
3773753835
1349937715
2332571271
1028897996
2857112236
1479657986
806681370
225168723
473772424
272876921
762934873057292288
2216248313
961318268
265456866
107198263
705453997981876225
17532492
2532842886
3480866369
754368761185046528
2892694835
3291324425
369728921
625974573
778177707234451457
305481008
521355230
107647855
2733321629
1617496921
719103580247076864
2501169637
49709806
186205091
600485803
423764654
4905992363
70490565
1093512139
2501386686
2895110417
3050902527
455653827
2504436965
3270094128
559390497
972414750
621417438
3361173604
731252371226042369
22813056
709809875002507266
312561272
276187826
401968500
93947179
390016416
938907379
874348255
697888828955168768
631875191
739543389721485312
371192549
160339069
2429625547
712376322
491176354
2334131475
573977989
233245609
554336117
1386808813
3331413322
4878244774
805821695630200832
402637348
2910674200
2301791792
717319878542245888
1071886074
795690578084265984
356159314
991727834
186472351
2321483287
576106827
299532875
371825725
535318339
417095223
1048508089
103646510
390978339
1339529246
261457119
997511580
2882777914
2532744429
471150852
632742781
908801413
23574816
1244857718
603484908
778703906356330496
1215628212
754296809883832320
2929403482
3036352179
474941612
303416468
2354395787
2945515365
2809023844
4319725823
565467907
17268435
1366974097
1168797480
3087427509
3375844990
735366894857916416
318901583
437807413
57060570
1251341352
786589047405834240
2675356905
630459182
805755990343819264
1157829871
2874858882
438611835
2361700232
145561037
1917128378
2560295545
1037411684
4128308115
2338465050
2791075913
1357159903
1364981654
1280566146
134206590
3189500505
1482397633
326152237
4382544027
4551592522
396873985
1018100335
1229121186
730123768350314498
426478144
577522863
2972793495
3201052948
2909929737
315798667
221179969
801738577545719808
1041965744
2224962167
2811563782
45401932
782178845688471552
1055382594
3300629145
2617093868
730402699175469057
3928701
2848657641
556818121
601016936
566164108
414993771
1281282217
52482015
409512109
354210769
309178760
3926735649
192210063
714002059
413185210
1367572112
1128807018
2593299788
204791100
2598643667
4919837110
1407112212
485101194
1270403142
4764768171
2501808527
909935803
707647189
2175541839
3228121683
2197175103
14183490
2721968416
442225392
558038204
112810232
37631819
2400269172
2343512623
4379409015
392626820
452985926
589312435
15701149
1620754188
120713042
2874742024
3042211947
794287344715235328
781114803465191424
804449929
1108992859
987640627
707719865054834688
1871088685
255453880
418508915
36020729
2197196008
1112625564
1679818471
516624218
796126854411382784
312772509
274682737
1300290379
2186975672
1499498576
1048883828
2302034329
617612841
3367448165
2512327216
141896036
22605662
2808699178
836504312
421266518
949372327
3436942246
521450521
122476603
357441684
129228198
2587937128
1513860781
1105706282
727548236710481920
443694921
240401072
2187301480
365304824
1891583048
1415199168
1019814889
970862977
522457817
999847074
2367194942
736878312
530990399
84013223
3034643483
499876766
2716446892
377970245
3199220876
2971568187
4372999402
3646512615
4642395077
4204846048
1665528704
133417160
2833760769
972872618
2925423826
2534968364
470429358
136336167
3046288851
325739333
66006068
786893011191996416
436230438
986310061
4570489414
9808092
561152184
497996910
1022215518
427209531
337095643
115551000
814834027
1275308629
1299094610
2684519872
903668870
587658246
2258689712
574396225
58868395
579407462
4928491697
592905275
701173846729216000
991054651
1040212734
382265822
3026585639
918347246
3448617916
1230888704
805848664400859137
17647690
489601479
96319859
2973132557
399971842
476051821
246840871
4859438769
915704730
2364617093
525164630
189793682
510781274
859694112
2262040708
94529815
763115760
4884874156
435319385
800826550304313348
2158195314
1012990321
2767985158
1160881897
463094763
2869222211
344767294
3466428077
1085940314
789256274
970979858
2878620821
1035803582
405170821
4777957102
2494175436
821799522
3719573476
784949792
548708334
2312728101
1032696974
301923545
269334754
401438300
2537853697
2463483414
2969726416
970054074
1668502464
852675379
1127733265
22659500
637292613
53659160
1040111298
501043782
1008563402
2762141323
27436503
1024281818
464477564
4888398719
805842473260118016
1169506849
152673484
574185238
1357263476
150172108
1725457507
1420443511
3001145196
785068214430666752
1230361375
520657885
2881464153
1641098160
433193480
263244860
3041485138
1627870369
581538550
791287209508933632
1058212146
2754543846
532222780
2894418435
574047334
75249690
748249787309395969
2383635908
415893187
1322878460
3165917453
2194877690
3191002378
297435979
2295417636
1685826319
9055772
3319345127
298488325
3064824634
1275282337
603916241
1699649724
99702635
557343685
715083557581033472
2785334697
1097904109
390754622
331811499
2183402061
883065655
481046302
2222783701
1849639560
1571044039
784340188679974913
89713453
555551022
116219830
931508288
437274444
1960868090
2501851306
356050856
66298874
795760051210350592
279527882
4174063036
754037580308606976
264356690
1222942753
99358086
2401418695
163026460
1248307267
986686861
2340274544
3074444753
84516727
764543982521163777
1672302936
726543135136964608
2221404476
443230830
504661653
3334600017
3404352773
474074110
425244402
398108618
1158224899
1548872300
252521566
3053216627
2166381300
17214580
1637660911
1466852564
3299490593
446426646
452388177
250697308
3105404607
598381820
63449721
1853857640
2221874484
395297366
2815160163
390753281
452151464
805022642268999682
406162759
858613189
2819364346
473209868
1008806545
3227318753
559609344
1126184292
2956811146
388284615
2969343543
539425700
716402697327534080
1063677516
522292867
47252494
773186778035519488
725882047
554474401
406860321
1009240776
805820475611942912
2263839233
50608867
461088423
1464788840
92226315
1024976264
2565485987
380293927
2255369284
804257184536297473
771773707085832192
2520000468
4657568061
3169965514
2467497190
3072007150
1976027126
226627338
391661534
905462725
869965442
143125572
801700087525216256
452953533
738805348476260353
1257355178
2380633702
837483788
2227503239
483856566
2358220986
484122940
3066053129
415564172
399560982
1122033812
455266241
398032197
385980814
484141202
435285639
2339926361
474066545
1195176624
3037077532
1167287822
1919132101
585531943
1037692622
293146567
783035081116049409
477022508
3746304743
596702756
785129133009494021
4512366975
3432995584
2404216681
99099435
414354427
1077553256
765979700808286208
3087113802
302781617
326900625
595706327
200743464
196240250
454052150
1192772778
794234183128322049
4437711454
76768352
788982500907421696
383888615
1104906145
444698119
1227284359
405994269
930659928
584056092
489760837
715130347852283905
570821030
52332450
305255857
251509876
3906942560
275652121
712174637283741696
845951149
291735945
128998224
2913429669
420419717
707335640954871808
597161042
536600780
868495848
116437098
2612022706
728933115322900481
1357640916
925087639
714432268761169921
3288686555
79211525
774150166584500224
2613905455
1427463589
481902422
558032072
1650232020
560988400
380456016
737254862799441922
976980031
2274450562
1852186380
1457648719
146811114
458709510
1665383634
328491544
15630381
514803990
3434577971
818183167
99645256
1168472275
411405263
356397156
974896261
24956825
1024691870
1389280814
2212544767
584877389
2262991946
561359020
704446219079303169
433236253
2784392069
1379956645
227632733
2184944111
4923954136
426152264
415423066
1039654752
244848309
1357773991
483006753
827211547
1267779690
407752145
1119822385
191245909
1663147279
739538599918571520
784525968
2448563317
1063009350
4214140767
366623698
2988086885
1601716938
373970310
2303516735
424243905
1160278561
483384295
159910237
2174142141
3313156330
195008649
801062392654348288
1201691502
441074956
1331997265
198199124
801397532958031872
862899121
1355199234
2496989087
1271871373
3107574627
1022731986
805850533181452288
79036955
719476323194925057
1166432604
2499019957
794498506849394689
1460451570
405792460
139502285
3093349829
775275218172510208
1431247669
462348320
348141611
90831777
2230228079
2221318495
2359548435
2317264650
593487302
1367914478
477977300
831129830
1968085861
4886141830
2206851290
474746645
2743640789
1594040222
2360517815
3154767440
345374298
982401096
435314449
421724750
365105383
3399075250
2788880355
4147779167
2609643615
413897769
2754876919
832669237
1622970242
4436365575
1968968935
54964317
1279863427
1601251586
50233016
953353987
4426518575
232132456
2352305154
491140594
801062327810461696
1176499273
805842624863240192
107729277
2565072187
4830251404
48345770
3075865347
2279801235
260833241
409089494
789887372653723652
3107403695
784318068889559040
3082288692
555001150
1039890864
133231909
4621068317
2346399766
476976606
2435638248
2418921020
2207172466
1059013326
47885026
47946596
339596400
414692291
778753237721706496
1227144498
2228813671
778337270927589376
387555115
441273511
18767630
50334591
2984766304
785934232698904576
222157419
2756333990
2250627476
4655248997
397291200
294535336
2371698337
3214233568
154967452
894946183
753290282020511744
700602629773201409
170666252
105940079
2498399355
4180291971
803617893464215556
763752205916770304
2895077031
2187516904
440216684
379852143
469530751
751124618832994306
129714853
1218826147
805818122104086532
2358682797
566540382
2541601227
347497240
3881850688
2843769504
503338054
1227624775
72820109
487403439
1157646044
970274028
327471759
4699430514
2946340648
927916422
1249365224
595750802
18945486
795707563190976512
4284146182
577226307
1446113083
501874833
2562814182
2420100298
1444734901
995565133
257665435
134724104
1291622634
2877945867
577308753
969698839
3138188655
755095664149798917
3505336827
539098109
991297952
736596690
1389335053
53924827
2288581537
755313289
135190939
2198142374
2180427250
1213238388
423531049
470515225
4611199415
50288106
362615133
254998344
194308406
863596092
397153198
2221319742
288815072
345284647
177654794
393636301
131450639
4236713747
259302988
395172198
2335442976
3421721278
995345934
2350347318
2653512165
839698230
157409984
405443137
1019652758
805119209588006912
373950389
15004167
2527625792
391286828
989192558
743514238493278208
1168778490
76993549
2373340799
620296965
275805969
421236822
14561296
475194395
2355749232
2467489015
2276618119
81350058
2809704970
2368854600
475114249
774981284938604545
103064354
432707471
1426319126
378621183
2268497074
2909504255
1391491368
1249475719
54975036
993545408
450753841
436809285
711843915293396992
8556542
749325100718100480
4430236162
1275456488
1163801755
551347889
4275490114
177937746
735060410215346176
957926748
2164698989
917349780
479604138
4737088221
2353564274
254092558
558020613
4767533802
2977934441
2301111365
76904458
747404363027652608
486787100
1022801072
1003775976
980985488
1713647664
431976775
2935626166
505054747
577936933
1913892218
2874898612
1074173322
225319138
747735140047130624
451563463
590867098
244936627
383639966
2951587293
2809762856
798986980159692800
1007282528
4069498575
337321550
1017193297
1561186362
3902887697
29969564
3303791375
4726174575
467901885
752897299186155520
2980162055
4863618933
2365717887
319846232
173971465
340855476
768652987677933568
510676186
803747368390848512
766147249718042624
144924917
593552839
703564034709327877
741762693972021248
47941653
729294692765081600
60286717
1251089251
741657488597110784
805667555121778688
428436187
330554495
2754565029
432374589
255674310
385420948
15809292
2496986089
3049633374
964852682
2712331625
2206549446
502971430
447439107
558676428
459317071
1902969146
2787225059
2937388577
2618367742
1735223353
628367790
609790313
416492793
1238681874
4703457437
61011257
710864700851032064
2999325983
2511962844
747854085710352385
476294926
1907538607
564360716
1344131071
955528736
300187656
4701923905
47310459
2509690782
759488381051174913
8119512
3054702835
415794595
62071167
303219287
742445565368209408
71327382
3231071968
448825733
237680524
4548508636
4868926895
805850672608538624
805827223966060545
262702883
1230871339
1039860102
864362096
799310020903137281
382228161
585674249
1389017366
2375580923
1063332403
2744895802
544319967
87286001
840370952
322857506
896141977
3305696997
2859044374
278670026
805838947100360704
2851592991
178854619
253571297
2843591326
557366826
704779333307650048
272847388
3373788165
3124079014
239434137
43703232
470180296
4744865728
117701249
2986474576
60286749
332185091
4664853389
1239786445
109083682
1889899333
4351612168
128349574
3416150686
2734183131
2347206761
106032280
500846038
3387135933
428405892
484648514
84802634
231129487
1405110319
213616021
4063380377
439113705
27624235
4299665086
434411738
567096691
1725558426
1413220182
2291365104
416415709
50104200
108648019
2203686361
2953261335
234339579
1357675208
2526179811
397366465
1488338479
805714682673823744
1288192483
289859824
3796498655
313218226
2898075617
1289664930
165532712
2631427167
3036224586
1150670402
3060280966
290512047
1379361852
127439896
703666667969245184
1372497578
2311558334
435935449
1114354382
2975144398
946268443
735221863
746691972459597824
355415584
142731535
522987521
772120295465443328
460020367
59073202
779870528
1021540020
3332411590
763405961205800961
2656984642
2438650607
400396749
1586673164
98798638
89412025
2382128702
232968747
225490204
405451598
229432929
4208849560
1480061876
860015294
4815678869
2849367177
11444162
2527208301
136232653
1604094974
1548002420
82068999
136205033
396497515
2195890046
783978818994307072
376145932
482405981
2157254871
1061297432
257499288
946745624
183966415
154487155
1860031908
2359426044
805790603485319168
85590368
1192398493
221581460
333441243
952372789
500886985
609883387
2342517254
1304896494
190963245
19592755
467659856
4636097626
324262863
276698656
118140512
2774578942
60899235
496233111
4405181775
397499726
779589843047354368
488864885
725291215026032640
53021813
1061462480
426642251
782564953244987392
1183534806
1168160534
2724098874
782577416548020225
1384894520
2949819561
40242521
1642762838
535260789
2771191581
1119430706
1483071638
1295386164
785150345135677445
805828873485217792
2241274927
2867124333
370193812
396756630
1154012262
2295072613
429040843
4252240941
3124374833
2236656979
793170005672198149
2364035995
1160257783
1102070556
3544295843
2966618765
412500669
2296569134
2529344180
2412895226
805843643777118208
733374037091614720
576638518
763353589347672064
488895138
51906999
2980207475
477582182
410631936
2405656973
397756880
825953293
1055931559
2729415801
2366461149
1460529026
2867962101
926118050
426950132
132811097
585475210
1386861416
2416137887
254544089
2920121374
1418786191
437775911
406580561
1146131426
711681123559014400
517529981
283215401
188270789
3357091883
4470002068
836324732
255037440
211191573
3334148349
432329081
3230165817
2897529063
1474297879
495321537
130580971
509298472
889585220
4480184295
175348218
318446896
3089288838
49612888
534504035
1222268154
609404111
2481748609
378831710
775421050054139906
2398143679
1149014184
389638623
1122840680
3288940697
2228739276
335595246
1031209770
801808342125514752
575468669
910601880
160318761
397338548
956368879
356067476
465753888
2975464317
336442306
2294073365
518886475
2260295838
1255359818
2221331347
1424689315
3007543721
804410479540105217
219402988
400601927
720527698737696768
96325900
3395390663
4069173009
732773769824047104
2376927394
2656610021
373277341
2177455281
731813529670410240
342588019
454191208
60577301
768783082736455680
703927942192173056
4688837276
440129895
550114177
413060957
746811384063737856
745339531566661632
1273161506
355122344
183287158
1960996136
2400326462
791301733
2171028731
3401227875
766596641885478912
764073381532753920
2736117773
70741097
1015440260
4459087695
2391652852
499743631
4839028402
970835599
3395020235
757171388432130048
847963362
497871877
2617511263
396218442
1381129718
2216026485
972582380
418837513
1031418979
793787716727140353
516922545
458620740
186593878
560977621
753986193495293952
409304097
91528810
637254997
112454772
1527761478
378741753
1645029769
2458230818
74407666
411670414
537554676
267174899
1467171296
2714596672
520206776
387597747
3309391685
397436135
1071552558
413778440
1172952613
3360640211
2359413432
3147465341
408653009
1331775872
967653985
431862853
1418424246
563820182
2216077174
2244516079
2876702231
2988110818
326226399
387738785
760834339160588288
1069408890
368819722
984095078
15120398
2227239038
385512892
178685251
269873618
4386339226
490232626
4331454017
829395187
69030213
403377814
305561820
1102242762
1013151366
743886413251371008
2741727190
560046823
3005113455
4908499649
801854985524940801
271541039
118358954
2357836734
70091993
744476703175643136
55218593
3262278473
4845999597
3901751716
412282966
932393936
612814880
1234446558
1007178920
2351753245
114145266
1222622413
717651068759511044
4254101320
327542565
828717014
2447883613
2543538403
3015642023
2445645806
1441562438
469267629
289214112
2758116250
801314293031510017
396739976
173925687
307781832
194247825
805845364985262083
805176330367172608
2703675064
3297842873
783600115604914176
800017250845687808
944403318
3986253868
453108029
324231882
1357710228
4858358895
2724933897
2906264861
726108618051997696
785805987190046721
2153812941
708587318786007040
473967210
165424176
99924911
2941902833
3135173073
572081368
310792458
443555553
479575055
2177262113
3405599800
2828279840
2611798281
2921447206
1318978092
906331746
1154561185
906516434
767689615713206272
2385290202
478077452
756726681122004992
1024778318
988343473
426755550
341996757
366025992
416327579
1063923588
955319400
405564835
1241515435
262649381
498288910
298996098
16032768
1374652910
171159516
337333658
577337366
2147915990
2799692505
26504043
375305823
3182903687
89271619
469645909
3043362960
257709473
1193780617
497739457
2165518905
514478368
482028780
3612827537
2783799928
350791461
1086749148
209228950
770500091773845504
425231323
373528809
28528873
797374091959406592
801485466054885382
700692490
738690837027131393
2358573780
406139759
754440616487055364
841814256
1626239239
705358796395319296
388362333
485613378
267875450
175389691
287845358
3028306714
2309477786
453851050
515214332
1183179234
329694687
2719674982
798253751274500100
4193719577
1231624994
786215749035720704
132092980
912845659
431084648
3107605546
3064929801
995021599
521715056
827429744
1562890188
586429781
2662381998
1052352102
556620797
2221902807
117064713
1062966253
1089745982
827716970
738311371255906304
2897193045
2973475863
2723526534
419626195
607517520
754060203868426240
4212645299
2604413069
217456749
345526193
805770135193735169
55238295
465631373
150609011
492081280
4656294467
116823216
2282069041
760935300189356032
85161350
250693134
536340991
349649017
510764118
2509164609
244654932
585172516
764164503860903936
469717295
1374984048
544433402
426181894
1278700207
4048414942
1023649345
2354592853
1052695676
1102059277
34187758
270623814
702128508835860480
2459351590
397084851
279067774
502865342
780051591273611264
1178411384
1357715070
789867137682837504
3023038268
3489310096
1593270115
102579838
423726677
175307899
590833841
1121935962
514806426
801438633517518850
1334865294
2811414913
986968033
4895702908
421119478
2873630517
291676545
725912378248814592
425207661
3657009263
47891008
1015814694
523432889
208643062
1227493782
771042114188742656
346117908
1325535979
372937945
1170061058
24040619
508816367
418121887
481298529
1418976222
17053149
490457394
44938500
1852450694
4587092963
82093201
749779490
567341959
478565327
1382331840
793805935609339904
726022286717927424
104061714
3171335378
866853126
418615937
1428381038
747076722680528896
977021820
2515144546
805852083224268800
3243922859
1030996831
72248630
3088893988
447896469
805828290867064833
760996394085806080
2973337469
47170794
406360666
420483264
2169771406
119067790
2162429964
3372343222
612592648
433409100
487026533
2533191487
512987105
67283912
1647624913
949977877
4502730676
524597055
241289430
3083483560
232559332
2851968971
4194094995
2359465576
169233625
375255136
4865005763
82092701
852773186
719190663502426112
3335374445
304501871
1117474447
972319562
81837035
1029436543
777436258767368192
69896457
746005358733365248
387043149
605280351
739645052960399360
300775565
2588366118
3144040683
97014296
2858584827
2340093135
3358397265
1366886233
2869471262
1063955917
1870961815
2306444410
1294725276
729359824312504320
471949441
788082979335704577
1524322628
1010820098
721931076088827904
528732823
2438714165
3928015222
2336993334
547051962
2964938091
803005176789528576
2437403432
1975163550
728267401
383377838
188275624
2822929792
223898609
3023266619
268793564
1353703069
722338412762697729
507768657
957427112
797805269539520512
774133777412923393
147725370
407685967
17496032
444612914
4853784417
4439231793
2934930969
1021541239
422744937
989609636
1068963974
2316519053
524493374
2610591821
472295572
586075861
1829960281
831768450
465471132
804396764925140996
1926686792
2234822984
807552572
798610520785952770
269990331
738637670
113634951
83115466
481227308
4540267581
2728402871
164225638
1876212612
3294159100
2450182814
1613387952
2850074284
452343838
569789848
138922382
910314312
599247299
2857247674
474782976
192227404
818453510
279668112
594548423
3972387082
1831672254
3431896313
601118618
396841926
131494824
2789236959
68689180
296499025
1087279381
3360851079
1624989181
3152228475
453044291
299275778
399463526
1977292003
952103144
625000187
3294297172
53053554
98135433
2277721177
4160203479
3184426408
3020649220
811565292
86197337
272317881
1448793222
1399140884
985140906
75538541
296721949
1474822591
429894167
600150904
440691898
756843925
3438905411
69554901
434473804
2982641339
431603239
467389922
797773134669680640
109251997
352244786
400312896
3200053252
2523593234
1727875608
1082718704
4734101189
524210066
1352301782
805786401807667201
728807104790794240
180317088
1145858365
350791815
283636579
1056228325
111933671
4571835028
2336792358
3056927199
1198415630
2574033231
381378184
2199804117
738604906114748417
962311958
2325410041
1972685804
805850161457074180
382590107
3405754877
4866039789
150006038
511705621
742029848982491136
787684237
2990670934
3466793483
711453640104546304
3377428947
805808765257875456
467443952
756771079981522944
3228521201
4795701676
1417869506
462882815
706711917
1050614810
325127006
3034869375
368825076
4888195521
3413211538
2789842566
538462625
605776483
707484641222139904
4251879322
307960634
2420422117
722130030
3109897131
2987686264
1621368146
257150284
749570125800607744
536142648
920591754
1562752760
539942362
85136516
1311732848
511534517
2178600592
61816119
697090269859213312
1016105090
2301660026
158288741
735107028
329937650
964810638
2362803854
1946899837
805557175930286080
464538447
610968391
759428777793429505
514399725
555469454
3408601559
264941030
798570804086763524
1091357406
371749840
2460104746
2364866266
262533672
753931328664535040
627128494
279924449
396801852
912437736
4092809355
3438166155
2353752559
605614784
796334964342194178
3069933261
1063737978
458202024
2548634808
1533077491
3131316279
2306993641
1379007452
584704603
2169551812
805838348422156288
2999576164
452970398
2429027969
1074738966
633259530
3945774635
1015870262
3242310892
3484941148
734705980873789440
708028845950169093
479731303
467316135
4877601425
1069090044
478648173
2891136339
837371060
2356846439
784654056
242339687
1518874812
521337019
255199851
2864701374
159587152
422468997
165467059
3053723635
1688524777
397426867
2849567727
1374460555
1972832178
45808968
972698431
472327553
2902692352
900598639
513356824
2427493826
852687006
544660124
497249239
727243326869655552
69532732
147543162
4105916662
1259430840
3000604564
2990072992
764201799217717248
2877038855
2965000805
383922811
2221118662
334796241
2306143150
2288690043
702497548192370688
291624735
356072527
404979028
1081141530
50606585
999469686
258755575
854600858
2970333513
1650097483
279147723
1154856690
290585680
3115905790
3971921128
753992900736913408
418198854
2755001196
574547398
1326880621
4185945862
4326503175
909082868
2962772146
724630872964665344
182038692
753570089094504448
131820687
96220057
207950296
148787137
107030002
1898454535
3324893553
1908263497
251663248
29807231
565059018
28398786
237177542
1148128807
239143892
56674519
1300592342
1042150843
604249475
84642854
386181206
1083431718
717816769
13573252
278156769
805145682063589380
206128265
538382007
712713408806842368
4182142288
4185928505
2742810029
709371767
2276701689
2962881287
44160875
1139838132
4062849807
440799996
52694024
1967540029
255125630
133207676
4707720814
583920508
2890309367
303932486
378675650
2549528592
798743088206319616
1036560565
724648551561728000
795288405605253120
308431667
308073259
372732095
191516737
141301980
216308253
522134904
424388863
22005584
2517301839
1665027356
2282008813
135547288
2608587736
4579125253
3309946937
2839630066
1262459101
287851930
4702970784
2601624727
4911191667
709488378601938945
2298055880
2354819957
2487298258
48312239
467802673
726004458400960512
345460028
18100097
127480236
1050697136
396772006
372948910
986536724
3073753196
4243675906
2361360169
747634158357323777
974726732
92236282
2822217403
716756039580958720
2751782307
392169271
974511188
303867787
2299665593
4113142048
1420244702
473156197
2749231737
151826611
1158164456
2414070806
2865546393
28820399
462743013
41914935
897455300
230518730
2318171590
4133217027
1621071816
154322105
3752394153
507846462
1117095943
354125985
925110174
434857982
426478566
1258944283
430787200
1397232085
365065358
965068518
118053242
790646624267763712
538946856
734345573583704064
702781585
2548045884
561077546
630259937
2914286685
1001291
434189594
4735890017
581185063
268744692
481287765
805766876928364544
348348465
1379962796
1705453885
411617221
2887433099
3434003098
3039476488
2257121711
401523077
237278320
1080423679
620351637
984769788
337185218
241479189
4859837003
3404321067
1057682683
477654099
168976687
2340110677
379088060
516802751
960952639
946249914
2793244697
787732300461142016
1382135197
706570580
238817640
1880747821
2315513468
383140351
2522359038
118133195
2209239575
225105585
773529220790222848
435136836
389348747
2829712497
1023807246
804080566949859328
128978964
134232431
510548559
4393976543
1125528018
773140845960855552
805751550937366528
170813905
470008762
123235814
2496237324
2527780688
541110896
702574408381153281
362168367
2305365956
776082811849695232
1239450805
1357793023
1173130836
558975152
554580329
1379254362
2804233346
2325832484
2358348371
776003975921401862
2272705066
2881376289
775691826644779008
704014572764708864
75789796
766066296618414081
1274942012
416422287
1303573562
483643207
797197311201972229
726121006981599233
2921663680
128091407
101445331
35491066
5986092
956276568
874198483
419181815
2205846352
85068775
1270383558
487711174
859927674
712200530349711360
1084193910
705813420973621248
26735502
3077787573
1636528548
717965900062793729
207070244
423787736
537329013
457442858
2308565144
842406103
211550281
175004822
547807884
431749782
481469554
317951602
200146354
711196541164376064
4033980106
2981114476
4845740405
424241865
592688115
2418452590
707187085657174016
2976535643
490623973
1025054731
412168233
545384133
513700424
1192672903
780085194317557760
776702932523839489
2999343509
750193133871325184
1910621256
565615102
805829442270625794
562901844
2797745693
836055234
514714806
1263818557
386463269
3090442818
999371760
482732915
229804443
1230010460
2463100707
158455570
2304414910
615182398
2363490707
113981849
485587951
3041446144
1885987513
1859667852
480612566
796417291994988549
117055267
2245422521
621848107
422006595
725557127872417792
166108635
4044502341
4342029017
1021836865
313331114
1249837879
1910176993
1320668719
762189331062726656
780092964244783105
38931308
2450342903
702273345472090113
631061599
317348328
545284832
2296153657
1311687600
9584192
1021306837
2644998883
3081348035
2311932494
67746303
1039603651
1000210050
2410649945
757649527197339648
81657705
3038103838
756506773092204544
470257543
2350025536
265310795
548616993
2147638752
2239071753
3096956789
1059528432
429140220
227616343
3995075176
1114933988
781193970948902912
1334463464
777506688316411904
2319881557
4371674836
324321423
345532190
485114039
995982720
2228125304
127703143
2322947462
161983199
1035974762
140518657
1063280564
1394952978
770135945890918400
274954345
560964986
411699016
590176994
2943633160
785773375385923584
4814159656
2313667127
1011345716
1379900528
254079422
723203630917136384
731500064917606404
2912985663
955966339
802530080639643648
422107369
813055092
306727634
805837253692059648
2966503372
581697530
129435158
574727541
487414429
633025524
4641977776
1269713336
400600868
214551930
1201732994
48047949
373481031
13727692
805820200998371328
2411949635
727142686688419841
805544224573820928
4904910009
952533872
409309523
410595635
186399539
1871797381
297288464
470280745
463329378
4861152073
541824556
2319131287
3356427399
519596424
635613198
2936070221
77240565
340847319
404951630
3331059982
2703782620
1127738533
458490168
4764185375
91289901
465411709
54122393
1951613647
2360744315
17679623
745033396850692097
711833597980835840
2974006916
1556086555
440129638
161450764
2167116718
3343930090
283107590
702614277472034818
486077820
260150517
529431381
557229572
782542371259052033
716911634871160832
399964269
3003930130
411048509
1208853571
271468279
122363556
769417581241466880
2833896585
197937732
231884158
797790505614606336
749668349605515264
851233315
3684132136
107175960
748035974647648257
10382002
1356882974
487722575
133714175
3130622027
790171114278445057
805749867553374209
2987790683
4208727496
408704922
562440912
775301877512675328
439944081
1410209468
2694982606
417227921
987470191
2318455535
2334565378
845313296
614579877
1869080820
292260257
409944497
451003130
490602212
92937715
1006949785
506211156
2772829228
2223407550
371174340
193739510
369524451
446950999
3096331072
2196452947
805801467802226689
389076701
552146418
4835529771
126903584
1061430067
365321803
1363882460
836271002
552707647
593523410
299762723
1085534767
774029536690307073
301676560
1277565972
537369250
805333672001961984
481457729
3290361172
2751139073
339218501
2338003979
102200819
278188295
498915523
22616757
710525705277325313
1446482916
416290762
409884335
1098262302
1274737250
543703916
637015768
359908699
2436608759
1354347576
775294620259483648
2885125256
733383127381487617
270826547
805704917197451265
2205133985
4866822466
789012950585643008
472013122
723094218734862336
3042356055
411706932
2599371200
972589147
4782105135
4034460233
773074386
1920649536
108378477
539150646
2280648054
44847173
56405358
396697179
1055140058
805821738948894720
3558401356
2508295280
405426716
435138644
3646464681
394957022
428191388
829507466
989321461
733697810751729664
1394225527
207034666
545248089
4299066556
474298037
776255018181722112
805778838894575616
404820209
2198073307
3152337561
3119071163
2435365823
3053183649
541650578
851236429
2380750730
801164245090058241
395179767
83654381
733330743800258560
603304951
2800729570
2151696938
387198659
4155844545
756085177709916161
2954778166
356898366
272953997
522438312
755028067517693953
2421892166
3245003351
3008150537
550063265
2810679525
137695496
2204963370
1978729974
2932258043
1128044090
4280485636
726150285870157824
14967240
1493603834
801917828999876608
3244021258
792758228895555584
32758692
3079251951
284657297
4856590601
422844048
2172522723
474291386
68402631
802234083321479168
593237139
479569415
489233306
428897370
250880308
1026948296
1039416606
417443916
1539421987
199656773
819337976
2768367785
20430345
66378035
558031145
630499526
95655966
1080692876
97962621
3093423987
2609773355
1254757129
493455308
761997788662169605
870647947
3422769471
3089580886
2360804453
2497628532
594882199
2479999514
427227030
477844210
3234011152
427804855
4208700496
851456364
745025263679963137
1315995308
804677642922446848
4881267029
1366710674
3371026409
2985400847
802168656645996544
45400255
862812493
1429916701
2361343700
2217674274
878544211
1283710128
393260963
465771339
1667242129
373287402
442193839
1049167112
237816428
863232396
560188538
989322810
1097807131
612478035
953265385
499633425
567557901
3939306802
3817767454
3375855381
744984726080004096
318635439
1298737056
887496074
2593842138
2229302019
1876618392
3252721365
1367973715
45391358
4185673192
1425755594
2390747907
450555112
738724048901971969
787391210377928704
2958660693
414646088
805780207953186816
1372137114
2995908064
735788453737041921
299623758
2281936099
3202597630
2512354461
146000057
704441380425375744
1117576526
515271142
3318421203
2166178605
752943641585418240
2907756975
28810002
723538940502913024
2880084795
1103450372
745251786378838016
144804860
930101862
1454614525
3234201647
1219848883
14394318
927399679
766644219930873860
10438412
1128086798
2375216695
2819021613
4766746725
985118000
4845403365
633147468
1664406763
181162834
942547687
889235600
44856884
4023749218
922711819
777269299299938304
3546645802
371865254
805743265454706688
1006293282
734978406
399467811
3357308483
389131517
9047792
768940585243799552
967843051
2201369448
61141361
4165031189
155093398
4927824592
518637482
447863789
782137993649848320
4130639901
47368925
57311970
2364035605
1667558509
360868017
1068056972
2715294569
532495679
789786960470614017
215735286
493060591
2203665905
453287155
14803035
743531036
3610537156
1327536608
1009626624
299020216
332776295
2318610186
579271204
517672213
475994227
744856218771009536
800125454
2438762476
410892254
3040936594
341954217
1357782474
1209547698
403325692
456674882
799315558202220549
1125998850
15197537
1063787468
397482175
2480323358
820489
262100774
805830993017966593
2717902222
593522933
2362991869
418962970
230453692
2929390888
306134369
411636230
474331021
31370557
142229682
1065578654
1062302311
2482305961
456907209
831827472
1006685844
1252824816
518744738
409500620
1208620304
1299807378
2214021765
797136508293627904
55360087
776860851164905472
411323343
805791194462691329
3297601040
2957360231
744169435955625984
529644480
2389384395
556650372
2819591819
174160371
2496204331
534655010
366084580
442818314
33049991
748870907456786432
422497226
362049613
722794470
784280066
431046838
1423465328
355060090
2174535898
559265836
412424802
1244162966
4188671596
803629689856229376
2564287481
123078219
311925246
436870309
4112673143
487914485
801762901769981952
540718926
1041823142
430724357
604899762
1062995012
897918854
2720583173
4340881457
2247433494
736299738241306624
256835865
1260070700
398082934
1225820378
4464404368
2485728489
3373673675
406347157
2753477415
715979798275821568
3431700219
744961229853167616
378247626
955821968
418611833
436124417
2285114260
408374858
2604042187
494442505
888075391
410235395
489421781
77304182
400701610
2752773988
14401794
405712768
2194894268
1198029061
489551817
115447443
1662467425
570144271
2358042913
331566258
84307195
56803647
570833587
3042634613
4340888903
416234718
96340114
424142793
413010349
2508437306
82636356
3332448431
491183275
2218162740
4623807201
1156611540
26982622
2806017956
461962554
964635296
482114630
142041283
602982217
221707969
2942381427
573986602
1157830542
4227664641
2320321929
1063015987
2692140600
1359219932
3717390135
1050589128
4594810093
440977656
2381833319
2871347159
4759055535
2948698869
762683722701410304
3091026360
1052389141
2900753072
331572952
788070635356422145
694638444807610368
783613594810351616
1040351857
418163121
299337099
1453522026
2352059977
1638584010
118714798
1274855814
1066675752
972491538
1664716250
979251522
608541872
484147648
418028983
1288209314
706067859550695426
280401262
2905323508
752621893430177793
47448810
547050389
533510595
3323388298
680173
29543719
997961833
730268496
472869908
4914013611
328473338
387762782
440716175
2218411411
153777343
762326924
116190223
410047799
572469988
749248856
797449817148575744
101057515
3015242813
3035464061
342296335
274152077
3191176588
3338622107
2315062792
1227817225
164687938
293110572
747885089812525056
2153319320
2714660159
325165914
84792336
89924333
733032658943541248
309265389
84402518
2360365059
2512419964
516396544
701509209372938240
423578119
187874363
2947606421
446937412
472047884
2788788411
2891197923
704431464524423168
15191260
1701836234
1270334324
384240252
435791610
4686169034
117026070
494239795
474736876
432265899
2160946687
1055569088
1647683820
721303651575341057
3052918302
1696330177
2352118818
604628522
4588008687
210787486
787988309494628353
987656269
770710734573596672
480531196
781793383052374017
2348566523
2463497702
4833727648
404289086
705425662304247808
132211267
354844811
3632667623
477654724
3191120104
124834731
3758739195
2600970999
2870866894
939425341
2257809774
748536833869484032
861255583
2985859289
486509124
960666673
614259382
8032202
799366283250847744
700412768730619905
1527982182
185760677
528917055
2740720654
973456609
73587691
730380067637956610
779316037774929921
966297074
391446034
721281920747839488
92285918
2401743697
27013062
412482700
2892216196
307278565
780690044730220544
758933464460648448
805549996489711616
768885077069721600
307264002
1049009424
1183652605
778647667039690752
45413247
1402708182
783659253848535040
3322620622
3395014151
432626793
101456289
1357718432
424556261
720515573
4525011809
744819568909029377
791521154
198869860
261674343
541071029
195374632
1371364542
463824079
754738926083010560
2301430825
1274899394
798248379117617153
734629633577095169
780100421536849920
253975868
949421256
2177058040
4008716260
1148226661
2208789310
312963871
244188027
442906173
957962750
4874754473
740277257424523264
2509117751
843757543
50662478
1931938928
774896621570187264
273896152
3221712009
124765553
1103812855
1092670394
344585510
418992209
2679377412
610814425
336770410
116174976
734074574275514368
3305477253
210847731
1570341018
1384855346
359925448
439245001
514280693
168796358
377660882
804759689707847680
731393402
2983119910
303741424
1348851210
4416586894
3543554117
63431013
3150260316
2470879507
767996964118097920
436888427
713367031194730496
448870757
789378738093977601
85302943
2866061393
3030847123
4860266019
1350769627
121068845
301717777
404987270
2408772318
1036494895
420264131
95873530
1083310260
131486969
303307834
4830695975
840402643
1040093880
397249341
1094947446
769960650
575437784
3289061985
608063632
66965578
407891527
2986513055
1914837242
508645944
153531595
216057569
1165769694
1269675482
586625915
782535732950958080
862701492
2889852755
34572076
394751153
543291999
2837876374
440737015
783020674952626176
50625497
795538130
419046277
2557627068
198822370
521642886
2354462598
2563476906
805820287384244224
579147580
1673632021
805829905397252096
542697215
3349425333
207718321
263139292
432804141
394059966
2318016385
590188450
832767270
999729386
453813069
2766062542
3435506849
1357254163
598189709
805440451335585793
429235317
593462506
379030092
2890481698
1557557558
426022196
2862789144
1224784388
2745302313
459452891
96369798
2745157399
2845778056
875178422
535447658
2354713851
2792289390
2563393296
2527227066
2361441598
4927273157
805714800621850624
503373734
2838050620
490446359
212163360
2411294761
752944386472865792
602182097
2696504742
2739356051
379828154
1667790625
632324504
1346566790
435735578
320246595
382207939
449680295
606514542
349510378
2720608185
63542506
790567158489153536
2543265306
158470519
3912008141
1342834176
250774432
2446549197
424084271
4854914741
77554140
1071770196
255939314
70364552
2180831464
435760551
776306961604284416
2431061097
1007270076
2401410004
863845664
702171804417323011
474926682
2254472098
201680143
2763500612
304010529
1165836008
1092084720
803770735957344262
254918613
753519234710376449
2780350163
2342856875
941567396
1324201430
709095023598575616
443832737
4327300043
1021660854
123240177
1546547437
333410580
3130653400
1558587134
595680879
584528289
407685623
96323506
1055858269
21929177
2249430114
1418841108
917041897
21336055
430995991
1254636811
3035249219
440724583
557827565
3152658663
4832426261
1013753576
88630804
110383397
283465791
1710210360
1159858148
281195121
554550990
71101905
2511081038
1008728029
436642108
801422494708236288
3058454202
1011183535
438337139
377903863
22127498
1385223960
355734935
4609193302
878633929
803299268136173574
1385397686
3169603576
503399509
1726238318
492179581
475222684
574747359
761229510226436097
2875204096
622020182
2560248859
8111252
358057757
586037920
552009008
418221631
1088754122
496200636
4794876481
2189190782
396566809
3319305760
400755376
773929798192300032
458347992
1360232750
418253203
2303691173
428412420
1047455850
596228713
2866161418
322920844
3298528972
1469353392
77304299
489325196
2480246000
422586035
143426592
2243781349
2445766538
1025143716
822184940
421984356
376935892
793101117844520968
2353246647
463765364
1221955844
3121197057
738880076230447105
3326859207
254584528
2236568389
1320734106
596778943
500096474
744659342738210816
4892960189
253714436
121106879
1049036017
311585744
142643965
444225252
1054906759
1639144656
479289781
503022745
504354294
461985300
1920745218
752726608272846849
359096965
3631947141
477025365
1444738142
1281352873
797374353851740160
1142378659
385897719
2341908197
805710328625590272
378212883
3336813329
1249320013
464127310
618929613
521484394
2290215355
64144248
796309484381569024
2300311050
1644456139
4468274056
464691892
326271326
1872223814
1212034646
487914598
59564555
769327838
773183546966048768
300888596
485521993
737964567737864192
1015989050
1086700214
3403421475
1924582736
407194493
1055604996
792088850
392389271
199817339
796001849295966209
1635529807
10285092
1116671611
2206299803
747516809323122688
548659029
2814253391
297521602
1094672911
16698143
1039524522
1357909922
312056087
509356418
1849298862
430086357
960542310
94300919
2740167057
504740393
2153829339
1055585250
2251050482
482513993
855180290
74759588
168463742
587492925
151463135
43720063
53139843
469137100
1497687198
2817088916
87481871
475025414
593533490
1456739846
111299323
1300064047
421395978
1484402124
553600293
2957122799
1235964151
2999879276
96617396
2170163323
2832335447
526899714
805850605793214464
514862063
2866250985
805828159216242688
747890067239206912
4887827675
2904967810
2853451763
2509485582
33226107
767272709105524736
737302189929025537
516970620
294482809
2436934572
4830782164
75588319
2755564521
2842875700
731342369430327296
991573146
258382452
2737323981
2757478145
3631212201
805848878381731840
1357615280
425743569
1220779908
61081513
1308112182
415557591
72331470
1064168858
492916204
2341872502
3097020185
400711938
2854387281
581801913
2949739355
92336043
22515053
916326246
1848105750
3251559435
201789369
308606319
1193131915
1036983026
547500719
3070433050
942319154
1080340506
720897887014645760
216055689
345384153
1068164431
2261701074
54531191
805827021699973120
439073471
434242329
4902671039
67260041
2348446194
1130420497
715925457774972929
585397603
2574452613
780806706066395136
313517712
923671178
2494222351
586849536
1640956932
764071712950550528
436167495
4285506867
1101963793
2437524017
550084298
3036230170
2264779285
802176344515866624
425274065
783740138660700160
926301210
725759263025577985
330392789
2719001525
1205482028
3239175100
1002201066
814747711
2586630188
1264018218
1857295158
606546950
3861211695
2221331701
43503218
1896592458
579713527
315428267
1045968192
751194313661513729
549566404
282268099
3430477522
727770559107485696
2296638619
62334247
22901191
3053298783
802671692774604800
815934367
805854102039117824
1190659814
432211151
821568271
4244390745
957099499
796759446370271232
435173619
248459008
2725056976
1117639170
496112346
3297423564
1370063970
1222608678
485031544
2994758679
475836408
2510576799
1951164762
3327095829
52305444
805748785892749312
775407698426953728
1324197673
1214826468
2774278869
1412500075
1218862927
257064557
2840014361
2589059422
1381291388
794509368276488192
183638480
1657344816
2163514121
729433847398584320
773956774932127744
54314372
3436934397
493054513
819829657
447990031
1216216104
2295167733
995587746
411368819
3001898993
251105503
798412789916303361
2824658243
1039609963
710228256449019904
3406933877
434829316
407839063
165411387
1251629106
2396639005
163527039
780409230788554753
596157185
1221291
528800955
3372172755
1121666197
2546560394
232908749
3299627499
3931969841
481475713
727045398901186560
1036719990
968459856
2359005711
2945788263
29416653
243170289
2939010891
575138798
1109887628
711189629316239361
4054551945
2993021697
500551562
1575382976
2464828514
2294595158
270070566
199264427
1858960344
242071863
426660418
445626690
1435196936
3995124705
254683319
2884126876
50334815
805409336373690368
804094800282734592
585183645
2190915769
2352382794
1544336527
708733910377754625
125942842
87457267
1598253523
45095424
2906554709
513080000
544591001
840284011
1120206308
2422875421
2800841139
460533065
99125540
2298140245
2409656637
104651157
61751856
920798731
1090249998
604690306
1037152033
588507242
410719288
1364703349
4610932577
1186190486
713852625867960320
2432208854
1092846918
2237016785
378489654
4244881703
2436261898
4039287245
756514855461453827
3295946196
4874979939
401335686
256469568
1222000628
34311597
3309670823
454209425
113360317
2157719841
402987347
482200286
1031139054
55403428
203995583
261233190
2340690526
2332028285
235105755
2862461084
396838440
475965087
990726625
775632857993797633
2466472062
1270664520
4060369233
3372345406
553490318
393525107
332885533
1026457428
2465000210
481416521
269889614
448998373
901555177
237675515
3148753753
766739706906341376
1222231279
4144249654
724327744780275717
337155946
396860362
353811477
1100350039
1014815928
383094338
3093445126
499571765
474213280
14162223
2561760034
377957560
242367360
805835064533811201
771434547762368512
544376886
3676549834
799907142484578304
2163227033
50694968
13423502
468670990
784777867913723904
1140264841
125851628
558651454
3027820086
1205137098
2310382498
1699665619
2377463946
425866423
417287855
1598137357
2781784450
611557487
734456397824430081
246379326
1573522722
328966256
3014801056
711909518121312256
1338857240
943572877
1117558933
4899280048
1121940008
388839409
2588246800
411332075
408103322
898218318
754232386259476481
744252966501236736
86209782
395232662
2956420149
2527788012
526263626
1068943938
719158696983588864
1452474535
2863193461
2167899593
415719649
919355984
263686293
89170651
2616680851
2361394675
2345121642
804697918930374656
2785214645
474671737
567975777
294535863
174988441
1189899439
555480933
703510405809872896
246377592
25676606
273316238
1602804482
298123237
583167596
1368793633
2842839160
2987972555
1339157467
2865977735
1369895101
223575921
