379768942
132164537
533329366
728040729088561152
266189786
563747770
160556117
2333218958
726505336996302848
124839328
2179703293
757989565600858112
808738393
982946526
413452932
1389042925
472049405
2407774433
194972957
3928901475
53306660
2535751839
1655636611
1122091063
1006481257
452858854
132326725
2732373033
1405465094
210376076
24504702
800698016768233472
368338436
4824031401
2362797030
773200264635490304
74707629
527556076
62459428
258861176
499128183
1229478864
74544145
2343993217
596821309
1591945410
868298592
2814599326
3457138463
4871917449
1307016348
2980667012
780085489953112064
701425649169338368
2150969605
3433378229
627682711
870395221
452010658
700124342
2690465089
795677947428503552
829032654
173122880
4076933254
520633976
1058019872
2237033255
133461180
3126510327
499862027
461567074
1338839544
87967184
122089746
3344602462
967124340
4512939023
762924010455826432
1039048494
573081544
504625929
4597983803
170737353
2504694411
553321184
1219456740
880981915
437635996
2190818145
2589653764
2170742693
781366033231802368
3426670696
82210282
36635670
2264046682
626845548
200896162
1128223242
2403776046
1319275574
1006439738
376867553
480493084
2182009663
3355724674
394598844
419443005
397199507
2156785945
3882042485
2260378864
365552092
3795933213
1037555461
2359063466
282624338
767772101503836161
795290773642215428
186221116
2365586229
1464976362
2197727347
4244953881
4859931532
191488665
2978631550
634575700
2328829536
2333203880
732286939316011008
3320747710
1623140270
1238622974
136225328
473107684
700397826824654848
418169027
4871860863
2376999356
430200691
463969453
312572813
2400347005
3988102589
629281834
1130793836
1244749964
171447577
632151062
343239720
1722590094
1444286834
4624659274
715593055789826048
383790840
2716420332
636535351
1447003466
714553962599464960
291245199
436640636
485823259
602903174
1012822723
2173351823
906349453
389470413
264211609
2267806358
1376730776
464755043
403051679
1226139085
3957645843
2497838698
196662571
3290984981
1363855172
799585875931910145
410808584
1331086867
3254009057
2811227413
2377444536
2231561825
578838113
2411225194
561823534
83386342
4358295022
430599289
1857779947
293484907
2243105962
995341382
3239016405
2850135335
59063143
1288700246
617404862
472118555
463262805
257385815
516552856
792341976138051584
4038647320
772520766885728260
184489591
751770688629907456
506344878
100478960
2371187152
2192271144
985254589
778993138954305536
387067067
345475530
803974869415292929
126691082
538979322
76299871
748403247820464128
3824087723
3363987292
3028809503
1160553823
2342101993
371781632
156239686
345488835
2763929843
1205594306
445660248
107064765
474982967
2903859657
796033080335224832
265385204
85112085
2319748337
798168259346530304
144128481
519360327
793787252040142848
499227001
333297861
389611714
313199623
492688472
572125780
2212485620
429177293
1384017114
1330185060
4794539427
126970118
253550542
989340356
385571810
2704006331
447854508
577023890
2148840191
976455469
354305408
258835686
2252899982
516755582
801457403808088064
944687335
203915389
430127505
3217711420
753351020265218048
459584150
2208056206
2444235358
628307463
2301664084
303810430
1257072463
1307458242
780342597458034692
553752390
2495079298
713748288
216281928
3293435050
762341424310411265
3368385652
885184754
715828512
2242729885
902101675
2464168508
30213564
2347946152
517477760
116470630
759129447022862340
237969830
764908550816751617
2199795114
447120305
1667689482
2532842886
478607229
2349060598
1179962942
743853432793079808
506113159
866911332
3291324425
369728921
305481008
2772740636
1229273522
482482938
1070320147
3333003592
4921156757
4905992363
2254265692
2416435813
1076649404
3002876873
453367163
431117026
3246313708
102688383
348076281
21750761
56657613
497119569
48996987
2601921913
706097800040357889
3405289558
397346687
482045811
1917418159
305790839
1192994562
712376322
796246539668692993
710355800
573977989
53060367
1071485604
1712826336
192640902
579271577
786571157411540992
1034862121
966148417
23447708
1042228705
3318793277
554336117
2442834988
40379301
1386808813
2872452713
1966745136
467359617
1233975200
531624652
2531558597
2973508025
227421605
3410104307
469658794
3131557655
351137105
953887928
2760685711
1615176902
761303645518499840
155514374
2335367718
1498709755
2986947023
390978339
603531704
2269224186
140435282
59200159
3129266409
2929403482
558534010
323715534
3036352179
108619787
258758131
15056379
137656374
1008382820
3226558563
776453763624214528
2376774356
3243909749
735366894857916416
57060570
3768512055
710265162834583552
864186162
1142191981
151041421
145561037
20515207
2844842889
479574545
2791075913
1357159903
834267554
299606922
1280566146
2410911599
134206590
3189500505
1482397633
3345161205
193913196
198981234
1229121186
281457720
731370864709636096
2909929737
322933929
1927224049
4794652822
160199059
221179969
71207038
803943265204662272
1064261450
2224962167
799504971502944257
67300621
955750106
1341462944
66739125
751554408
767002093253197824
537662962
778929980520730629
414993771
1020515130
1854556328
480757316
1165794031
57474419
738932299
775774416768761856
96192049
503452485
4187885897
2888908630
1394277882
606186463
485101194
107057461
2872423355
577239936
418493362
595267886
2294048120
2262356182
37631819
442225392
369384908
2804818011
1286087234
3091392485
1911991346
769427987754254336
2311622167
67006079
794287344715235328
2393684735
736545283576893440
1389944444
420539806
564693328
4885499782
782874183365779456
1247343212
1119665262
2443860315
319060887
430921472
243580454
2322261107
871183387
4414946656
2512327216
803252196695543808
82673876
521450521
1176687842
425285683
890802684
240401072
241608899
886453284
1019814889
530990399
594559435
3034643483
4372999402
2519452785
491814146
33914149
428134332
4871837783
2833760769
462763787
134554873
2925423826
838485198
2981473816
477068697
175092287
26760224
9808092
588694308
1712830392
427209531
375324341
468363685
2224794707
574396225
58868395
901918932
385456063
732317340092780545
396691435
569131534
58616005
337171830
1070911692
3448617916
205694039
1190578578
595366113
94529815
725686916918722560
2533019300
2158195314
2813608233
2767985158
396698099
2376140579
127025568
459219907
2198193816
986366454
1035803582
2913833871
538088781
715994295
822200874
1365056664
784949792
2847984473
417461282
1702719008
2312169774
22659500
3425790568
636955791
1505560448
429312499
747147930742755328
323846215
2878223753
472185426
778273782
776867281880178688
390635263
1357263476
760806683564240896
1370507071
765113425882218497
58241595
1420443511
2871350273
716567598620667904
704558982
1923616602
2778824457
791287209508933632
38340760
2387695565
4869095007
702214839045910539
208834179
123712076
761787475
9476932
2476119007
3068039679
2869618227
146986005
198198729
706570552031444992
800684353126735873
3298997074
3228198179
2742178024
740802550472028160
108434084
4050739455
715083557581033472
2785334697
2197196068
488894721
714364362320912385
883065655
467573735
254242037
2501851306
1960868090
2559910725
775636532
458632561
3297456253
4174063036
1066012568
23054148
420543944
799218258209546240
3019629387
1608819710
296480070
1248307267
3036958852
25477483
2221404476
1058200926
852983923
484850334
50263424
2535293173
1372461787
263630963
769740390
359555283
201359673
2214308771
2427155309
849978120
529319041
344620401
2259346508
741533495227453440
2608779441
15047521
1007334655
163879703
41544005
47252494
1142667001
406860321
28667984
370639956
2883671135
509945213
4853860876
2373209560
1464788840
233143444
1024976264
957079213
1089513403
247209095
63126601
3482551995
746974202243256320
1313490145
2365011298
1086442256
471975571
2904229025
268905980
801700087525216256
2211353832
2967886673
1257355178
2376465507
2516438067
2622391643
1916736956
1699794571
717291432382431232
1369005530
2422131402
390139303
45094324
220976355
385980814
798086044352708609
2883830458
397917882
4737081682
3424436500
393647707
440037168
1642481467
1608414217
382539264
53883
418269313
1680697170
752592752303607808
863020105
739886463156912132
1167113408
1603537111
414354427
2218143675
970095434
55045274
955148610
770466882
386433700
1192772778
2464540421
420624994
794234183128322049
2173027221
348393342
742876376
548471081
471139502
3291848025
270877772
2465437060
2523862270
128998224
694604698771427328
142807042
519379680
784398647471595520
3510108957
1357640916
2802290616
101469657
1207092786
519746098
403544693
2666178698
3305939879
94594903
282036745
818183167
1250202577
493878618
3299546625
400825181
790164996667871233
564148431
479794355
10329302
184747714
11791472
622392024
41391760
481321999
1039654752
803115076672700418
82910300
4850404991
1357773991
2587763006
370787704
1307698028
322563649
1119822385
191245909
1598964204
2367661536
4860992891
2607072282
4861559277
739538599918571520
105586707
798756052225298432
318878875
598457898
477543705
4602580341
815758254
916522718
351555225
1527062406
390819984
483384295
2872332023
425887100
1020102560
1201691502
999474469
141709502
2211388062
85670395
1467331304
2496989087
1833720450
1221719288
3107574627
233955771
161740961
741220758643441664
749624647365365762
52075535
976243140
3292725111
1431247669
600493716
3136221652
796336318087364608
781228956112580608
1109683333
1022288858
138773287
2221318495
356975403
366182644
773240110120927232
3407128227
1150497067
800329779710808064
3097809495
724068270
524236416
4872622198
503042698
365462238
458400129
96172514
797134962453581824
4143353975
1039674703
426177940
2754876919
763032032993742852
1277669408
609438275
1497920052
883099326
491140594
135211574
2314315157
1176499273
1275799418
2490158805
577236541
481920011
106842211
3012286540
284448107
2260822969
459600024
2922077789
133231909
474251278
2821597763
778321813
391379955
41068452
56111212
778753237721706496
785891635460771840
2803725662
2228813671
113643008
785934232698904576
2452755261
1051389715
476053480
24528997
435042656
419316234
882473480
3321893073
1586227562
803617893464215556
76769340
242351511
566540382
388739839
319578825
238331462
90935990
3384511240
396459358
435279526
728733122695725057
281884852
2611313426
370813681
575279176
389115081
827801822
327471759
1357198874
353675651
1249365224
372436714
3041331885
501874833
2562814182
725066954394980353
995565133
257665435
313967125
715134939155578880
3138188655
105559805
70209996
713448101785288708
429928689
365932392
142802377
406561518
2525599681
736596690
796782858161496065
2179568746
1556455656
2397844595
423531049
791292703812227072
629274064
3131574861
426075049
451449745
470515225
4054106297
410986900
595878183
194308406
429125361
2221319742
358847239
395172198
801592304725266433
2335442976
477744348
3324608649
416386667
2726498655
995345934
471402866
839698230
405443137
1060544983
391286828
457526317
743514238493278208
781763084486488064
2186313922
904102814
1015943185
526735998
1553409380
55527972
482107935
252676505
1034268726
461190832
418552934
545879796
291141125
1426319126
769128592299134977
1082526932
3679196236
1070732071
776366037566623745
406612713
522664131
749325100718100480
138047421
142299168
1425076423
781389132216107009
2708071882
455434012
27612304
2360369831
501137418
2986885877
514377723
1239996265
77530521
486787100
3823074077
863031162
563773403
482231012
17062107
1890129044
2315349157
577936933
1934584232
1482145237
2460336642
713026866198814720
429795088
3949821407
731908101750788097
824715074
2409766709
434839840
3058996408
345413548
274811473
870521268
2951587293
781377673
733755778784497665
3326574081
708755071861964800
2833619993
2650978150
390161953
422858171
29969564
4726174575
61765111
752897299186155520
4863618933
760547032625020929
3024843525
4755949588
404934378
789866400332611584
1134804595
4806902709
3026858723
61174777
741762693972021248
4888820951
93953682
470501464
3193977725
4898162783
2976609286
4891899964
964424065
2787225059
453966391
379256309
2511962844
164643911
3166034463
1907538607
1344131071
4701923905
791382828500000768
3429792322
3231071968
3038785617
2945491781
100031881
14108472
562334258
424535659
3143144909
60571894
2214470991
475578901
300178715
409540134
3022123029
3296304233
725810364995231745
407741779
2442105406
2246961171
441651345
465551550
138772797
318549168
2919610629
1037713867
2868975208
1377704858
3124079014
2193007701
442337884
2460388670
145238837
4664853389
501691674
164630659
338528855
776138045682806784
227749617
482323691
720232920653434883
1358611800
3351926470
2886230794
732642010633474048
719358879
372746457
794233570155970560
710528801206345729
749384694219800576
1054911576
3921991101
213616021
50104200
748179751660052480
329817290
234339579
2853507520
1359282018
1357675208
561204740
3648383904
2898075617
165532712
148481393
2631427167
2356457670
1426083355
4821193318
3663181830
1372497578
2311558334
453871514
411377231
798255279708274689
45140845
1715498894
3405282700
746691972459597824
2955623645
503303414
731165050883477513
2751862871
1876700449
1395455083
126375816
3332411590
1009243501
2656984642
1329181153
632814671
225490204
722824948482375680
1960528369
1480061876
2508257327
329516948
788830232887357440
4815678869
4706326756
3115956339
136232653
510652108
483728459
750122795913338881
273885892
873313188
77336255
38139984
376145932
1110202813
946745624
409322647
246804879
410904136
95482042
2359426044
266700017
757695815448166400
2417056379
11258252
2342517254
2219331032
324262863
2774578942
1017310213
478436781
842378066
3624418467
2182923351
514160441
2161648892
1042958780
844579639
778914262689480704
500214625
488864885
2724098874
3024669184
782577416548020225
430995535
1384894520
401687825
825321830
702989185930678275
1318108844
4818092890
815304163
1055125351
816899671
495419596
396756630
4196398887
3064631746
307819050
783613497749938177
735872985396051969
3399065008
2296569134
714376418055073793
467708411
116439174
763353589347672064
538300806
844286359
4163985387
488895138
467473645
410631936
60995609
962612156
403652993
1341254522
1334417106
332522093
797679000
2453540430
3362020799
459415484
132811097
1849672393
38040832
1441728823
1418786191
2172743300
493493351
496059257
306384715
211191573
3092389516
3334148349
2842295578
714968789
803253014878388224
346897429
211226743
803539173898653697
4432360889
466744379
1471608194
2398143679
361960565
2993303818
1605951806
3045361705
2263675613
122329808
483132641
2557030890
518553053
70353394
2477603211
9113092
2856598563
2221331347
564038388
4069173009
541741004
1165385690
989695621
545867898
3611858271
703927942192173056
768783082736455680
58016005
2397585596
61470955
142227794
355122344
1356673152
126049704
716089916
36176128
784510322
2886982929
932888491
147654699
1061027394
51522357
783257684971773952
803597499806220288
772016332615409664
1376992518
236335841
3922344275
460275730
567159863
847963362
424473892
484133390
433433668
1618714340
396218442
475288079
1371773550
94788246
3242236869
2327068754
2160498431
2991900808
2521671494
248145175
880434931
412559412
904244798
2278958635
108304886
475248885
537554676
2714596672
425904817
933339187
2359894718
528493399
728107134714437633
605499197
995411196
191013892
3912089235
326226399
2965638863
3089012589
3937406775
804304134
742425156300181504
3929709202
96389952
762768876690149377
871666933
3045081677
782228826847899648
3613181357
26772461
448039159
2336286075
393165018
3906518420
423570528
488484539
490232626
561447448
708801020
1608809730
2741727190
4908499649
451705799
467728705
4416648267
2155070496
25872072
556328289
748814836595826688
354349202
4076357194
845530674
49319803
4845999597
272940016
113075421
3020130143
2447883613
312944110
457622220
2755165522
166161984
469267629
109573130
173925687
1632593443
307781832
198884971
209249028
2938158003
276662615
800298380714909697
949341888
766471224
77823743
41820644
163793190
1357710228
248140300
799992817007345664
4203250139
2153812941
708587318786007040
414174311
378661982
754982030992109570
3033238948
1704854190
3012881507
3300508887
142034488
802150000440569857
946517246
115029557
585845073
478077452
407079267
3402750436
781359137909248001
4350748833
366252148
4463441
392656492
71218300
3183738556
2548104146
298996098
481304796
1374652910
857753196
745595735966613504
2957021637
26504043
22656265
602802570
991342170
2612652422
3043362960
2322841699
257223860
460611317
630918299
1121566423
773533953521311744
3392159079
28528873
382125014
62782166
700692490
3184142063
3046231307
3028306714
453851050
786215749035720704
373423842
431084648
3131338144
15712835
2828057292
1222967826
1562890188
500881322
2362702303
1276071152
738311371255906304
775299421705732097
175344790
2209486779
328908801
419626195
4897360193
3139667865
235323455
448732675
17833020
507501249
1212975134
3330461728
446490092
135550598
3846053308
318713537
501143308
899952481
802695536759476224
3332720836
2188028648
1225509780
773378492
728992385833832448
1036788019
2927018079
803410022243962880
1381899780
801049687298113536
145267280
372280583
16213811
433754193
1357715070
1069590576
418966250
3489310096
704411356355817472
2400072632
845781758
1121935962
590833841
262206469
803336895820341249
1372944860
2222816851
255506193
793825525483442176
4608476307
4882021971
103571438
1006148712
429144484
2680148829
2839401364
1418976222
706057101
1306691233
461219174
714011222
469354495
1636129136
973890739
224991770
800082680708640768
495441382
455556244
2515144546
1030996831
1073802740
570925801
394837520
406360666
119067790
122327232
521152875
331872223
1127618904
256491020
109578008
2417673871
524597055
232559332
886591562
2359465576
540147645
383052987
957357619
505611609
362432939
3241849743
52436302
3654961996
721961955079102464
81837035
803062046300471296
2442517233
979279446
986564732
170689777
165108578
930443094
2840126938
2219899278
1088806153
1366886233
56449615
1638278257
458267707
516778754
36112151
1870961815
191814638
252255936
1172358768
1259921263
893420989
1010820098
248142160
781520339780116480
101327082
140358976
2336993334
400383332
1510136666
2455541630
2485484660
883108542
2359448190
507768657
957427112
769269640946184192
4774998749
774133777412923393
444612914
1021541239
1064232619
801919542230470656
4610380588
524493374
391620881
1829960281
779294731230740480
1078134512
2234822984
1671070807
481355521
376778181
2344018723
474021846
4047428260
4540267581
3135640856
331105395
1114768056
291019658
412067617
2597512767
3417536049
126000118
2942061736
3094969685
2414609995
396841926
3301531378
434743018
2480352662
513497583
494383010
39239835
97773643
2261595209
554179159
623602877
497145487
625000187
4160203479
675873
2259933559
6512282
3184426408
799569944858030080
785391553716035584
1474822591
88725905
795345196665946113
318438903
1015392134
431603239
467389922
109251997
3200053252
178155347
1551619392
496654038
2253510097
4734101189
1070320532
728807104790794240
180317088
746057083456528384
283636579
2937372461
1651093716
716745581205528576
292417838
2343161827
2872502326
962311958
869801606
300763581
389451698
2366121870
382590107
1190157246
3405754877
1346574637
188390069
4129589421
476627549
798842956757102592
595372301
4772904255
945407058
185428829
38032906
3082586581
145702693
2299564030
706711917
471328170
2328166991
325127006
958322611
437807935
474657743
426606498
331648841
3599907255
2987686264
2592010609
1621368146
552711664
733743405751271424
284018827
1412896242
1114098782
1562752760
85136516
38146062
1311732848
762749251088678913
3004078451
3155682418
1016105090
729277064147275776
3147597048
329937650
3011673768
3236172064
964810638
494401392
1946899837
3082802711
1034417863
1045330356
97925608
3145664759
3312303309
787941432267051008
371749840
398609882
788770532435132417
1148946079
254803562
14390755
513144334
325434933
710162008180662272
2319044498
411498237
997982544
427673107
3131316279
81689292
2753391711
2362844389
1593579625
633259530
965949824
4354071635
708028845950169093
773899240221372416
4833362038
4877601425
1053176233
2276721335
201314106
2767422555
967615364
521337019
3405634973
2364819052
799538381294338048
1747158031
280543999
1254440240
210822189
2369270534
1008958405
2978969501
4318412477
1492509740
786541347750588419
420254187
1023906182
4259786632
4705505042
852687006
2150341105
754269659998855168
282643059
42020911
147543162
1405748826
580422411
419474598
247863643
1119130543
3047287645
2990072992
2561421959
2466256099
328172814
2487419119
58052287
1406267430
432823166
2363886035
3115905790
948668876
1171488392
14387157
772074670208221184
583840659
525346071
753570089094504448
2656585709
3672830068
2297876287
627317336
251663248
299837277
810711224
56674519
1037877168
2420367649
1122457656
215728045
761203827806789632
1143922956
3416195266
3313351684
797787538844958720
801009914546188288
785089989692493824
2451993944
2355147860
1566329647
712713408806842368
2479620311
346108294
928609825
394274603
821719770
52694024
1219977643
778195022973923329
75155781
3021204969
1008738409
724648551561728000
798743088206319616
1575366588
9820132
823400821
892954382
1283446118
496368844
283080198
2517301839
2282008813
718386886172110848
4579125253
3309946937
636232833
131768380
4702970784
319166186
709389043
1510650962
2658993140
2817204236
224940210
2520582142
54913840
1226107051
430033435
17272265
364452450
575654596
2874561177
1179711277
476121836
323712890
2410447644
147883916
2706476465
2179631493
1324566829
1566826093
2361360169
1470343742
2822217403
442950090
1585503301
744655172211728384
373413749
1717274785
1158164456
2865546393
3318635481
1936456670
4133217027
3029285000
58768691
705386674096832514
2234667243
2957157748
118053242
1221349273
218923278
1361815838
3639353537
1372517456
1096208222
347141545
440739435
2510628263
2914286685
260284812
3034201259
621194070
600791207
144116076
1379962796
3031188244
2257121711
2860530848
109034099
2181881732
501518665
716644863849140224
620351637
1066008103
337185218
585968039
51271311
2340110677
425204698
4441984469
516802751
946249914
2361454653
1880747821
557549753
4305700001
2530314205
2315513468
757917606707916804
406907103
1292021606
497384675
451428588
1704187662
225105585
716326404707713024
435136836
491512067
47585054
389348747
704317090749161473
3361637014
1373138137
724303327077502976
803962713307222020
12514212
792329915228127232
1958200020
2527780688
70354988
702574408381153281
436128176
1161058597
746302511095685120
1357793023
2854343933
1447215498
45514913
2358348371
766066296618414081
743910090000994304
3297018105
76615199
2512584648
379876413
1368152558
1522338079
1219626002
859927674
1084193910
770334421782294528
482807298
32471056
1636528548
457442858
210820445
254247378
2341083257
19643514
447965111
200146354
1433806334
323889720
736745744
788112120
87962698
915969295
721338196639014912
2397594482
545384133
40985455
1128760278
735771855689109506
488339106
778900450812764160
2777724153
426875494
785032312123719681
541759113
1200759258
999371760
3289847579
2463100707
547915825
2363490707
2319529177
478470423
831875880
783741519564005376
2394145762
2467422972
1208394690
57479575
487804173
748252291959037952
851471263
750670310
630961397
1112122506
1464208735
738344440851468288
2296153657
754694678314901504
708755015868006402
2644998883
1454233897
562316355
300583424
339672122
705457003116765186
2410649945
548616993
1068648510
317061225
4170375988
921591691
720632435306807296
434253661
3019669299
1336254342
590943622
395548966
366180331
789443113651699715
734800573023850496
418918882
623027480
1552716493
2797539111
338999228
1122665010
4211276927
1225534116
1635285210
368588066
2485905968
2278995820
161983199
755320994131247104
609374879
756919771
299800009
309750549
787240822223802368
4851423724
54289962
2356163072
2313667127
111819859
1280953482
969014923
437497406
713489735428124672
417800630
4873612929
888531398
723203630917136384
3233625838
2491534261
454088602
803232312137809920
821310469
501249777
3385105642
782688502882324480
1076496552
556262929
84300444
1274882076
2427099170
1477768746
801845830483382272
3987937325
493955639
592546016
2465017751
780815403320696832
132107435
186399539
1376724398
541824556
2446828928
2835184227
1528013437
27409364
752137834077749248
404951630
340847319
4328992043
606602735
904438754
425365839
415052189
2901351995
1846444333
421146026
1618648122
2226747666
440129638
1044932990
2229049953
260150517
557229572
4105723264
539997390
405662253
323272905
236530231
518382315
122363556
156316785
749668349605515264
1234001538
1356882974
588275518
3039679821
1655302813
3130622027
2940410703
2198032835
517797716
531505826
1410209468
298758103
799754734315782144
1028662526
793414057223135232
4713876442
982628515
3326012500
280242927
1088813024
2956918469
490602212
3377613693
3707558963
1859884705
740477506164297732
46626285
193739510
104446922
381369966
704330777190907905
14443701
4714539147
2742689487
972350694
744828787137839104
429405143
836271002
1493589848
900247297
1277793402
544700808
963292848
525633415
1443706704
912822728
702047704889868288
298455004
1194951343
481457729
2346458381
747451360715616257
2751139073
2338003979
145592403
210861627
3801646635
22075599
1540881331
1328616810
731093380151803904
121424128
2436608759
1326332772
775294620259483648
712948986223730689
796340446221963264
4624496368
1114681735
4866822466
789012950585643008
2223036664
723094218734862336
3055322696
1843782967
469755340
4034460233
773074386
1146147427
1851226928
539150646
4615130548
586487449
430092847
2962604531
475254497
715597025404968960
1055140058
3117906651
2508295280
405426716
215278944
2871007953
1407198973
1975001820
391237371
4754556873
1880399689
2420586324
522567091
743437317130575874
704996147
4299066556
3092809936
953895188
142444312
791562057183133697
377680158
3119071163
404820209
1166877775
15709507
733330743800258560
2800729570
238990492
4273172801
1419854173
390118819
3397795421
1002688524
756085177709916161
1734254454
765865486684921856
2197080899
485546674
332840450
983007608
2959917485
1472353806
4829874545
1128044090
3503051356
726150285870157824
3131360284
550428173
4608384377
48967204
205276406
194619416
416552940
1539421987
20430345
989116608
2325500930
2812859778
4909543941
2361121173
3422769471
3133784326
4196215025
4869751612
4414197460
477844210
439131272
427804855
418662548
39273093
410208486
1366710674
553959228
45400255
2480790371
2885489783
193822844
236138836
186388096
757875200050470912
393260963
2239737678
420618787
1069422908
901522400
2277559444
863232396
70231136
4834895315
452117960
1044579342
2235047637
757870675482800128
2925163426
720332902320467968
1154237778
4185673192
1236535783
2239697994
1360283702
2995908064
735788453737041921
1677656778
387345110
1117576526
3318421203
182946752
112722445
723538940502913024
50607979
2880084795
407982210
296244924
781240727380619265
777855788882812928
4446307913
1642833512
390573861
483235585
3313832169
14394318
248143211
10438412
2288157877
2470692079
2216179636
2375216695
4845403365
1420759189
991988197
714814345100791808
2813029598
3022820703
922711819
745165565342343171
407636372
2173403836
493524331
1066738070
2915603344
533960426
3357308483
2644650894
1079226488
2268685606
730962018
222431192
566722332
2373624002
2316301654
1510132044
4130639901
15737548
3131554253
919665180
802848660551827457
2631454677
332776295
1050270810
61162279
2318610186
769467182946381824
517672213
793055656450355200
4067478051
1357782474
359837842
295232530
456674882
85636061
421839918
772736079925510145
75299581
68440031
2436489082
144040138
618985031
205840088
2347290581
789842195775971328
2594867485
1745966046
428587953
132058820
999278988
81136165
841647078
566361704
3149531853
797136508293627904
803976818038571008
2851732053
1353760267
4578456569
3190082914
534655010
1580176014
2305043174
13294452
748870907456786432
473166234
323449293
714736755816185856
908126539
1022538426
320725662
412424802
791713072549335040
4112673143
324254835
4909156781
4928044852
2720583173
479645953
799218675589017601
49322048
406347157
122520593
3009661173
762325800544862208
377619841
715979798275821568
493239048
562081610
96454153
557642784
2924540063
770365997891084288
949357016
800808214283448320
3164390831
1057840633
3070544530
3101569065
798991701096407040
1611260352
1573352107
888075391
254179369
50696721
2326462552
296371084
4865359611
245715438
58636171
2766650681
1435168926
2903764937
583762058
756798814518964224
4340888903
705451641
535856364
2706574363
424142793
413010349
60608418
397853516
793725735047405568
516709840
492959239
461962554
634629867
618124225
474785811
707973899
482938015
29411886
581734747
79385667
726021120701378560
2320321929
4227664641
250624869
2267623882
316070225
3320841111
128687771
50590345
2871347159
2494181366
2752094872
2354818038
3295211331
2504062057
431658112
742656572086747136
788472720036073472
3094278383
1065081188
765400964
2416067982
1664716250
77825880
484147648
1021727540
433224751
578906912
706067859550695426
200657994
719894458230272000
760101775525502976
533510595
3309783615
406453295
2334501166
4098447160
9095292
1645295228
802996331426054145
698226027756126210
1914881396
722919613
1254765228
1082984088
4413429676
585391357
786276460080209920
199348405
609145539
389472811
507625656
2150833213
782506183764697088
505705375
7697992
529561745
2153653584
2788765798
2788788411
283152050
704431464524423168
571082591
2160946687
591580487
1006699670
796030193295048706
886811412
542327855
1028180126
796655732628324352
712986674729500672
1711937208
1246641648
1291022089
490373717
2318991212
776453054149296128
636433553
3481510162
363629679
923947808
227666368
2463497702
784500022410969088
3313002219
46920146
703386818
364174525
471861275
396387534
743477715790077952
400273310
4910362701
2973349187
1456631540
1062583370
377278958
8032202
368950045
1331730614
845413776
732678450
2883998483
2244460336
540895773
517400567
3105987653
2993024547
103290607
304364739
718402632126197760
463748796
307278565
2828146193
2892216196
758933464460648448
2786595941
630063443
272941891
784105196070854657
111316371
718207601780133888
2564764786
799517654746800128
365664894
1357718432
428300383
23919805
720515573
713372677151596544
1644683106
743782951285043200
521564908
3072664510
195374632
50700504
780100421536849920
731108440144248832
1109829834
538341709
396564186
464615450
310195119
740277257424523264
50662478
702178529
441863803
779455265045438464
799653873338224640
3221712009
391246325
803628976593772544
1092670394
2679377412
242698861
336996257
321939235
403444000
1043267442
781034881073684480
488356774
760175760
716881918323765248
248137375
438574478
222040871
798626317914767361
548553549
168796358
986828390
377660882
807581581
2983119910
1348851210
496882326
63431013
2470879507
401600711
724952777240248320
2674941708
1380718032
4359734896
2588802520
26492009
2960484382
115509479
718039167830257664
149097320
406947394
2597719151
4089359207
786936358908653568
3381325839
279367690
3860196976
608063632
786280190129283073
407891527
794889137845366784
508645944
489553513
485985971
420905398
1114503342
2889852755
1664743039
3094312457
602574015
795538130
379446229
727033976368537601
267072386
292556611
2931666383
319271486
751364672
721432104396025857
1199928846
150196030
474023066
2754593563
244169740
802252735668219904
3356662759
1014870637
718036012
102388755
787595292
420194671
2766062542
1357254163
586387991
269425726
802252165595140096
100004676
337174304
3291499702
2874019993
404048864
110669722
776116078124687360
2275495767
1351237069
2427613188
2527227066
2346498225
991498111
734380841556692993
415055892
752944386472865792
2906781857
385014976
715543732217626624
296475664
714226829071151104
248146860
403430248
703215154897485826
752010888
158470519
83185672
484665449
424447890
594364753
369200086
2180831464
2458549645
784101368646819840
133673973
764140480775020544
77889072
2703693450
2431061097
863845664
1124867449
702171804417323011
2907520191
76616277
1092084720
1961227410
753519234710376449
14145846
281358271
2780350163
3074652513
2168052871
2342856875
769549749833916416
1021660854
242392452
1377069744
400687617
722527613193990145
198959588
781954997806370822
291645099
407685623
340149240
368935338
3468716363
2722863047
741592495155478528
1390614042
155493613
1289227574
3026288711
440724583
557827565
717894055405961216
2545730562
2255408790
978198572
722053268587855872
2352371168
2951613610
51752772
976771596
1489362702
394861796
194110156
2188803397
461229005
1011183535
811764625
2871036920
1385223960
2811089575
428915501
89212874
803299268136173574
2822583095
3169603576
602704576
263046135
796980229768093696
574747359
437039612
2797823098
85180107
172472233
3319305760
773929798192300032
760552902297546752
458347992
1231663231
4876302513
1017974048
3165299303
322920844
1653235658
3298528972
2963152966
800148156973363200
2480246000
94765165
390032856
2985415239
3099635259
2597478629
2445766538
1244867058
822184940
729333970261946368
820435746
729294897891676161
846973561
402997564
3001742419
3010276522
431622091
444225252
700445613842964481
418789148
3471435689
2190019526
2962475685
794302419203215371
3131529981
300362067
3363915879
906858110
1444738142
145979928
1219022928
424153335
398023821
1416161276
2341908197
147371974
464127310
618929613
1029226392
2300311050
771596356548820992
755745950
284552966
82349024
837804025
785193802352955392
949565683
697799370297774080
261705959
300888596
485521993
1370605363
407194493
2773048230
1635529807
1364974724
1116671611
2589915440
2907953530
703511639
446903999
512472579
421316277
17715444
2749566881
420405373
1357909922
2450265194
437792046
756853522155638784
317975293
14637273
2557453016
70951142
4603127836
2787707316
713737407636586496
731825276603224064
1521671185
718454532070645760
1438313617
47969711
53139843
790372009
2817088916
851801738
928115474
734725512950603776
553600293
799724972210065408
1103554206
714382420
2866250985
2891880335
2614724955
2904967810
880765975
194632941
1079126036
167355636
2479372688
330602048
2776126551
1286465791
104267806
281966090
2591269446
1357615280
2451846485
619178676
483368442
2429092036
2152572284
2155572632
114282000
492916204
1543158968
792709410955067393
201789369
774612532036329474
803726962229411844
3070433050
2640275823
2205596798
1166270324
2899554531
284941914
778924404617207808
2951279819
1035817940
1130420497
780806706066395136
556771177
188521082
319718473
803933169573625856
1220072246
4702133172
403551236
586850523
1101963793
4141927199
544218009
2250936137
497763567
550084298
802176344515866624
2544433441
2868479991
2645363448
541112195
783740138660700160
229980245
1131342930
607249138
483198813
1172540550
354505675
84874030
470003688
2221331701
315428267
199230149
3053325887
16823683
3343429930
2296638619
3030465038
774541927463157761
42478291
3288432659
555309932
238604711
4121762391
498181776
77207264
1362144619
815934367
3521388197
4405179137
1048968648
1316630180
480296748
702827736516190208
2878690973
159463958
957099499
333617520
293061825
2574266145
757556644234596352
396878417
791746557515272192
485031544
468724363
2510576799
558528970
854310253
52305444
424054593
621771505
480390700
462938464
1412500075
120588962
268901363
1620517057
208642171
2163514121
773956774932127744
498846820
989582592
1201274174
726295360537255936
2420044737
714555676417265664
794535156291866624
1122344736
4902342166
1394582718
415437027
545448505
3347934334
415930351
95630884
449819882
780409230788554753
1129269444
570951698
389104963
232908749
504658270
3931969841
575500709
3946857573
1036719990
729680942382583808
313771413
239770874
4872050638
3527260401
1109887628
767795023970697216
1074413634
899978641
2464828514
795590799736078336
781483367434969088
1389403092
782482968581378049
4136582308
705029912265097218
242071863
50584579
3291044750
481857683
775000178558431233
410040461
797327775963222016
4244506073
274915400
614902537
1949844973
2190915769
1544336527
28526655
712920058918543360
311085868
4842279705
915191390
785481697462718465
108262067
3813052822
140772582
4871884721
132665876
599114492
722895123432886272
2575324037
1037152033
2236428906
410719288
1367897778
211061112
724573957781856256
713852625867960320
2432208854
738011483934752768
502110406
413883500
345591693
1273496268
768133193291722752
847114458
479330315
1555357356
1222000628
871793340
73193003
405498561
399314100
3333382456
3144494615
725728464268066817
216771953
974252414
406880559
1389022441
500582673
3168904809
332885533
84132807
398928323
200035831
3544963937
97532453
237675515
2929169337
2698763456
230849160
1267065014
1063634156
1100350039
499571765
382012011
703644697902911489
1261559155
771434547762368512
803663611713490946
101458782
969923378
76884767
2163227033
50694968
410810169
125851628
779384713865756673
898459140
1699665619
151996735
2781784450
3688803513
1338857240
943572877
1030992019
2588246800
754232386259476481
2853575920
86209782
2956420149
2231318146
1416548016
415719649
809434112
2361394675
748187371074629632
963938472
25676606
273316238
1101913508
385885795
485594129
298123237
318414872
250316913
430330483
1368793633
2282469222
409448246
327455219
598279585
719855009928716288
475763891
146522828
956128832
73153887
311694861
2211105639
812715367
36030252
