2557719974
599247299
391335702
926261881
785492607493369856
788451050458083328
737201584057286656
2433727925
715121732110172160
1055367092
402174719
2597512767
13382082
2511415512
18616891
3652269263
1042807543
726505336996302848
281104969
1426493510
3094969685
288764479
757989565600858112
801827480172658688
259401630
65335565
810289994
2480352662
767831797853982721
751072386305449984
330252561
422340734
853635661
194972957
2544520294
703708224168599552
78392326
1009689127
2594602871
267822453
116050560
708438713852891136
1006481257
554179159
266198278
403505287
236139428
360518583
432950146
553765708
4905744514
985140906
4908625900
75538541
88725905
600150904
440691898
2984502441
1199579786
788748356185120768
22015813
74707629
754658882551738368
412887059
1223079336
788617257404497924
499128183
3200053252
1013535530
801539266597814272
2887193787
250854940
1082718704
1352301782
2380646586
730819447427112960
1174274426
765933168
180317088
728807104790794240
289688493
1307016348
217462618
3389000429
283939901
359493082
945145027
2150969605
3433378229
790264879735304193
788472799803367428
452010658
599608633
858003427
958331552
3016699067
2886824073
487630885
1546075458
454902762
2249221297
553715474
4060804359
447231795
1256727248
1914960499
72123412
781046072865087488
1176618985
361790675
988651070
1086500294
133461180
2158847927
4829916737
801499650222129153
3109698387
3398394214
464516274
2720826652
1039048494
1146115483
460507111
374763214
2886188501
406841197
104960470
1024520136
2427311741
577122304
63403202
2812760284
244836131
389477469
3140224961
314537220
81646967
63732939
781366033231802368
759675705647063040
2521176917
391642711
4069821075
1317874705
2987686264
1361372586
626845548
2195935780
709479074029240320
802148052412862468
536142648
469245700
1114098782
2403776046
129455752
1562752760
539942362
2310276773
1042797620
718173627062083584
4765490783
2178600592
950249966
20008166
789130468469899264
1065254220
936260438
706606079774486532
2149606038
54871865
730730989891268609
735201639674454016
759428777793429505
560599897
1040512933
790540888237830144
301516514
43848128
264941030
1934445032
3312303309
417279241
186221116
398609882
371749840
2244061237
2206083227
1116879944
2843387003
2318085971
2417297936
588238264
731011029686190080
468441125
513144334
191488665
710162008180662272
386474826
802795895767134208
189880084
796334964342194178
395381801
242295508
1251326239
1623140270
3131316279
1593869209
904491504
1038231816
81689292
1083334088
397593095
585919562
972804156
799899028616073216
403273945
42401967
442887020
86342681
721018058580606976
51232175
139765259
768014298
728754830
3044896882
783319162550644736
531851126
184425554
877434170
475134082
1259891971
421053911
2523203476
914997096
788049329403506688
151639390
203831509
419500576
65869236
1444286834
1065819612
3053723635
789058472860082176
1061399634
20940320
589286587
1382914388
775039590784729088
781749446908477440
3304312095
1492509740
167085694
420254187
291245199
54849589
210476331
2427493826
3303841109
1117535029
1244059747
147543162
1405748826
264211609
2267806358
80040362
546150940
799687683484172290
3294901019
328172814
466853614
2588051975
320183573
1466803693
4114189888
2889628751
1676734230
83386342
2877804497
3115905790
1068038832
1852433868
4905419657
1517788118
855455774
2755001196
460504033
1100294395
773869687465803776
909082868
2962772146
129967230
790584598816256000
437791905
416489772
1006198212
2874455566
712111069
125655107
766664451223330816
1155342385
810711224
421017807
3198957963
1133516726
1143922956
3245368049
2192271144
51361757
395759988
541360302
452084520
1008395305
712713408806842368
4182142288
2479620311
776421220451512320
794617750639562753
800692744230309889
381023925
1015588921
2956605346
48484178
763291960727760897
722850803464015872
349810156
80000386
154896410
425438518
1219977643
780089815786283008
395242306
756854450946502656
767783947220713472
2923267265
83912604
798743088206319616
790351717
787177370646175745
1283299418
1059984817
1719318895
823400821
892954382
2545127097
1162748088
789104165167529984
1073285989
2517301839
361748780
2282008813
3654929776
424947562
439222158
478010145
2358389201
135953956
732748152
2966682251
2339917973
1337596044
131768380
719098026434945025
793787252040142848
4702970784
786824719400050688
802567189018660864
1150606010
355608779
2393974623
2658993140
2638919492
224940210
2870658190
740672271619084288
452294805
3590525597
790627611663863812
599807864
747245468
2410447644
420255846
2719244173
1162582322
2386642032
1414076593
216654360
3155492620
1351561135
2527443220
4243675906
2361360169
506363508
411731864
323301626
215145317
247864904
708429391
3791114549
1116674660
1717274785
3552957021
2865546393
780828728230195200
452666770
717367103532240896
867633500
445567589
4133217027
154322105
1707854503
1131283195
4833429358
547160685
3029285000
2984198033
1000188997
801668923359981568
829358672
779265942165544960
889396670
2182403667
1479828265
3482470821
255047902
48384215
501762403
362516905
26812337
612883421
216281928
189619391
1402879052
2548045884
307401545
798635240889651200
708581628201844736
349319486
409474239
1028897996
2371530239
268744692
787009091373850625
2163574791
272876921
3906735870
17776577
712647058709155841
411364138
139681145
802723779642294272
801464592836755456
3434003098
84114885
854466968
4461052161
2435959670
501518665
1104348871
726521604042280960
337185218
3222791895
1179962942
369749865
3389194037
798640448558497792
369728921
832781346
128355143
739209725741563905
151087202
758291580793094144
1229273522
2361454653
3115979247
1880747821
3435537363
945453433
800750620818800640
31091958
497384675
1093512139
795031432464887808
716326404707713024
3198037594
2355249940
2315044228
731252371226042369
788859641082089473
1196845802
80200885
554160145
134232431
3887691934
128978964
776479770502651904
4827636455
357004267
1420741524
791671139521142788
2447574735
3198203200
2544957299
159551952
362168367
783021147025793024
573977989
1034862121
2179652340
2450147531
2187037682
1083645529
751725458631327744
45514913
2518725797
781201656532926464
763694739854090240
512664948
4878244774
452350565
3228099125
847325940
2921663680
2289164481
2375711402
976995883
2973508025
949694017
2803656836
801858993035612164
151482583
774226398961631232
455654704
1368152558
379606499
859927674
329830899
584022845
705813420973621248
717965900062793729
183158267
1636528548
1120077589
777140031957901312
478542957
1296801535
2394225674
173081447
2335367718
2341083257
436285908
19643514
2359496138
1927514694
2408803254
632742781
863627952
778703906356330496
2183863684
227326545
1722370458
86997587
504894136
2577315657
3129266409
1111665702
146215790
3036352179
1055076127
1039581457
1377266593
794906422320447488
1045245656
700914468
2354395787
342681065
721338196639014912
332921113
17268435
304598010
1168797480
257398221
895909506
776702932523839489
501153654
448036732
802580873753350144
1004781943
2777724153
1327241030
2825259495
308042987
178928022
229804443
2463100707
792810525533044736
228092863
2363490707
113981849
720617956540026881
2586934926
310907747
1721405378
756751959386906625
2346899992
568393612
50283115
396743588
795733403006025728
325760306
134206590
740562673566396416
1063251018
3251588698
3345161205
1229121186
3121853856
476836933
2847080404
789699968
2338466394
4097777741
761282595019689984
702443682126041089
322933929
1927224049
1910176993
104239528
3162195879
109608945
779404570808225792
765596923
2248023058
596262860
2223326053
2351775654
1244556085
470257543
2827734168
307741565
1270670695
1482201595
44839560
135617909
787657195206873089
1300370167
556818121
789073047034757120
1381868022
2725677691
409512109
789443113651699715
4257265342
354210769
613387563
1184045827
309178760
503452485
2888908630
939421976
383800270
320405620
311092774
1093017487
1367572112
429242244
755320994131247104
752109345333182464
2826388232
373395657
309750549
1394952978
2789716509
802393932894273536
309347048
800959920132780032
2948155437
2967451289
213752633
349749435
428393835
781483818696007681
26295447
392626820
761171496219865088
2657124579
729861715970658308
993283524
600136789
22009205
1356468979
290992864
581697530
793071301200113665
336723287
258415002
802812608898363392
182737832
151597193
3291498945
373481031
300083934
717452216840429569
430166728
710745630839328768
788605410529992704
186399539
797886760940355584
3629530401
2573821529
312772509
3151556691
753173744
519596424
2527434074
1092172458
153700119
2692227380
3331059982
543690939
904438754
1106167964
1225400970
949372327
192165373
753838071875981312
2356251718
779360904475467777
495011205
425285683
1712653148
161450764
799920407797256192
890802684
1044932990
727840452150464512
278422359
1105814539
3873606135
239505380
999645834
499876766
3034643483
716911634871160832
2907264681
791259822301806592
2716446892
3199220876
2971568187
282114224
117135369
2386835695
4871837783
960916548
2208690588
10382002
1328501954
586498147
1111225376
2965979237
790171114278445057
1904698302
562440912
67717371
2360238173
482937083
1519266373
165530020
235628934
1712830392
705303424951324672
839372598
405196197
1028662526
2610299144
763274024675897344
2229696720
2949402237
777081976809553920
2603850468
4928491697
2347482439
385456063
982628515
3236058285
280242927
1061062754
2956918469
3547880116
1077176911
361341817
1066747375
1070911692
3199470706
1038941972
416341630
406366657
191490413
2772829228
2456929573
96319859
473035394
472014480
447460479
246840871
410245492
2532491303
748240006867730432
74693664
1429966902
753706268024565760
715674751
22678247
477731116
161627357
2813608233
721242552469479424
2466589783
836271002
518944270
2823221331
2388661380
777501425576341504
2527352064
1221995204
183405973
842063576
2324434960
900247297
544700808
1355024335
4824188417
2948707558
695753
755102530527457280
587385901
3130552521
245924561
1474648554
3419697862
481457729
55651991
2283623906
2322998168
978557845
2338003979
215589114
2283780786
401438300
1853722758
842320472
999320468
2537853697
340972113
788794627042205696
22659500
3289832699
53659160
2172768409
150046203
714962364
733383127381487617
782643007
110218135
4866822466
608125539
152673484
290597561
723094218734862336
765113425882218497
1017233557
400271467
1329384000
520657885
52362602
773074386
1647824629
382034832
532222780
2794139935
1890326197
2508295280
737351757819486208
177237683
1291704992
197056224
706570552031444992
4885903612
391237371
386087766
520792250
3064824634
464862115
369379110
2420586324
2922539446
476857175
158301310
714364362320912385
180519887
883065655
743437317130575874
545248089
99674674
4299066556
267220891
953895188
138825055
377680158
418236949
1644835327
2309237552
1960868090
2501851306
1080606583
2559910725
356050856
4318680568
775636532
3047493292
733330743800258560
2233502635
3172743856
2820807579
2848098653
407051453
4174063036
4273172801
2323933241
1443830137
735175269695115266
801181588365209601
1002688524
2756645690
551331260
233546601
4805159374
783307585206222848
741622785122930688
2197080899
522438312
2540030877
553859404
1144953769
755028067517693953
3217923085
796053127447347200
966475711
1017508194
429157117
2328728342
1472353806
29063880
65147995
1672302936
1978729974
2221404476
726150285870157824
788468077079977988
735185380924874752
200091336
374087921
2341987590
891964664
1372461787
424997954
1384478448
4184406562
356042866
4764008248
2470644020
3299490593
479569415
428897370
68695059
574880235
441253433
2191894196
560350628
2349895098
20430345
986111888
319034934
2988311308
256448479
726134754723151872
2609773355
3026614547
1254757129
14420623
395383733
3422769471
4330314027
211435254
3303871432
510923375
309141945
18280831
477757835
966502022
861332947
4898355431
412922969
425153508
725882047
864298688
734115846495305728
723010411063349248
775082261632999424
486456375
718527884055474176
4881267029
461088423
1136332051
576946442
743924448
411702181
794263031450632192
462177911
1646281124
439386203
1077736116
1579008720
469186831
779003172803211264
3043617377
3349036179
262539190
2696125306
237816428
217909696
105591225
85793150
799219281451958272
372448589
1440668030
852301178
3387294747
801700087525216256
334781270
67107066
1257355178
459446024
63123584
1179865562
385910975
1162086236
1298737056
1369005530
196560266
3068966572
421347689
1076089766
2489764008
1140098112
787391210377928704
393647707
2427220003
749364032310743041
798886486712131584
789562622479835136
419951447
797418784848019456
624900435
1919132101
1871156755
3746304743
3318421203
3432995584
2221643012
863020105
575630070
1895201935
3458620516
2881874930
741520828504911872
983065508
450654477
2378868702
103823672
202086398
1419216668
340206383
452382482
482343716
363124652
514124269
794234183128322049
460964150
795564464829595648
2165389231
1454614525
105602878
4133259777
362416205
353160476
1258572001
31882493
2216179636
369400294
1527989558
785455883228684288
305255857
2354484061
3347525428
197793098
519379680
271803051
420419717
2482513896
323809354
624359831
2895089025
143235905
98633285
781113518019969028
127302531
443005905
731131129336627200
34883730
2524571118
558032072
192939414
789577810637619200
624096392
3357308483
27606971
253018480
1079226488
787665727234990080
2268685606
94594903
188029214
417833029
786474228258332672
1244200904
760763901889871872
768141271701528576
2201369448
3240851836
3404776456
155093398
99645256
2191221171
3075395735
1066057848
1229510588
3299546625
215735286
2322849823
790164996667871233
453287155
564148431
422904136
325028943
358143005
486890861
3610537156
1708224529
1327536608
451610877
427319519
299020216
748026254746591232
706086896275955712
312032777
24699941
788675050992009216
791365228839723008
1283811182
456674882
501095818
2950936654
546956225
1897585116
418636676
2849986283
298532531
390170197
431480206
712430129763512325
429057395
1071451754
147293373
47699270
4860992891
2607072282
2862441234
2964743374
1485497036
3032272127
797531588624060420
1962674090
724094935
477543705
2482305961
916522718
815758254
1006685844
1367780113
619258906
1031437532
396697525
796381889326153729
716004520908693504
22044386
12944132
797805423122350081
929422430
483384295
533176044
184936094
3360251476
919938853
208538102
542691406
3879573977
861252402
537290044
2236761742
790153438491471872
224594895
444837039
2897057014
2496989087
556650372
755821556
4200887327
161740961
595901346
1254790184
2816273194
13294452
405792460
2669177583
722794470
7414282
348141611
1217799007
363266069
418531608
1380308922
394598682
739858118
1619926346
1091835762
356975403
2322236449
766657539710783489
105616077
394850579
327379455
802174224228085760
831129830
289538124
2247433494
256835865
474746645
1071579716
764136133286629377
1219056841
2748801657
2162905795
1594040222
438419435
475325454
192688721
2795593730
272934304
67276534
1268297346
3016981881
832669237
4436365575
783192988285595648
380229739
1000168753
763032032993742852
436124417
2872707029
2219448182
470301475
791583592799404032
2292308845
2352305154
1611260352
1219623288
423799588
354165740
2597273655
482403856
753229135611396096
2243027792
713625460878483456
2276406060
1125816168
415608754
353640576
570833587
440842714
756798814518964224
791628536557793280
250550476
2827084763
2821597763
341358459
399553357
2207172466
2969563023
778321813
1186828039
738391531510435841
3430544349
26982622
113643008
492959239
800464320484098048
1082473454
2939550185
602982217
573986602
772030120097935360
487730099
476053480
446616638
553772651
284515442
2610857110
3390886840
2799652340
732098776312250370
720592519
2895077031
767688070779002880
431042454
2176575594
2980425346
369725754
497371191
242351511
3253240709
1020566803
694638444807610368
783613594810351616
319578825
484982241
461903387
472003825
4854061971
431658112
435279526
784687238974144512
728733122695725057
742656572086747136
189676947
445669706
281884852
898392492
1652723858
1444784371
2652874504
104764195
1249365224
730673331851132928
2339947944
50026235
519335913
746729895997349888
390374002
1011559662
725066954394980353
706067859550695426
14324681
765453260228624384
717973854325444608
797171468002033664
3138188655
506387757
547050389
788458787032170496
34917834
3986971581
3323388298
737934742461526016
564912374
49940464
725370452210794497
1223069394
418153325
701484965272416257
2442953699
101057515
4611199415
698226027756126210
595878183
2343067570
2221319742
3776006296
728295648
1151527296
209459072
435645089
1082984088
3179961507
241991497
2310569711
1034473320
405443137
585391357
3793353617
164687938
522221243
743514238493278208
325165914
724245672434765825
702432335078285312
1328926860
14561296
52375621
1389470912
2995754453
3791284815
3333764236
51486290
482107935
595786440
3243194073
516583300
115675193
3148498593
2788765798
1384446301
3723192855
829449325
1285373419
2909504255
489510463
2210540756
1110771230
704431464524423168
15191260
776366037566623745
2366958341
762186331011375104
757949254765834240
2307403408
1011151154
240389640
952427629
3052918302
794822744840007680
756521237438926848
4204183834
1069206085
577873674
469245561
210787486
786445441
1388012268
1683090120
2975094340
2717484025
1261872931
747404363027652608
2986885877
621033928
182411035
3823074077
4868655040
482231012
3814697663
3145265249
709104359905300480
3758739195
1711801430
266841916
410852015
795653017362202624
2377412736
1260171894
750349544127365120
92734271
3324827889
1468326630
715574358350163970
3048023601
1331730614
742048419208925184
562823508
870521268
312851537
408027768
483872778
504249100
422480814
87467449
2650978150
2272916900
537571703
422858171
2512944834
760023416200134657
426026934
29969564
4726174575
467901885
4863618933
694926126351847429
1654874078
733785341476384769
3225190005
1256447174
786481498660626432
590675894
319846232
2574413150
2828396831
718402632126197760
402352368
1448557296
4863913085
798531277116862464
27417914
412482700
789866400332611584
4308453381
259254286
130851801
1423491181
400902983
406472403
1107334009
630063443
1617818378
2745073989
1052916824
3368018859
93953682
720515573
801520165250887680
731474165019119616
1644683106
4584262996
1035593826
194217573
2148135826
81626770
195374632
1382206622
75739790
427357728
797526763962331136
793496531508793344
424939728
799898540789141504
780100421536849920
708276706
143079781
66884102
2319326605
739879899280904192
1544093054
4187567045
934436456
802320974
609790313
396564186
796342608700329985
710864700851032064
51246619
2609290294
310195119
330342815
726721856749842436
429715292
713698855032905728
2941915384
740302141676523520
1640766590
808531951
1344131071
130137556
4074398955
4382850335
976652664
3429792322
2178536571
478758338
149166503
1103812855
776714498795311104
254625981
1092670394
4548508636
403444000
2949601762
2733705537
116174976
14108472
799233061435146241
1066309460
363158162
404051602
789773192969748480
253229564
217897190
149609445
615369614
2865365393
2374899158
39941540
3022123029
1348851210
4384610668
3296304233
607368233
3150260316
293355479
457023347
465587507
384773089
2845221227
1295065447
574765497
700939605521145856
138772797
769836393908596736
2430563386
1077656766
1344701089
704779333307650048
1036494895
450517687
3825308554
456453383
481495667
243858269
117701249
1088672947
4089359207
4664853389
823262870
2444362003
2231463645
927647317
410611483
162103856
731042960909991936
460226131
2318283220
2986513055
2319777925
3351926470
794889137845366784
1091861113
2602316978
429730405
1388488790
569195786
410375702
1855414472
3253702029
4063380377
213616021
2889852755
45138552
602574015
440737015
3985072012
72286117
783020674952626176
724517094491037696
585072407
2203686361
36079217
234339579
2526179811
3050183838
727918765
2482335605
4471751355
1921125602
2898075617
625009623
788754158241378305
75883181
2714500212
725051865159884802
96580657
483729331
416553734
2789862845
184015853
3663181830
474023066
244169740
2719760326
42603583
2351400748
1275239096
1586042605
4787048363
590188450
802301691165020160
756326148527755264
143934900
420194671
2975144398
268910347
397572858
508768772
330459823
553529776
772120295465443328
214475387
3072009003
866432192
3130779556
856874911
708369888679743489
419318448
16246240
3145332994
2157756909
463347621
96369798
485634584
711310994
875178422
322644117
2275495767
480494987
723554886651142144
495103388
2849367177
732951802363150336
17623945
1067982564
752152199199879168
520963383
2434952616
473838944
602182097
424540306
752800121138581504
1553447190
2163623162
257499288
1015929313
419285776
713628144545230848
2574560504
419122011
724138546664247297
752010888
158470519
429818263
423294786
77554140
725817874602971136
44882802
402803669
19592755
2369514974
86336577
467659856
4277803971
729981130007531520
369200086
2180831464
2500855031
1036938613
4039903701
3369517217
2937052317
708302967234039809
478436781
2431061097
101573147
2228667795
788808477686820864
1066067515
144226252
317117163
382029804
794173347106000896
3296497990
483671947
226532072
248633006
1092084720
53021813
333498140
14145846
23326448
1168160534
1183534806
782577416548020225
1384894520
779352002233044992
1324201430
788723015089524736
722527613193990145
2246697333
2784216706
3365915002
2895666573
194138920
500110521
937081645
1642762838
1334263597
716370134651310080
788474035588005888
788827713624735744
711875747183521797
557827565
802363365771378688
771167828
272131458
796237284
1102070556
537165471
467708411
802372932559323136
2816638404
795909939164315648
712430076311314433
1517517595
467473645
60995609
746960805288099842
455091874
761582724176027649
1334417106
2807798369
1132416883
2983726085
428915501
792729282544013312
1192578464
48274346
383632630
752117556077473792
1849672393
3140140060
707424884
4244790082
782126365315371008
966592213
1050542586
2394211062
2414596461
3231784599
3143841076
501225131
622020182
929249360
290495349
802448379762667520
742226059265859584
757974675083370496
3323194799
369381601
1094582054
790948562
1357812068
2572632515
773929798192300032
1662035850
421078013
553489727
377430097
458347992
2400697528
215270850
717984836401643520
4876302513
314059678
136343557
78562487
436833006
777128701700046848
2689665578
303618346
1149014184
367692964
2480246000
3168684905
592160447
361960565
2671311874
2228739276
2985415239
335595246
787255535947091968
301918537
583877210
1025143716
2788775085
37619931
3045361705
701716640988270593
729294897891676161
410972234
628772007
45861942
434152729
1228536066
402997564
253728666
400837792
709268747010314240
124828785
831665582
729293681832960001
788784380860829700
253714436
4069173009
732773769824047104
979100648
533526676
265278924
418265647
2962475685
2292963709
768783082736455680
1635753799
921726217
17706954
1283852282
1219022928
2400326462
302259113
788463119031013376
434736878
1063725882
932888491
420526736
51522357
795892733781180416
378212883
2331733877
277876200
2456846400
464127310
950513972
771464957124804608
460275730
2372154501
531137551
567159863
200888646
40302122
64144248
2300311050
2248969512
788478068763549697
2985518519
396218442
952558944
767600300
418837513
986714714
3007395941
406552900
68006505
1212034646
776304284
1163796132
360737479
435880626
1102216892
737964567737864192
757361610222624768
757599598395482113
2927289074
424164438
1055604996
3048846859
637254997
267169059
788432145161256961
2603715699
223584477
430734254
2364603574
2281118124
17715444
396835780
799642016888012800
4876533515
515507237
1085455423
3091275909
1096420074
487899058
801754928356134912
2528932253
99993960
739555684379992064
459115038
253175429
724811216183562240
326226399
584500247
1055585250
483434707
83224596
393679170
61147687
292275504
767743626105479168
2227239038
421940382
3613181357
2817088916
381128944
437023656
3049973297
2319258554
786432845111635968
453959464
114179008
783287015865511937
2957122799
51285035
2999879276
3035060441
707252292408512512
2832335447
4208755703
784137711561109505
1062937651
2222041907
4331454017
714382420
124426856
930194618
2405839948
2871622477
789175269667942400
3763150757
745654987
2904967810
92093560
1079126036
2509485582
737734557777178624
33226107
2962798601
749984254923243525
101218055
800798359430696960
96516447
1926741584
748814836595826688
294482809
420445452
49319803
3127900121
932393936
258382452
304329439
2363670784
1405789050
781120631651860485
1471885916
63961191
2997756838
2576727319
130111210
469267629
173925687
436660358
2878097184
797837298406658048
191204810
311056063
581801913
15178183
1075851336
766471224
923054467
2361309233
509039455
778671333853040642
239806365
697617213579141121
318941104
122016493
417887820
2365041713
1410780559
324231882
255499883
788875940575215620
74311447
3246308829
708587318786007040
2153812941
2918245289
3180738496
597787450
1373273234
512899781
1704854190
305236970
2728800485
4910860665
560468376
396759583
4702133172
1171486081
414385318
1163993796
753119256573861890
284706444
366252148
241658981
1384301958
2267174346
802176344515866624
399938605
538315990
77437422
1890293305
84130259
906224444
1919814602
2477156634
217023602
2186313609
703163427947040769
49685654
571133532
202256562
1051271480
1205482028
3446733917
481359440
26504043
2362415546
1264018218
1857295158
2612652422
257709473
3043362960
2221331701
1193780617
739208580360986625
2844869322
532545386
315428267
455094599
2322841699
591978502
1327867518
460611317
2469776817
2343390020
2179369755
727770559107485696
785530954920161280
427201823
742063342584483840
1165460864
2984894152
99807484
363587735
238604711
77207264
754620296993333249
1316602933
1978165356
3392159079
1411042874
1316630180
432211151
1715570095
63674368
4804649301
1630393692
448048809
634434387
4812464489
2987085395
2329940551
499813451
796759446370271232
435173619
2363684405
968523174
425759519
114158160
22083
501669408
2309477786
453851050
3640747095
932167832
62316892
200093749
800608883525881856
132092980
491318883
3320285157
15712835
1412500075
257064557
995021599
3553383737
42689668
1250016204
66930325
2163514121
18472449
2212638076
773956774932127744
1070289462
1068728030
1201274174
62004025
216759861
4914915772
4787684421
1876846094
302708364
740557397668794372
607517520
1196348276
405137914
1065109687
3020578613
55238295
1857916189
172170794
436189641
1311291734
385952157
17833020
443708574
545448505
3347934334
2779173779
318713537
416269140
48291322
787922343784046592
3332720836
90376168
3613300157
3201928624
3686769617
1225509780
3302866678
950642215
788788458848477184
1371655940
1063694274
4823965924
504658270
421211268
726007952
495176013
2288632603
513492134
29416653
379160375
797088398183899136
415855876
702128508835860480
3385026165
292371234
1109887628
3527260401
4054551945
767795023970697216
2874842817
500551562
2464828514
547883408
801986598699233280
782482968581378049
3014266700
603612465
2911434461
845781758
590833841
732125961412612097
1004504533
3002785552
767307970594140160
2222816851
1372944860
1235353459
59540907
852754820
2885246550
788447717521498112
1544336527
2160556494
1333730431
473127774
2335372808
2958925781
417897223
195279027
952393700
2822310640
1867212703
2379935336
544352838
497942532
714775585088737280
1095531864
1918247922
1264504819
1852450694
2422875421
15532171
2483728100
3306587122
391521149
2515144546
211061112
97322775
313855526
724573957781856256
73371594
2432208854
452127175
295024898
768133193291722752
2258720305
569680694
2436692745
988373714
3309670823
493278355
1244644430
593572152
2377259598
746603431620644864
330330577
3001964055
735876147137892353
261233190
3320655053
399589131
203995583
257953952
232559332
964460408
39022638
1652968850
43309580
2238062646
629583176
774882052185481216
719190663502426112
2343247138
984851042
738803856906301440
107854945
362432939
3394746226
721961955079102464
81837035
398928323
433989119
604477428
2747678938
2465000210
3342884483
771232888381550593
448998373
868049126
337155946
463147024
559559659
1063634156
353811477
200879760
1100350039
700901262
356979186
3093445126
430743919
705109241
285077023
723538495248162820
1380350532
1963072460
1261559155
1066519238
1063955917
969923378
2362829526
799907142484578304
1681307029
1294725276
1699665619
946288772
26206149
1124777892
1557863928
1385284172
3688803513
1510136666
400383332
711909518121312256
1338857240
350868374
475856875
1037401735
2663879552
2588246800
70201562
2348837399
4853387764
492580283
754232386259476481
759295239299428352
247369956
2366997321
1163905178
37616894
3023266619
2273740121
2527788012
631428101
221840484
414127619
797805269539520512
1347344792
2370723536
774133777412923393
925874496
276497372
4832053377
407685967
2616680851
3862086448
2361394675
484982764
1021541239
3404851961
896233980
532132256
3214345809
57466155
1829960281
831768450
25676606
273316238
1101913508
2234822984
1671070807
298123237
705782474627010560
250316913
1368793633
1163339742
391936827
8266162
174210451
747307420276264960
794498319808663556
545969776
311694861
1369895101
1876212612
