245462152
805723198469898240
372273460
366332600
533329366
2182969790
286056337
1054466197
1341448514
409559794
799248233981759488
756552513483046912
429679335
2511415512
489261100
13382082
16986506
3652269263
268899621
4918685471
122976053
1042807543
742417542556332032
288764479
117734700
472905491
3295737298
757989565600858112
437573164
2431878815
400630126
1082553030
4158758146
65335565
1706736698
394734481
1179157244
1946489059
47686952
422340734
707642932443140097
366525998
1009689127
1640144880
1962207937
503583739
4208609711
747706272435281921
400801252
237248877
481636772
200932330
473984977
3426419753
2157198452
750024055990910976
2283221770
632247295
1405465094
484993582
543866562
2232286277
1325276551
302610053
805722984350711808
4140006736
1060264448
1953930264
370172207
2434464491
51733848
3303096424
869898174
180100188
771147650
4822020249
2238936648
782809034
276939593
695658573871841280
764525968623071236
74707629
1170119629
780796072595566592
3033470859
2287024507
223881169
554226467
418089296
499128183
3360432215
1229478864
268816462
73612964
192258181
398213393
2735054350
2231871937
2305061342
471272450
1700317555
172503199
805728659835416576
1524453986
761023579
1307016348
418743064
4419765201
278716071
766589504694214664
1267096375
387722961
927321409
2150969605
3433378229
2873826494
2678300963
2865752314
727150387539664896
2767469651
2167675113
1272905017
1351201297
425730108
2405938781
556946532
795677947428503552
3094077212
2886824073
1241549911
794517122
485012318
1089229140
7184902
484010722
617969770
803012949157773313
1256727248
84074331
406338891
2276659249
163595230
1914960499
801545224808001538
194315771
133461180
1583259805
1201411621
712035142508945408
3126510327
802044396212457472
2806979686
369435498
413354451
239164393
3613388177
3344602462
1613465552
1861413494
792638720486825984
396802776
39488038
728288391050170368
1219456740
3078545590
781539111052115968
805740252862287872
453382829
314537220
1080882642
810866180
2170742693
63732939
2744358657
41094956
3426670696
432948268
708722387848720384
398391979
33840320
1282936026
180112128
805665659900329985
626845548
4047633629
462156900
2209536761
188066910
589418956
564609095
978137395
2265249203
3317075583
2347311747
80583467
799574305935921153
517986135
144213581
938933701
28806553
385413672
53185852
4494073469
462914512
174718343
1226060282
397199507
2927551738
65977946
4538928737
593623163
2191542633
777025956078813184
4924035922
282624338
2585597700
3407280022
767772101503836161
3217788777
3033036850
795290773642215428
827470574
764904998991978496
760849751608668160
4256715496
2197727347
1061750881
2966565923
50590153
4859931532
6743422
3438195976
2353492261
4090278971
191488665
2771313035
516483708
3169533665
2376897325
600232964
1076273076
634575700
3343040355
795704371891863552
540120833
2860653386
2333203880
3320747710
1316007410
836445570
2690461578
3314885681
1360232480
420290257
1238622974
989346433
744598818365255681
773428955214995456
291018700
380816821
193373862
307971714
1068896102
2376999356
4864250579
3233782181
463969453
412481648
2400347005
976979730
785767683325394944
593681019
1063955072
4493227335
2427827258
3119125755
64672575
416583838
2523203476
416370078
788049329403506688
3387206505
2345481387
81230879
9479042
805443539660394496
3133644364
969973250
343239720
582622919
550126854
2997431799
129482901
1444286834
715593055789826048
1693239398
2148746163
592975217
20940320
2189126966
2623744426
714553962599464960
775039590784729088
589286587
4590906221
3958632334
436640636
1044907412
860222119
602903174
528757687
805729127923847168
2313659803
476627135
906349453
378743872
264211609
2149812819
136342937
378467099
762983877849800704
783659134256353280
4898648187
3909032295
316723668
336975968
436727036
3290984981
2760142246
514161086
414184489
2318573988
773988715903549441
1317088771
4502167881
504814801
798909691829043200
1041739064
44120419
36915978
3294901019
1331086867
418736719
805753665218813952
2310261690
1536589740
241086708
1059804050
1353946608
799256731079610368
514552306
507697095
416243016
2199548284
578838113
2847348915
248379084
83386342
561823534
767616854
2890222518
776050554418171905
3216441514
465016976
293484907
1857779947
2243105962
2696366840
1560368916
3239016405
529606550
773869687465803776
375088326
2576566518
83217508
2180128512
617404862
440956917
262558531
432918462
1495539583
2589503250
4824399766
347503021
477922867
635396890
1006198212
2969457687
756820042126417920
76891747
13284492
2548419224
745410799
863369492
595663730
2517209974
47963209
2192271144
2216202108
4135497845
1008395305
496009313
2971397853
404988328
768558101477875714
1488327588
750286035733667840
730779977847848960
716357499939586048
498937500
475127858
1336604798
2180672901
1343847084
185274610
116468336
3363987292
3028809503
1221818034
1169922139
554483491
423357382
364189418
371781632
154896410
2472017715
156239686
2178699621
4854132653
73649323
923347921
767783947220713472
4184943027
4396078653
2876343016
83912604
2376928902
2215701370
584739670
3438570748
4871676707
717286755699916801
365344875
805736234828124160
82093783
1169640871
375625467
54209383
1357729789
265385204
418263928
517829387
769885684538703872
2319748337
975969787
3153663109
2918237440
442817553
315184117
365067542
1346509117
71491680
982932835
630335013
447005422
734053598884139008
499227001
3362984261
1054921585
505838638
4714411054
804278132966617088
3063738106
3426352180
1039563697
2786870739
751814461690900480
360772090
410485484
131841202
711343781644255233
49318571
14073125
313199623
396742614
791545816322306049
572125780
1732349316
4872034270
428931337
2733559859
95106953
2289645645
2921313147
2719244173
615125363
117004990
1386751423
3368360345
253550542
621553
436221487
1443327252
1722272466
1213759908
603521508
585288950
2496600643
708429391
2862065319
577023890
946181442
447854508
420494257
249131360
2465793935
461866456
319063113
2222960542
779967875482324992
2367055176
2651274657
270518699
3077192037
711680570431049729
22120232
1558834609
865947528
241602781
3223929605
520935514
95528446
771607371936215041
754082430055833600
1668833310
244705592
3217711420
257553023
805729955879538688
3124240699
2700071212
762195348
1367758146
805724547169341440
2400294800
2746586057
3482470821
255047902
303810430
2604049343
993717192
17214689
429203153
777112460415406081
1154119261
4861701649
2495079298
389358538
2319542538
85657467
804315233011507200
851621720
589836989
146366004
776520032885039104
708581628201844736
365493942
892979210
270844902
1638143131
2774751706
2332571271
191938660
378148810
753878412981374976
1028897996
228010525
2414142583
225168723
282111513
586804044
475788416
499857578
139681145
322190361
2787939847
51402085
726913828584325121
572917630
128855697
700054366796038144
779236559908442112
16112979
2349060598
418689046
1924562743
1179962942
366107110
796057348435542020
534297810
369728921
61152350
437480927
2283994623
778177707234451457
513135078
439480551
805740516797190144
1229273522
2772740636
1070320147
1728835788
2365498822
27195745
370283122
1010106986
153215465
2358355020
4344764241
1093512139
260940801
163871004
2940552179
3148503490
2948374265
447484344
788047861342691328
731252371226042369
22813056
2324867589
342256558
96333128
596446444
276187826
384948871
397585905
537122343
482045811
2863254985
2377659242
1870641289
2753639356
560086917
4462664181
592771212
315319679
455254102
2639724503
712376322
390266324
2921922543
418671782
1071485604
1928371358
410589376
518496696
228372698
1667657082
2442834988
781201656532926464
1386808813
3331413322
1077925266
1328664937
801731765765308416
363067985
438361416
629669385
1233975200
353031276
2973508025
2910674200
1228034526
421590820
1097046230
796181961513504772
2948863234
2479891578
351137105
446652453
2319615301
785647159
624039060
352604302
2787508709
2152673555
155514374
438849246
138868693
939484063
417095223
481872909
415004088
802948241725726721
2477361829
632742781
225604191
797076670884773888
406996560
492325083
531216203
504894136
335385772
1221944630
3056591183
754296809883832320
2929403482
3638160616
3323281697
1039581457
258758131
2208843094
507280978
3880024059
416310352
2354395787
119894332
332921113
410383506
3709559476
519696949
61984934
217611854
452831702
3243909749
411428698
57060570
2462025474
4920069233
1347875294
1187728657
2420979852
3431319455
798166261
2508454141
2675356905
805755990343819264
2874858882
758935701698191361
2265356597
4185033808
145561037
425479495
1668102216
281930164
2409382352
2791075913
3331139295
3436505303
1178812555
23046451
123246973
134206590
1482397633
303783071
2739361664
3251588698
3345161205
1229121186
198981234
1067008310
2382294142
396637085
1034988296
505980311
1211979302
1041965744
383563779
1064261450
2224962167
2223326053
4218775445
2819864679
528699157
793934453974433793
1007097450
999530510
2277299122
1189193760
318974616
1341462944
1872285091
1270670695
3107510505
135617909
738350242597310464
376042986
537662962
1157043744
407938599
431500211
787147484
16501369
946023379
934466887
561417419
1854556328
896131003
1257881796
409512109
1719811099
230803926
3366083633
1215471452
1167459253
503452485
309178760
82351989
192210063
1479114414
2888908630
1367572112
1588885189
381436019
1394277882
250074636
204791100
1857602234
412129293
54903017
186755816
4919837110
292515117
2665893564
485101194
418518309
1270403142
4547668037
279557700
4764768171
2407992892
392797615
1159945879
227418048
321263996
418493362
2197175103
2262356182
1264837190
1475611711
2343512623
2400269172
3387594292
738647187047976960
56064083
426094795
2390438606
1911991346
1180597874
796494022265147392
455937572
2978007322
4061034316
1620754188
67006079
2338719661
2874742024
448805388
2951423075
2238961512
166484578
794287344715235328
537258769
1191081025
2759087925
1372164266
233929419
843502922
147622871
1595987317
793934219831611392
547059284
512018266
2270632291
152075455
140057440
717343435678728192
581285865
796843234844614656
269842693
3096871079
4327485993
963271549
712940094
29161948
3397587807
2295866084
763931106869522435
4414946656
466358678
3008763837
199166155
14163849
113458788
3064900822
836504312
555085723
163971436
243563921
521450521
2997517606
3428693765
2407663642
2589552909
805744743766458368
123231777
497997424
4069758477
223576606
1415199168
293739484
491142862
870289915
2586223540
986870017
970504938
74703347
434851422
522457817
388572693
594559435
3034643483
499876766
804195751
3026638931
2716446892
437625611
326316197
2971568187
4372999402
421744655
779268696942477312
799362847373488128
184754844
767752220700016640
4871837783
341380445
972872618
1964395448
619162465
2990367712
4896545899
1111225376
3125051404
2367811931
436230438
1336094520
802146270089461761
2894775544
319782293
9808092
385088302
1320936355
497996910
115136982
1712830392
578819937
800501196
4717505775
400103989
65866093
814834027
1728213950
2376749525
700841898
58868395
753206130365624320
4928491697
701173846729216000
3944546739
732317340092780545
1274581027
786552222
472919383
729430742787338240
425296360
3448617916
204194413
1310209976
3700502176
96319859
492121189
331818949
476051821
153436041
798087152806543362
4859438769
727087787506319360
4818228771
1386793261
859694112
480661168
780453512803192832
1531171376
2533019300
2158195314
541712787
1436540138
1148172416
396698099
1640744514
3346519665
2745585660
416540516
2376140579
344767294
1335036691
2198193816
785397787995303936
723835861989756928
183258015
220390146
455236437
1413932858
1035803582
550095169
1062799087
538088781
491438050
908951064
595401077
3729198442
244734060
4777957102
938688090
2315712128
389353555
1075391245
976174765
1041134352
978557845
2724274001
434752212
1449625807
401438300
2823036120
197193073
2322781029
2312169774
805720799634145280
22659500
586561743
715552913083510784
637292613
786870784841089024
1399683188
773980763855421440
1376611224
1505560448
1462549886
747147930742755328
118019990
2899472752
3046930360
742992676157554689
2197813964
152673484
574185238
1068405199
522235357
760806683564240896
765113425882218497
58241595
775419626285043712
150172108
1402978436
815088254
1230361375
4886097705
2350615438
528673372
796321293452898304
1291656504
1627870369
791287209508933632
375742012
4869095007
2754543846
345341203
574047334
2555128562
123712076
1890326197
9476932
3225158405
742094210447335424
859058736
3165917453
2194877690
2352343378
1229387604
3176625754
131238747
9055772
2275956998
701388779114930177
732701339801780224
3240122307
613280098
173389528
3064824634
712592618459369472
391034817
1175727986
603916241
1365032677
715083557581033472
99702635
2569160611
390754622
883065655
129081358
246038998
146590259
386742630
784340188679974913
628224675
482428376
1073080100
533024781
394086402
794774793648218112
2501851306
1084205072
762618011144577024
1960868090
377429760
1930695714
133998087
259636279
2990194047
802664860744089601
458632561
801218820086108160
755642990316621824
23054148
2474149333
300798803
466374664
1443830137
740204367400337408
1570207747
2401418695
233546601
2369161692
3019629387
862986014
3217923085
500583344
1248307267
40952231
718115948176261120
767426795348062209
1488372031
317424889
2270433204
490576482
1058200926
504661653
311465404
750612188688154624
2280439274
3334600017
228249426
3404352773
448343412
573648634
2341987590
706823258990055425
1060755817
471057183
426719729
3352429948
607629011
1372461787
424997954
2166381300
585513260
3299490593
739729140887216128
714189601997529088
13631242
250697308
4045990383
822343399
88072055
2427155309
421155334
432314174
986111888
732478040748363776
2221874484
799607715857317888
824046336
877801596
390753281
85060556
2738340699
502807296
376871430
396824911
3345594861
1008806545
788860048768458752
3227318753
3024022989
2981423489
3837156977
2956811146
801361825
393981611
3303871432
733336927
707322600117116928
163879703
27660447
3050477894
165231667
2176293065
725882047
513180369
265438050
494169487
464855487
630524940
230251192
778252890511118336
712874959
2719487690
1040072863
4415027475
1464788840
719936001968381952
74966403
3522132023
3018730888
223951506
1646281124
1579008720
532309984
754664352855236608
61703985
3043617377
4115465765
4600475613
440663402
502182693
226627338
1172370252
242030228
805749408189054976
391661534
1710334843
418992307
1477453526
775781102724247552
2324947372
801700087525216256
1310591124
337344038
780698788482588672
2763523690
2967886673
452953533
703082655601008640
526710455
997910394
2376465507
802833038220677120
761405641
1070392579
595356862
717117723
505644756
266608541
728188723075158016
757278654502203392
1369005530
987217273
415564172
419768382
398032197
174615207
47925074
990605366
753871352453562368
724628269333635072
1063745202
392987772
357639773
3424436500
514722148
235689061
150399979
850774681
1195176624
263707432
382539264
1919132101
440043853
1037692622
366496784
3764059997
776361332417363968
755080499605999616
596702756
785129133009494021
3432995584
3458620516
3044586266
384881122
266187852
447322484
485485288
3399841755
2802940594
2218143675
2191053715
868360100
450654477
764752555834474496
378833661
238203936
872218404
722437734
113750550
540605500
1066765249
1470771482
334829206
2984790724
770466882
2368789219
2165389231
2180853339
1331721332
408086130
4923500123
383888615
713002459870937088
1370248890
14173157
73198927
584056092
3939431595
452871662
52332450
305255857
2512612640
275652121
2465437060
710311520
318900321
187669778
26502440
613766004
1234825501
536600780
506200939
394848411
3510108957
520333330
714432268761169921
3434631431
773054104549593089
79211525
394021004
4589805027
558032072
711468143768702976
295284193
3243464967
624096392
443678992
20336368
1161234596
319074916
2450692721
2917195101
500988322
1911187686
1431408690
403544693
1560462145
3290208330
94594903
2327489276
3104344534
91335892
743869096324927488
1374489680
3434577971
1647573919
347500628
521625330
32402183
411405263
597545163
702921914
204041863
3335343958
160152464
337048412
2372115242
1231603440
3299546625
36626879
874002174
1915080482
1036882280
564148431
632115448
804961884
433236253
136692380
4343782161
700359428122505216
209007993
2495071257
184747714
1252846622
130747989
998818928
136275685
150357753
432646643
2985256906
3067642931
1898470351
107458928
557102394
803979599210233856
316466266
598558484
4830770717
165022493
788703827205693445
1042515348
93416425
4928346046
340841609
750327113891377152
1088675498
2916512591
1342441609
3339570563
418636676
459438013
805031871902023681
452087285
703575563
118978778
219927919
596551434
2675073532
465066623
446929182
706546957049831429
4066807079
1705643862
863413130
3046015127
2448563317
1063009350
1642691952
1068846679
329305899
1962674090
477543705
274057387
2988086885
317290072
3031581923
815758254
916522718
351555225
2165345631
2303516735
1664433936
3125803247
333923672
483384295
34556545
724288978220888064
51037293
495299498
213798805
1020102560
454009387
1201691502
405731693
416402124
47154019
73701694
960908886
91381777
141709502
2819178244
754282812405084160
2754525981
4047355091
3303033640
1262703662
1355199234
60159920
2496989087
528216670
3107574627
1543396879
161740961
393991844
4819001765
155946225
1357864352
752424540458844164
18768671
3034434386
429850368
272065406
405792460
77455596
775275218172510208
712644163276312576
132253492
797783036326772736
3299598124
382133673
481409710
205203605
19366011
804422524838801408
4924594492
2945828200
2358475547
363616701
493025647
2230228079
1022288858
470287066
3608785995
366182644
783982939336011776
122644390
119674844
414978233
593487302
3407128227
164205065
57472352
388140649
47304538
344623565
1214739008
2342104352
1422657997
366761086
516634164
361985955
474746645
217939114
1071579716
398045546
1594040222
4622550376
2246257107
93370094
706950930
475325454
81075901
2370615744
1712610582
783010206552846336
561473002
840243150
521564494
4860111165
801529533379805190
3399075250
3110219361
1622970242
4436365575
1483228362
403799808
332959014
233446304
430117441
997500716
50233016
803958739476824064
589788091
2286669109
4042259483
2889612136
8882322
3242519025
941531808
2352305154
116207146
1142794093
883099326
803239014685937664
805737372545675264
2688034927
801062327810461696
803051187704623104
122497273
415632843
720897240366194688
2490158805
107729277
418081562
3008953167
1639987099
3295022861
2260660337
4830251404
96236264
132233895
3075865347
2260822969
2734425083
511949900
784318068889559040
113607307
4621068317
2660974942
1394356609
2590412644
2418921020
561391482
2207172466
482765171
1059013326
778321813
1081169252
778753237721706496
288420797
739064336858124288
509367674
773860271282675712
113643008
15692032
1166480390
706206888686460929
785934232698904576
2349902485
4362010276
2813737941
229298725
2354983764
2250627476
3053511803
3410804002
29503204
4655248997
3197562329
493914599
1846097041
476053480
481444917
553772651
8948672
769478656498466820
796830886494949376
1920457249
104169660
400959041
3824253808
1370308218
872497166
742089966315012097
310865669
894946183
755206795
735730894711881729
1002414020
2188528301
760986919891271680
341951128
3749528777
2895077031
433669797
2896183330
197913402
76769340
132579955
420135838
566540382
319578825
89382446
2584054678
26981754
238331462
718185423571390464
192602067
634407554
396459358
404088514
435279526
347497240
2843769504
185183592
755110968078823428
487403439
96785186
264589182
2345773460
4092368398
827801822
768831371653554176
14962297
765651325610758144
792029121308160000
478622166
4622433142
784072008640434176
456894487
398595735
381567713
501874833
2562814182
548471623
1444734901
1046168034
257665435
582035064
352807355
598383501
3138188655
2778219279
781880881900380164
1885697252
2322490036
1295567060
472266275
777236453533290496
2371137846
66161873
406561518
328031487
775748030012284928
3431302787
736596690
786864752953790464
1264022826
85793992
418153325
2397844595
1556455656
2655855700
2406163925
393336947
716198154
426075049
470515225
4611199415
30688131
50288106
2446212983
597492087
514506617
473799347
3128595119
2184144110
305541513
387329231
288815072
131450639
2396640330
3179961507
473813294
66635426
388144170
1034473320
804994692001755136
314471179
2329195526
2436045041
384552588
805119209588006912
391286828
478663552
989192558
743514238493278208
581167908
2784391760
2186313922
2890422803
1201501471
754207227435704320
1339546009
2318486375
370220219
621728989
2276618119
3068049551
318939574
37539436
4474043243
252676505
370345381
2331727990
596325565
3148498593
304681933
948497078
3086292421
204905169
1391491368
2893877165
55568482
3884255603
3373955686
381943815
2184707792
2366958341
137982833
1039461792
317659038
460878875
419617449
3578738958
372488770
281651828
771439491785584640
198600936
202195141
952427629
2433235432
412615907
1096331473
1066782674
3319847693
24252705
2708071882
479604138
725663887555715072
1069206085
252499114
379553108
3030689795
2977934441
2975094340
354901534
2986885877
1276033099
486787100
319116894
3421640121
47705921
1936869948
431976775
401680400
17062107
577936933
1319202396
82076620
1913892218
702957764260327424
320706097
713026866198814720
1392039763
3613471341
1538637733
3796395328
400258163
1306674768
2312781154
1308988975
1260171894
569971949
434839840
730098624907071488
1609978124
244936627
200061869
1916498976
2951587293
504249100
2809762856
1007282528
751557138
752897299186155520
232330384
4863618933
2540653035
486949275
617201169
607226144
3040734333
319846232
2461919637
388323734
3024843525
499028570
4211706467
594885941
3036233567
1134804595
329591308
802149923873521664
400902983
728693657159794688
1198402074
1858411734
3296752419
1031432587
805721957605998592
53744037
654283
375613212
428436187
1399652916
2754565029
418302288
989315192
493981441
4905761794
222442719
1902963848
1382206622
2949017423
3229822833
719249714592542726
27416132
766709913666150400
722684492
2352954268
143079781
1902969146
2787225059
1735223353
1081233134
2577286702
1544093054
609790313
166365988
840284599
2866498673
751223917352783873
61011257
710864700851032064
111638359
805735920620212224
183346959
1322863322
404670518
2941915384
3298233473
1640766590
1107205176
1907538607
574617630
805751697960267776
3239351711
211129641
47310459
4701923905
791382828500000768
3261842987
538327861
2995577488
425965881
2864302236
254625981
526799237
502178280
936592027
171453953
367647153
4548508636
2945491781
237680524
2377701816
2889874553
941500664
562334258
890891564
433192298
1546218236
199016943
4746068242
2379390857
751102441828020224
1123670707
2865365393
410303607
719987714448355330
39941540
914490302
104772578
707900718208970752
1961251566
731480135505969152
415030933
2828318059
3400573631
430823783
1219944530
1684754797
1159982192
3305696997
164814907
4472744842
46093827
17043013
171976569
600977226
705395206368174084
186372865
154049996
775242420615249924
2737006611
414907807
138772797
318549168
2473782071
101783889
37918167
279975795
47708105
707658874
3588475175
1875359702
465886953
2163518865
704779333307650048
1037244210
2351364017
442337884
154687209
239434137
470180296
117701249
801747385949028354
592710075
787945897623773184
451033799
2154514886
90853079
776138045682806784
1087090213
3631863507
1700202835
739250450541776896
2318283220
1358611800
398036674
931570220
3093271402
1388488790
484648514
456069316
956214918
213616021
2603584007
505019583
475234937
1413220182
2188884396
1869414950
526838409
805746946602336260
2847253456
421827186
802829264
2193253675
1564068662
970153256
329817290
234339579
1319065460
2526179811
804008103222054912
2508091577
96632487
1488338479
401358649
1036845894
25289817
2898075617
227750616
788754158241378305
165532712
424444347
1125456126
104850697
2814172805
2426870045
42914452
873734450
1148831466
88220481
3032704223
2217996483
739819589379469312
425026301
420995289
160700352
93691257
2847895318
1372497578
757163501727154176
542957424
2311558334
1586042605
325423122
1338957062
1072276639
1039549512
3101946463
337377041
908519516
557127139
169610638
282752093
2585035709
547980228
136585599
1117449596
1715498894
2319360938
735221863
366258436
428376870
141288943
522987521
772120295465443328
46635793
214475387
1027010088
753941420801683456
2751862871
2596256804
156900346
401370333
3332411590
2435710940
2656984642
4178855201
2438650607
191737043
435135749
802143377391239168
42191372
997771998
734690276703358976
2382128702
1012939532
225490204
2283943289
405451598
899672546
1480061876
2782046012
135806832
2335845827
45103887
2719499155
779049312265404416
541178236
732668120792436737
424868936
166258411
32455622
750122795913338881
283602058
138405312
805652276098506752
2598772198
391954792
408760297
350210209
257499288
482405981
419285776
125374717
2740139597
3972492568
730777400745791489
966890761
2359426044
3335341414
724891280
85590368
1324250802
266700017
4908131657
540924320
216415724
2342517254
609883387
860205385
2382275202
59742924
2254873560
467659856
4636097626
621220399
324262863
60899235
798770750614179841
3099708933
1017310213
418257066
2328471661
57596665
3344001694
352395973
281760945
998138210
312166162
210906949
419518532
725291215026032640
488768033
4526622501
2185023238
782577416548020225
430995535
793582939246297089
2183150159
2854783919
288649793
2222011724
110190828
434988195
815304163
382351598
421365585
1231193545
816899671
495419596
786605753456926723
553591290
396756630
1154012262
398230105
3037223092
1941112045
2758218200
2339382066
291314569
3019942630
2236656979
98599407
22129679
793170005672198149
558799253
66969520
1102070556
766601799155449857
84603034
737693
803922911694360576
3926659804
45176195
2529344180
469845313
2363532191
431075866
488895138
51906999
249124899
3580033637
411707121
1090178647
2948897212
988772702
782557250728656897
756832872011628544
739473181312978944
1341254522
768522633340223493
730511071136645121
4737338194
740031002
384744166
11170692
2200331127
736441270881640448
1978344314
150433238
2203363914
1115329789
871599601
467600345
413217587
437775911
983013728
957666146
4470002068
536613916
2732213699
465947439
3334148349
716737076956434432
57438567
1473356281
4609789701
1062997310
2622315235
494945213
736361638895456256
2504480725
190742111
314059678
3089288838
103372549
805666594110238720
455777345
589253599
20128307
1471608194
378831710
775421050054139906
1171395356
583373343
3827262383
402995375
2398143679
330356688
77547232
173430456
361960565
487824356
2481675126
742259446764711936
499102941
1277852786
1849326181
784681934047805440
997759596
2263675613
3698870296
2523568577
119742732
418174327
628772007
2975464317
48652450
2356806462
70353394
9113092
853678268
2856598563
877896098
222725904
430857804
3395390663
96325900
4069173009
541704097
732773769824047104
2518713866
2771507320
328075132
3341373333
512445330
761555654943408129
4288995452
115139827
545867898
83094880
2152381152
454191208
3611858271
768783082736455680
703927942192173056
186737365
440129895
518612766
2765608372
2301960876
3408637281
745339531566661632
2476155712
1680349770
2653585010
2171028731
3401227875
126049704
932888491
766596641885478912
483141541
1304437381
245292287
433293009
4459087695
793166155112386560
526327701
4839028402
2921202064
1392155702
460275730
475956693
2709647816
1160507178
854624095
11408322
567159863
99973010
2858721511
2864518829
2178758289
232259622
2978470539
805735154153046016
396218442
416084427
750456836340457472
2216026485
2964821891
418837513
389500881
986714714
496477841
130826021
2375950987
486658660
3294331011
1103402550
2224993088
800016372185124865
155300542
409304097
2891356306
2521671494
192948690
637254997
856904862
805727603751612416
46687012
779224583991857152
1193011836
829790846
252585311
4144725976
1274877708
266855450
475248885
482137874
532154561
735888541079732225
1192260607
985314588
3097727387
1151170046
325564671
728107134714437633
492109253
2277812585
1084152606
487899058
390858404
37239804
1511561010
1006493750
3912089235
326226399
1302464240
1246722414
3937406775
483434707
51166909
970397905
767040529100079104
634886106
871666933
397433071
2334305618
479673475
497949112
211638487
155280616
1084216368
742013658268598273
568078380
410627179
385512892
773997726
410584380
242461878
805316471039623168
709496828
3102670235
386162082
2930058027
469398862
4885373164
104129726
4331454017
1030215193
57617942
131800710
1013151366
2632275819
741338484
33179713
143900324
354747398
501051588
3322548533
2225431370
2741727190
551690279
4908499649
48979869
271541039
2155070496
288718876
1007038868
318882223
4845999597
2317495928
2540070350
2363670784
2351753245
2885121955
488789995
4777915961
272940016
378066853
453961328
57279615
3784148609
434870760
461072651
2218349510
3015642023
166161984
801314293031510017
585606015
3056847964
805753946803421184
265512336
173925687
727144959988649984
797837298406658048
2878097184
394729845
4071013493
6361512
209249028
1893014244
98192394
739484673974370305
826996970
114519662
261291536
978514940
2183769826
398689228
2890548707
508679616
367194372
802145913456259072
41820644
3706658056
1638697916
3397259693
324231882
910084836
305270415
2906264861
463841107
791665194619592704
2396162744
797008582822821888
222170521
437613465
38546006
966419364
2153812941
378053594
229753610
219995423
16509455
3435148533
736753802
3135173073
2941902833
2183847653
576471812
3012881507
529548417
1036652724
396864261
875324551
56181278
435943823
2921447206
906331746
273995451
57428323
798871038
468586800
495225081
2385290202
3197941023
2327373751
805569505049067520
2233598039
357374751
71218300
3432002601
362441023
1528337712
2344799433
524632668
67734927
418506913
49685654
3544569975
189265027
843936690
1374652910
426874964
259949070
745595735966613504
483736929
3313119640
26319569
1001447467
778693643976581120
107554109
2999909987
602802570
757666869499363329
773797430
477639684
3043362960
2506571955
194581478
593744793
787689894
711230323267346433
2337490808
518305107
774267120268050432
721792099952304129
43082547
755440353667387396
407817358
482028780
56706947
26287595
371451913
418683219
53309000
1278202914
405294207
1045756388
1052908075
3750084076
3392159079
3141569843
292307933
2341105102
825529146
4189019849
150158919
765596494380531713
326774832
621761723
770704986816872448
797374091959406592
479469924
611135914
144094119
2882526197
577177928
3599521275
192194084
84447967
738690837027131393
1491291140
443811579
841814256
2715903351
4857980363
498984865
3299152901
606694260
2363684405
425759519
2940585718
35819412
278110663
976369838
125097961
453851050
1485861086
61483416
1895089818
67612595
946620907
736176289372098560
96565372
1238563154
2179896303
5556802
431084648
774750753118384129
491318883
15712835
2893060011
2828057292
995021599
1640547025
990661279
1011166508
439389927
2284748301
993575304
2804502363
771813207853916161
2362702303
396737385
537540867
242399306
128816487
801741532218925056
1316416861
2360644018
827716970
285835110
414388459
738311371255906304
439454528
1658117701
2180462307
2209486779
775715222594154496
765647763442896896
3898463973
1065109687
420447587
1277398291
234011417
597696640
2266329732
518501134
865001173
3139667865
235323455
448732675
1117368404
126958404
3293657688
135550598
318713537
564570396
899952481
2148569547
3332720836
295889222
2182885554
3723326176
244654932
2394635943
1225509780
2397805103
469717295
1063694274
399337255
544433402
1670649835
2845737279
426181894
994097172
247479499
2391598947
96312573
741001556
987220201
34187758
2234253145
1114135652
702128508835860480
1093904449
1709728165
970157504
238659406
4627041215
497899308
337555221
2271553504
2158966523
305806711
707129460051599360
500871116
1121935962
590833841
1334865294
2342009888
717479185900576769
420557096
265403238
1274373458
763378622983970816
2873630517
1372944860
1879889592
3711823575
491088290
732693948506890240
469215508
1015814694
308500552
2310567543
1142080128
2440037826
421273974
10100482
1076629952
1233775843
1346600790
397578064
805735227930869760
3759723689
2958168039
252633455
1117446373
2876085995
1306691233
152035250
3331160387
711672840559464448
3152410919
82093201
713292127179026433
251235949
478565327
385130841
115175546
740902691858178048
793805935609339904
708673285526003712
776366439632605185
24147393
312786569
234825585
2962803267
1410963865
21585856
795187955430264832
1052210108
424154220
105793968
1428381038
391521149
2515144546
1117322250
439362823
72248630
1189981854
701008668
1022577618
394837520
3307165198
596663344
2162429964
2872974977
3290871062
226221652
1332209119
376313089
701859259789799424
428051810
3332293899
1015819494
1074133262
109578008
2364476951
67283912
2417673871
524597055
633601330
63705563
1474865598
3011035791
3245319177
492361204
375517350
96604544
964460408
197742510
169233625
610175536
238520291
63961997
15255207
2979566235
482729413
756950860471660545
796018298328678401
2326879401
2961876645
1095469866
2880451844
2730482441
362432939
927227653
3654961996
616220544
81837035
2389476284
2442517233
2202091984
261134746
50249326
69896457
89651876
505790519
511673388
52063355
721428113373208577
702845775617912832
387043149
415107191
730878351150354432
391514883
1030715161
104270122
796135243
1088806153
1638278257
2981533685
3389132949
118325134
23102070
291063176
799387124
1092887894
414319027
377272505
1870961815
1720033573
45541132
2508778031
4523716517
471949441
16948721
3255753983
2517639023
419739649
1014738026
873830336
908206586
1477704894
555869032
2438714165
3928015222
450948816
400383332
2437403432
2995507655
720335994449457152
2438727459
2865861602
89413278
2770171641
2764299866
991699441
3023266619
2359448190
725751301833936896
460328603
604829592
1224149654
234743222
392056373
245054440
45390666
774133777412923393
164826151
763869506913636352
780480868611723264
805556531831906304
407685967
588426612
4853784417
433609457
3254462871
4439231793
1021541239
253540043
1068963974
16120863
1101446990
524493374
2543774477
713199883
1829960281
717454569
424355891
465870411
881014213
478482504
1163339742
2277937200
1236577764
794035311395373056
429734284
2728402871
1876212612
543249993
57979992
2342630384
623715563
368875390
1662108194
1017851670
910314312
2350390362
3466600696
447426845
506170223
926261881
228027870
2340131659
2418350499
791407162790649856
126000118
409605782
3094969685
419513827
1438658786
2348635034
396841926
63152361
339066423
434743018
68689180
754047942240108544
2795660401
873936596
437441703
2480352662
2843657991
411723377
1042685804
513497583
74463498
703708224168599552
1444752530
1177010244
4048644567
2261595209
516432515
215374702
2261638041
771016542553268224
732561151
746305585642110978
125321939
1000183705
131591161
828812155
351514115
2482817466
625000187
2198251743
53053554
705449054248034304
98135433
178659273
2360064074
1229391188
4160203479
58033969
376922463
1635677815
2779103913
602216944
3184426408
1532086514
590918576
572656052
985140906
3906213625
75538541
776152342425198596
296721949
476656924
88725905
3299061533
782264242007339009
440691898
708270672817082369
619105578
230740381
2938546498
228128594
444118187
3438905411
481512949
191993933
754658882551738368
232534560
1673019140
1662331873
352304935
2919375467
269842154
269030798
591076649
4734101189
393342562
1070320532
367308374
1635228769
752127985155801088
728807104790794240
180317088
2852316766
746057083456528384
181949906
705379890279923712
279198457
3377768080
418758587
2357580293
2155593669
789446990996369408
292417838
2236769841
132880191
1227873192
423732690
231773982
504617043
1069605998
1210092522
2297330555
1061111934
2199804117
962311958
502039896
3710766262
785598969007239170
382590107
2302794340
744458832311631872
1346574637
1934261960
774047754834313216
66337575
97189414
157375033
233999812
945407058
2813101535
714415509790400512
3311837223
880920558
1202152525
3720860206
811076442
1206011900
245989170
3228521201
2816606222
906647966
455632539
493949099
1035855230
3131012013
3096894040
1063725991
325127006
2427311741
269317606
573579130
538462625
209511945
81646967
804810861986664448
575833305
432603093
1060550197
318331245
474657743
581617316
211603206
65311995
2426793043
500627900
435973196
213771291
2808761
3055103145
20373953
220737700
408738224
1114098782
1562752760
353678923
539942362
191933406
85136516
569363142
768885735290183680
765965375792148480
2412371535
429279647
943563758
3321594688
473842449
418048339
775379869215625217
131486385
387128059
1367365670
329937650
375651212
2149606038
1946899837
778710651447353344
4243748615
2862381616
4866958593
2212177779
3025920266
610968391
3467610743
781821141858091008
1521455803
419743304
1034417863
199372783
402200260
800776975140851713
359886824
301516514
1640288251
3432756729
350226442
3312303309
787941432267051008
371749840
2323955682
718409653940568064
3833101347
478505615
434071914
790997282317537281
506364886
3457594222
790650964004970496
1042950181
513144334
4092809355
519270696
2887237090
3069933261
796334964342194178
514259413
3381526636
458202024
315803133
3239461619
2891883520
3131316279
1038231816
3458047347
825402350
397593095
760795645871583232
1034360414
4853093967
2497067365
805394558171353088
1222227577
517635978
788908260
2984621433
572056299
754957121201004544
952076750
861246444
1318788918
449731729
1049129030
711972196646670336
1642443505
1161230660
361395779
1006159098
782820304854933504
2767422555
3405634973
521337019
391972415
2359317084
2875841338
1747158031
3025321877
422468997
82319300
1601235282
1254440240
847121852
229668798
1008958405
1972832178
1192442587
45808968
805731065096794112
3017823748
120846773
2323802093
781749446908477440
1941482832
330532430
534891036
1492509740
3749465776
900598639
5440232
786541347750588419
1127665760
3346602526
4705505042
852687006
765904821262151681
1598750419
4714030515
599343100
38151491
147543162
3201479849
144176515
2951408861
1259430840
245969509
2965000805
944519454
114459330
2752833515
1596726240
3208883674
470364842
804031502229110794
723777820309217280
585014645
2416109272
3694054096
288321616
2588051975
1406267430
105261167
258755575
384948399
854600858
896111983
2970333513
747062107636637697
1498271646
518934318
3115905790
784113358089912320
805755593944338432
783059860007026688
784793062631432193
830931973
182322970
3653031257
763371659793461249
753570089094504448
1076119734
96220057
251094642
454676270
503176063
361280438
407789173
272382855
251663248
324951114
28398786
56674519
37769570
1259041459
784650488432234497
2360749273
761203827806789632
1042150843
2193933849
1327701390
797787538844958720
1278510602
13573252
1262138317
843528308
2355147860
2807459157
513185725
1566329647
495899677
2865838734
712713408806842368
1609889239
4182142288
4172823213
843380563
421422819
2479620311
2332207968
794187962825244672
709371767
1354142214
821719770
2358469433
141875715
1614516199
720438957
52694024
1219977643
19980374
2513098776
1270733430
1213113511
1001956213
398291306
583920508
1375557822
418786570
2410504626
2970117851
420668866
481929883
276547520
892954382
573691144
1048408939
2948677775
1283446118
191516737
453139074
141301980
254969508
2517301839
103265981
267438204
2282008813
237055198
2924963891
135547288
448070647
110654085
4143037823
381032878
3309946937
3309749434
784520952474439684
4702970784
319166186
339598443
2294674471
417101186
2271436581
70602731
736176575213916160
3166400685
709389043
169054597
980858180
258322414
2487298258
2658993140
745014260087070720
486517856
1622965465
3043115600
187521367
1568726336
801365070953545728
410981874
399627582
2341209893
2971614939
1069116288
476121836
1179711277
2410447644
512547601
515351678
4923721005
1561385658
514712257
26781477
2962245928
1351561135
2361360169
604844463
442950090
324299037
337838077
392169271
2575891271
1096323168
414373079
2749231737
204814083
373413749
733613508663906304
413247485
1717274785
271819395
2414070806
1158164456
263275512
277460126
215355651
420561214
2865546393
50583397
1282843482
804070745366298624
231766882
28820399
1430099131
735922157151256576
1716594409
25541934
2181742851
2375221309
4133217027
1621071816
14270142
1117095943
1882934695
300148270
3342727865
307233953
854678546
1254165626
146035482
2712663316
802553881523785729
2957157748
71425768
3402412755
118053242
707184555887861760
1361815838
805580926868717569
398854831
51458099
2592758547
1443750158
978271016
4105911004
96348665
4909214488
3245933643
485762114
157060172
2554846117
794455102325145600
422572352
760569912154873856
921996565
204924428
754248131299139584
2804052821
2526938820
268744692
2514993334
731014922784673792
761971314781487105
183686681
3048860115
775214464476078080
2939248977
802858978988457984
1179464636
426143060
1128723278
554634650
1439319032
1109101213
744731250
1174500937
581792033
1080423679
2900503457
754275355100413952
620351637
337185218
51271311
585968039
1152213248
2385799301
805723413465759745
231110601
173992633
418218972
2340110677
479824519
186182336
4688664552
925596565
586375300
3404575379
946249914
316768141
431929631
418541142
1880747821
90849691
2700598373
3291056647
1292021606
3993025336
486558341
2873941104
110454337
984608412
225105585
716326404707713024
2274864163
389348747
247505099
420327718
2879750159
1023807246
433538171
180375721
486933064
1675230540
265557908
1952055770
2379982425
2365951239
15155803
1638762523
2567793440
724303327077502976
3042283259
1394750035
4178618813
1941265778
2496237324
1896618822
278907226
492723072
2388851034
2527780688
339805718
4814255548
2210419316
50625691
380275805
363795552
782907556159221760
362168367
436128176
3317584444
1313814055
412894524
82840318
1161058597
724223563687972865
2751847457
2942625706
144693448
136006220
1112487614
1477808606
4540563736
799568243186921472
2875009713
482009734
2881376289
22900344
368533605
2371652432
448842961
740973386499825664
568377117
397931865
102430912
2921663680
847325940
895286318
796677773909696513
1304446423
101445331
469436424
151482583
2753451123
288127206
805727869318156289
417111368
1368152558
11198782
954210997
3435663177
2356372447
2365538973
2452102818
135640839
487711174
1084193910
3012027837
3335486015
207070244
537329013
2789455796
417962415
1296801535
173081447
2341083257
1304968112
2716690211
144238477
2359496138
68410341
8505512
2169145898
147310639
405850646
735062260847136769
1433806334
3040728327
340852625
2981114476
282516991
1114527932
458324440
552781573
1145972966
424241865
1889822017
122702609
432969670
915969295
721338196639014912
2397594482
545384133
273051700
40985455
486663050
776702932523839489
551214413
390236998
108528750
2355945550
1047184218
504799287
1004781943
836055234
514714806
724646644155879429
159488235
1142959554
863028571
2463100707
421406745
968097420
1105944535
2394145762
941761956
360821290
176921640
37907656
1160083722
257898123
2437846648
621848107
725557127872417792
489722273
1319035447
851471263
750670310
4342029017
334057477
418111334
566544109
224226820
2343331660
313331114
539612779
1320668719
543558776
2150559813
2836635263
3213490474
1443322674
1007254188
2296153657
754694678314901504
127900308
1347013046
796267516603596801
2163076862
3081348035
782558833835147265
1028060143
562316355
2351775654
1492135807
134484879
476798268
2303222014
3038103838
3145614550
411841520
1658559944
386450799
44839560
2431985092
1618316666
2361027657
337767301
514237368
451460002
3697136734
73390007
2292753403
1359525138
3005896461
1334463464
4456945779
85258045
474002963
2640207038
443484477
1011030590
418918882
45224390
593729812
744871559098146816
383800270
2765885890
2845573541
732049842
4890128368
2278995820
2322947462
633075838
755320994131247104
42910444
2375661338
418361902
3119915485
426515004
554694393
1605524742
721148434
4851423724
780095104132509696
411699016
9381672
785773375385923584
540269865
181469929
1413547340
2780443681
712668381
417800630
305694390
801755876155650048
4259469448
361898272
723203630917136384
2491534261
1357667514
454088602
951586740
1320078122
1165383674
955966339
2149778921
838693075
396898731
109545003
2966503372
737756994854125568
3385105642
84300444
426958299
1336563324
612864336
93192980
13727692
1477768746
868010378
133661112
714896919349346304
88014506
1131205976
805040856
717452216840429569
1853780203
3068312621
167566334
283468448
2465017751
724627244879065088
186399539
434387464
1901331644
418762739
2986509245
260230310
2319131287
323780096
475829005
3256264534
2527434074
1925699017
490790247
2986297931
594602584
426188717
498775804
253761439
340847319
980910583
2249959502
561580743
564628722
2880372066
721195374812250112
431076305
1280441702
558722038
798610056119980032
2804469977
365770684
421146026
2937209879
495011205
2195525920
745033396850692097
440129638
99925189
161450764
859582356
238183373
718543214567940096
529431381
3437042872
2575440461
481109998
341976519
316986519
557229572
455871602
3172928945
288339892
3015335643
716911634871160832
487012569
4839750759
148911684
327799914
499085030
565334533
3684132136
25368436
2951362894
2312319749
487722575
3930314836
586498147
899865349
2940410703
563075522
2302065724
55020430
1251605058
526826556
492732698
538359759
17648551
2352132366
116842247
719076530756972544
2704713284
1368955957
722460614858260480
489300997
1976450136
282545544
1410209468
417227921
1269486295
714148965
379834490
799754734315782144
1028662526
3148025625
1889372137
372941306
65494640
982628515
129505560
800699105118810112
219708508
2956918469
1563555048
14460250
3025781515
29968376
4229765175
409944497
1390233025
326786526
2829662494
545918446
361341817
790626445278212096
4857911091
2644491873
757257628263276544
413025596
786809592
438611465
3741473963
371710017
355523123
38152030
802563405257252868
1190127296
2223407550
381369966
821208756
954174110
704330777190907905
2817083455
2310543444
1402619654
2942209786
193829578
485044249
261421785
744828787137839104
191491710
836271002
475725415
114396061
1493589848
2765618325
1579555884
2173149525
774029536690307073
842063576
3243937305
301676560
1277793402
540757316
777789093640040448
1035554172
1261453891
3972317955
1443706704
3331228221
2688913330
750042521707880448
327342009
3290361172
2366082457
2751139073
1362033247
720207369645502464
205245319
87037377
802662799734427648
1029077407
1540881331
1411023120
525465568
778717606085734404
805750811557064705
1274737250
2285405345
2968750552
1065306211
202698449
476310083
121424128
1058355732
613696917
2436608759
2659400945
4121288038
508900391
527626151
733383127381487617
579832920
712948986223730689
2261320772
608125539
446974952
1843782967
972589147
1070375503
1329384000
462768170
392588429
524745118
1316667145
588409877
56405358
749369737080176640
616142012
1329957211
3385890497
1055140058
715597025404968960
1500644454
2331861340
3334602243
125075993
579158086
2508295280
317661217
2218697421
215278944
4495833857
4861532578
197056224
3458373497
825649532
134084746
366233317
1106333755
2157546163
465703306
1880399689
3230927109
1056094116
939204590
1218705558
2797730621
1033426050
407921274
885207620
774496423668752385
803737951683416064
585999327
431168185
159845118
318601197
736529876656771073
111799776
99117306
462739617
1703205367
1388884027
3041408584
320253490
574017966
2416229854
3404100412
3119071163
217432906
1166877775
770672957614161921
435844281
3290602895
127435541
1927387476
2583026273
733330743800258560
2184969053
575620232
2354657648
2650582614
1226086274
409070151
387198659
4155844545
2164608279
783307585206222848
1734254454
1860286387
755028067517693953
332678373
194153835
397012996
2959917485
2800476646
1472353806
2289750857
1128044090
4280485636
410764821
726150285870157824
4885205133
294736362
614389828
768575901516828672
1286897317
2982994527
1525243567
2172522723
48967204
1155222637
205276406
2178160872
593237139
1420089103
1919282989
728897876072534016
428897370
284501529
403051086
1068137514
2872236741
1539421987
2768367785
1360099448
4129699222
805751783352127488
4806536835
372264289
203175327
97962621
804037361407578116
494400208
798852146
3026614547
1169245177
453405593
1288696170
2812859778
986382066
427266614
3422769471
706937509121564672
439907099
4196215025
254508514
433473950
987329048
2479999514
1275927386
2847888735
2763527634
3545434095
184348439
567382670
425153508
476137295
22601789
3673617375
2318930618
486456375
745025263679963137
851456364
389473754
4881267029
16367196
4190295975
495623215
3889028069
420437976
2841012808
2445537022
798129911240261632
439386203
951365918
2217674274
82389388
480408730
3297779873
501526399
1624749512
1283710128
1037583168
468410833
3586257136
420618787
3028675941
488990940
802859221507276800
339671632
2482482240
2327312221
989322810
786865600115204096
401975985
416351352
3387294747
45348536
1047517555
1222986782
953265385
2312321276
406226381
2728937680
459446024
2950650945
4095964695
792428742371082240
192848202
447352763
999283472
1042862978
2901882595
342569184
219406236
85117452
29190332
128264270
450555112
787391210377928704
2498148194
3881260575
491969040
805744495836983296
1333876170
449736439
3298930011
2239697994
2995908064
735788453737041921
730485660570812417
522542520
2281936099
603105108
803695642778464257
4544396435
1116398478
457460781
146000057
1117576526
405659403
2365807541
1231417717
70124737
3318421203
804368763781021696
592520341
1220896010
1063071738
3309694673
740748164
192244668
385890505
762023020047298560
3378635435
379241145
476874456
1510942236
2378868702
480216833
2994896470
474303874
1545029150
735937390896918530
303022623
2202172361
3221685154
777855788882812928
751388046306766848
4446307913
1454614525
133692338
4133259777
322677169
3298985147
204308886
724729770236321797
2275249630
766644219930873860
731465648
10438412
431904458
2228521903
2346832778
533215636
2425442529
805717237147533312
985118000
805733258461855745
28434730
1349260404
4845403365
3310852186
633147468
805711764868440064
92973348
492072949
777537583630909440
2409152520
209583572
4023749218
2494379611
922711819
805743265454706688
8820222
2372056838
19515882
2516807525
1184216431
1031180762
421753222
400958605
89178334
805668789744504836
192939414
425718839
3357308483
3051394269
2277583123
389131517
985284978
1882839440
1079226488
2944834883
803188604491231241
3302920433
2589868045
2560586103
555357391
1098034316
54226483
1275673248
759968227782983680
730962018
701762343827537920
499023510
2373624002
4134176566
805748126921478145
4130639901
47368925
968871944
2364035605
378620418
444094538
2968709417
532495679
3372528161
587771041
789786960470614017
2322849823
751755712796196864
552924569
2635714649
479746244
358143005
1235132010
389395835
995703769
4361634977
1009626624
332776295
489291238
705489178
1299375126
736732339
596594145
484881943
2466414818
295654900
437375527
2385727578
50275861
3081581745
1209547698
2870408529
55049219
456674882
1117323301
418638857
3313166170
2280764604
787437065935917057
479726681
448872666
4193761697
1354437403
332726868
262100774
307904463
1166637379
761516705445183488
2717902222
421839918
2189430449
421098765
482200058
298532531
2719748591
120496158
2863196725
2193133820
292487530
712430129763512325
1338629958
618985031
3322478014
2615320561
1427933670
580095282
750419127655858176
3695223196
19287037
866601420
3296744735
38878380
3255450621
953654809
61741831
910042465
2482305961
462843097
418785308
211284738
2948667406
2330553377
1006685844
1349273773
1208620304
196229406
805726563853631488
797136508293627904
3360251476
36493382
104135821
44611280
430169858
805121880583766017
1063345483
2957360231
753489562996006912
224594895
476148819
534655010
2203429105
781798958440079360
4026982535
564566016
13294452
75881487
4056150009
545978235
1041804853
391450948
399346572
1055333070
472322457
908126539
722794470
784280066
2876249524
3006390701
60836149
412424802
418531608
14494317
227606641
557803659
318488169
3006534209
4849677359
2967752795
2848567701
487914485
4112673143
1041823142
1062995012
490274780
1385085271
753855753119817732
897918854
291616519
3091346249
3023835220
2247433494
2180521397
736299738241306624
22644741
2875667218
4914230231
53342962
2334034163
407146029
2748801657
1489971883
970770866
406347157
970731259
396014736
760930917204590592
802814151164825601
1270647104
2817271640
222224368
3439750456
432897673
2558894673
51198800
4786866136
955821968
1830717614
471846501
47373547
3164390831
1057840633
363571731
33211808
3065762195
432749753
3410824053
1121521046
478876014
805591675
768099622338322432
747136768579936257
725949864
2725233833
497299724
494442505
390906063
1379519166
105165506
362992930
40225596
321264725
489421781
1873172964
398946027
1125816168
1545110719
1171065324
2411079502
296371084
2494551224
224699717
13159862
2171004471
489551817
58636171
737963630218649600
2425643790
353640576
805736904423567360
4105925825
570833587
2306454341
602368173
427739699
1203781273
744532594067390465
1412316816
277716896
445476842
3332448431
4135872808
2991945461
761278850286424064
733317428
216043741
493318360
26982622
2942618019
4409676869
964635296
2199633606
585588201
1690507970
1446761334
1082473454
2942381427
772030120097935360
2499061952
562282172
757957623882940416
2837229892
491225607
2320321929
4227664641
250624869
2929270474
50590345
433435963
431401642
1226056380
191963491
415387207
3025669096
401271865
720592519
1236592296
1245578418
2220186288
833158471
699650300089671680
2494181366
331572952
4877535244
4735246341
75707250
2354818038
694638444807610368
1079592241
2875453408
370895961
418163121
707772913
2352059977
1008884305
111063679
436107066
3094278383
704615029572825088
452226860
1274855814
951593118
99985577
790178821601431552
460085361
146033408
3078214365
3000713540
54909945
1664716250
2860212599
805744563390447617
578906912
1011559662
1162367792
509098508
280401262
729775229598351361
200657994
244550766
840555816
791657369021378561
3986971581
756309170136031232
386983041
861212444
515635680
4528167203
2558496329
2334501166
4089064751
4098447160
40708908
572469988
470560279
398913989
749248856
374168159
3015242813
2377048561
767596251311407104
2348648967
722919613
1082984088
3338622107
2796322312
1490883734
4909482065
3295039204
628828448
334346965
3222349996
596487636
3022844337
3178037561
325165914
2754433686
756921009882759168
703338796826365952
532733052
723967167486668801
2613980914
433664513
3291727493
569492527
1333750741
2336391177
852781370
380346533
464792665
4404458955
505705375
581959625
140040761
400076822
805749735256690688
2153653584
2498813462
118401565
2788765798
1937236256
4927926358
567248619
781796362631413760
306923201
3173819499
1701836234
2332729915
435791610
490712400
4266162190
2767302037
991671421
722191243
3237012287
2165464137
804268897323122688
3258090545
531821962
512433054
2496397927
585941279
2336290420
1042134122
3028964029
79154476
621972312
804324498602426369
788124079794577408
923947808
998866694
2348566523
1223037354
377997682
823416241
2357226215
104504815
533305986
496591832
477654724
1201360502
3758739195
4497910049
2979093669
64139825
4143440429
3343031632
1124411316
799352721254051844
3079210283
2985859289
3324827889
385370606
423424908
2314342300
611783055
3350354537
700412768730619905
1235060898
2242450460
498345515
46224994
3879766835
975016903
973456609
87467449
984555210
73587691
2512944834
2380747454
2244460336
77863297
2303218766
2763305468
540895773
791638537913368576
1654874078
475827565
310864756
2613517915
707661423850229761
786481498660626432
387063209
1851677838
2598012474
718402632126197760
337168538
226155486
53137137
1920377047
307278565
780690044730220544
2882472476
720638502514376704
881165648
2348724417
4147056975
312161747
2786595941
821879334
107737376
4902200932
216130626
2267288613
784105196070854657
3047716579
778647667039690752
248734017
1140566335
2289550287
3322620622
776009506035736577
943976030
3395014151
3368018859
1065111427
423564363
123018601
3075307013
572654418
521564908
2148135826
411011613
195374632
40205144
337649843
321463844
1382197603
801423589484412928
323918999
2899666713
754738926083010560
4030354881
949421256
1876077948
1958640014
2390176060
493833883
476257511
407635325
396564186
464615450
415088731
740277257424523264
2509117751
843757543
702178529
798206763661193216
3919826775
2305551600
269449767
19306779
779074322405220353
2870870995
701050184856424448
637053615
270951173
1949018238
3124013698
227507782
391246325
3318774389
1626983246
1092670394
724321908
777383174125019136
718137526783967233
429009401
2385940537
418674654
610814425
475710449
3305477253
407134990
1570341018
488356774
2961260590
389007173
905847060
213079324
134419764
805757298324946945
878586168
2664821018
1189817647
1160400798
2374899158
141529750
400663633
703607966
4315954457
398290240
377660882
807581581
1033243188
95088046
2983119910
1348851210
595497169
3150260316
588247720
631458447
772078614087102464
397233824
2866061393
551979725
130181213
2631509993
39966411
81467672
4784384717
170962625
2831366043
507586722
1077656766
478976238
2902705120
4824739947
269194001
476028957
1885687531
149097320
458877688
1384661526
436657216
444053735
3381325839
608063632
3300593109
3256271740
407891527
460226131
1517691259
807361466
596405762
2252400478
467353699
196527314
1108486045
529402617
788680693559783424
508645944
206831627
2577145604
3091707250
319061161
148032190
2889852755
710589026840002561
602574015
14897043
2342272249
412425317
783020674952626176
419046277
891456458
405040481
1002420390
13200642
4873807691
463009167
1328476232
188043254
1063947145
763844678005432320
271879647
1374582042
361097511
2475022843
392046617
70691549
626402118
278273822
45116767
367685828
948427543
501059024
3198039994
96580657
376435133
474023066
182777606
1900353330
2987000517
263139292
4812489255
1014870637
2369010655
83920877
343458847
174975279
260681740
2312996169
2609283590
420194671
832767270
2626156881
268910347
3182253213
1710567074
775245163346165760
1377487302
805728238588821504
1310353159
394269429
4309625183
390394542
475708986
791345703679324160
586387991
1394460469
4010518281
2836587826
2742709167
463347621
172444822
2745157399
704976168525668352
401753108
525063058
452272820
576135107
535447658
1260351403
450113271
2524595418
1048545206
504558008
189796399
972520579
1679375545
2879542605
2953019709
2933685736
199717852
906275624
3236461487
2739356051
3182694317
14942247
1553447190
50583177
2995773975
714226829071151104
1346566790
2163623162
703215154897485826
403430248
2574560504
1039838694
235056475
752010888
413916151
3912008141
259331979
2446549197
424084271
727092780942643204
500802902
128859858
318524279
1252167206
553374200
790813412683083776
255939314
594364753
732993640365182976
3291626026
779641199040798721
2431061097
2228667795
332092446
1071845365
3382770388
2182107570
1397510738
635972473
382029804
2907520191
2348792540
826737752
76616277
719504576446132224
1092084720
860221824
1012046600
753519234710376449
2514624711
421427868
2168052871
2342856875
453835296
2882893959
281477534
443832737
400687617
118032176
2784216706
3365915002
204456385
500110521
1228748084
1091717713
3126359453
1123148515
1558587134
1491434504
365075309
2424685421
407685623
170341848
2850238844
423416522
288463572
2408108734
1910996822
797138085725278209
4196352201
57249412
741592495155478528
2249430114
2225307018
301460166
2217238576
3355372709
50040128
64665115
260739559
557827565
717894055405961216
465390684
64041947
1339993381
50318057
2425305955
4832426261
2530551944
224246660
2779494825
4783509329
272028995
3633459021
51752772
528584272
135427585
153386577
61140194
275455208
2426934927
1007205026
448317601
585934053
2353760868
2833897042
2451869940
1247071002
554550990
765296385700880384
444537543
466678175
4030584351
624454857
972598303
2871036920
1385223960
2811089575
2952740961
2586355176
216684324
803299268136173574
492419579
89212874
3169603576
2244108384
434125578
2394211062
878470657
249254321
796980229768093696
1338227281
2730162724
746361392974929920
26471908
2560248859
794174439072133120
252525256
2447002185
418221631
17565436
2317777141
805387375270576128
1688883962
573872757
742371740832137216
2189190782
495020368
3319305760
2558754280
3044947366
3816198827
2170606681
458347992
223095671
443051637
2328275387
1314735973
109638595
6827962
3165299303
1047455850
2689631780
139188966
807579925
1299200132
3238930005
249390043
2480246000
971945852
1218998124
4197183543
105754068
3102288245
3349890172
53065894
1025143716
2245698050
2358632181
1080507391
606332054
747327834494898176
254584528
402997564
1281022508
2940897785
418762910
520826737
746053497750228993
493588642
744659342738210816
2361220234
300386004
2313969829
214595764
82065633
266066911
121106879
427418997
801522283923865605
852421039
444225252
1059127664
4195440875
479289781
1056227316
404650482
758304360543707137
504354294
1731860900
416439103
234555458
723843735482720256
1074704401
3631947141
321914716
599651301
1444738142
915635018
1254398576
375505860
207233000
254952656
1420722031
2778061603
440152678
252192394
343370530
424153335
87397977
736469367379087360
425310939
1447157665
1934968448
2921948057
805710328625590272
2320478792
1362473617
758178577909153796
2800104787
549152961
1377305138
782726
147371974
796309484381569024
1644456139
1311177253
3069843927
734015798348484608
3318877703
258131405
391400585
761729339201318913
1018174934
487914598
697799370297774080
4830513129
383531511
2746506610
215102085
485521993
737964567737864192
2373907857
1558839894
412374390
1639689480
1140861840
698805851751108609
439953661
15980018
3601606947
1275988495
1449199578
464781062
183751573
3984178583
4872175240
446903999
715870473486209024
421316277
321375506
2749566881
334068764
3303076979
420852268
99736212
993110552
796677260795400193
705700063113322496
2450265194
317975293
590080393
2971620695
2421052026
1611267908
970936674
2780637435
2557453016
2363390223
427789815
101400639
2735797127
70951142
385463823
814652233
489312732
804778322857250817
259727818
254136151
792731002900709376
27212050
703548928
855180290
1066481407
772498157636820993
195149491
587492925
1277296867
803714518182481924
53139843
790372009
1345951099
2289380756
111299323
1434063462
1150562089
2798863589
2984836264
453959464
782987100127985665
734725512950603776
3370523565
253548405
707252292408512512
1086406746
358162325
55015628
365394974
211090466
2832335447
1018268425
714382420
411490873
504235049
930194618
2614724955
796311583077044225
757297568196026373
2939273031
752853790508867584
2809989688
1364214068
565199427
780318269995638784
1153892731
411820876
354780315
389519868
258382452
304329439
288204711
1405789050
1454502163
1227191976
1106018335
4415743515
2728828858
2960217431
299897209
3589544177
966699302
254121905
1438147610
2429092036
2152572284
61081513
57367213
776016576
2788003186
472130584
2341872502
1447489770
354322711
2854387281
764003692123074560
791324802
15178183
3906835099
478485142
792709410955067393
4256026096
2526747198
702886645012496385
1036983026
2361309233
931377188
565354789
700592900544053248
4814307257
796394276020244480
248289373
593817814
1901726623
407666309
2261701074
1222708867
706768881625513984
4133790683
434242329
3050030399
2871244143
2951279819
607598585
314440375
2271999013
789015390332526593
111728066
465960856
736299731152961536
2410604455
714096155152486400
724966904515969024
1130420497
2574452613
432556551
597787450
2737846557
841547198
527477202
741972779499720704
2841113596
1238881056
188521082
478647183
803590719432695808
292186046
557871804
727113805457690624
537439213
1220072246
4702133172
2784187913
2494115132
236794333
3167053779
4449306863
1150683211
1101963793
751978328
425254477
278425671
497763567
456926972
550084298
467232496
802176344515866624
1450171
770163040172015616
3171167135
593752035
177515277
856177945
754316808396701696
435575179
1251322195
84130259
541112195
2744750367
4898428150
1005739862
2493829429
58503950
2719001525
1966564285
2203727552
78971533
984744980
714193116899704832
510867895
1006597970
2182257900
84874030
395216654
3760514895
428920899
1479188036
3086806317
378635250
529442686
43503218
315428267
2504584925
2713840689
481295090
46372795
233522934
409256468
419916083
1011705998
232364004
3430185532
22901191
137120635
758064531113410560
805086967742525440
186115457
617101203
555309932
443777565
77207264
4896425123
1362144619
232296285
1966481568
115048272
2279399816
612374141
3008526447
410748684
2843581449
1316630180
2356072980
220613412
2350089883
1920965048
2201949219
159463958
489368395
387355132
258412697
557943026
308582871
435173619
708969277
885661050
3297423564
4199852639
472296413
800544867864559616
4848941248
318940180
854310253
400983889
588460132
1238542698
18935802
258862717
265679140
392008215
459460560
737918135584620545
480390700
1412500075
19408759
519619381
568298608
132500352
3248474141
426716463
1204999254
3417233499
174259796
1930118646
58300699
1620517057
2304164031
3445916417
2361168001
773956774932127744
497277430
3026533353
1089615589
1201274174
461049017
447990031
421110631
800327294
3533791877
2482345727
30817675
3179765383
361231307
779673493847801856
3001898993
2824658243
501908889
2983707267
805728728554864640
2224787402
3019768474
3347934334
453379084
415930351
801747294131515392
500297242
2584004759
449819882
2225039966
561041001
4889102937
2197114439
294104117
2546560394
1225691011
1371655940
232908749
384502543
232972471
6567492
209786311
3221128415
2596224055
3003451715
2149548671
1911152329
120496313
1327684639
1036719990
788768928751349760
409518536
968459856
2920005634
4284959421
2220903223
125345892
50588947
4922341
2970206104
861572696
600280322
2993021697
55793308
899978641
586415579
492646534
270070566
237608753
199264427
1928092940
898298473
434832938
242071863
3000601366
55549791
445626690
1435196936
17836555
1004239573
3023554648
832912356
759717599328411648
52364658
4549627264
1102371788
772483831664443393
481536243
325433879
392733410
1857838688
805409336373690368
719508871891578880
4893362397
400040189
2820331583
173802440
749486426543288320
311085868
478929871
999773377
45095424
785481697462718465
1598253523
545522033
1066796996
2408921980
108262067
2999484970
2725517289
1355209729
271445727
1063034107
987504266
431649074
244053999
222769177
794186187237969920
197493276
451477494
2845253806
1120206308
428095023
3082124753
2265398249
353750900
412094285
1952706475
751148634398490624
461169685
2966187939
1461615506
2879187077
2420911521
10703162
343921514
261542509
1037152033
720266765650014208
580692065
2278888628
486478353
3298972078
605749807
713852625867960320
2336962634
1882975495
551374959
3782747716
420351046
502110406
431518604
4244881703
2436261898
569680694
239428854
455076329
245437223
847114458
719959127846449154
1145911274
3047862489
3279978827
60409480
408512882
1222000628
415563447
454209425
3365786625
457391512
216771953
2316274661
278210313
402670015
90766526
55403428
3295906144
261233190
738311035
2332028285
271702209
977177101
2479879152
1549289318
3059382495
280738990
2294245283
337722268
60883194
447076020
726031112632471552
785916344575328258
3044594085
434280541
508580854
1729106083
800508684254126080
3168904809
785763689345363968
774249195456831488
234720176
332885533
1002335324
2465000210
510549536
787620843320905728
269889614
601660948
820524282
60281313
868049126
2839679883
356192231
273051883
3730828101
244058845
728525487656587264
300370503
858795774
337155946
472813329
3437538514
2290224324
2780354471
353811477
1100350039
805089435738054657
479432242
430565411
747575245
405682451
2960376742
841665998
771434547762368512
529759031
84650559
3095107277
2163227033
291985468
2436755911
3356708404
947879034
2582275394
2190187865
470554249
251309387
4481154521
396826432
69323186
870670987
478561355
47803723
12490782
381174004
4502240597
3688803513
486928819
2667549227
1030992019
4264298260
2588246800
411332075
3852711633
2247712893
754232386259476481
246453725
255752744
741751231476072448
53200070
1040328571
519867330
153132339
392117332
1036849046
2478972273
31255401
1346461884
3271819566
515136007
276497372
3291933754
4832053377
41939008
2394377735
616293914
4178858601
2616680851
3862086448
1220930162
2361394675
292858102
868692835
1875161478
1572693642
495201413
516395917
84141700
2979813760
520851710
181712865
703510405809872896
1037526320
3431969470
963938472
4892218558
171923524
1666859648
2166075646
178618972
25676606
273316238
701059824520396800
1602804482
596775918
587422277
238623067
298123237
391896780
805736549677727745
2386218969
318414872
2890594157
2754731478
2282469222
1368793633
1174708682
1392552084
1605328957
100298925
719855009928716288
96370832
1209210108
285477625
2987972555
2397319407
4044305427
311694861
204235294
2188314006
63769123
4248340461
