132164537
3040149019
3182081069
728040729088561152
266189786
1055367092
2511415512
2597512767
2384935087
288764479
381735568
757989565600858112
700397967262556162
463824751
3252122602
711620477
194972957
703708224168599552
255700472
1251382370
2594602871
951799134
116050560
763983425569034240
486032628
1540142966
43000741
452858854
2237096859
430992730
2403102446
272317881
3248553891
549269702
1953930264
985140906
972423649
296721949
706017040272859136
301580701
2984502441
470289460
4824031401
3356485570
554958008
223881169
1223079336
482862951
591076649
868298592
1352301782
2380646586
1174274426
728807104790794240
2462444372
1307016348
589997252
283636579
3157875893
229089974
3433378229
292417838
71965204
400207220
788472799803367428
497021694
452010658
2787877105
700124342
463591267
787716989578084352
502039896
771387619360043008
931280858
133697656
754806966241923072
2946803811
447231795
1913370296
1256727248
3400696882
2425543798
133461180
1583259805
777222642961092609
2504129001
222311955
413354451
3217393599
967124340
2720826652
1039048494
406841197
74408620
862766647
439357588
1386423176
779211695239655424
287153306
856918904
439833080
407150343
306123184
781366033231802368
2840111003
936533587
3334382897
2763290893
3426670696
4069821075
919502593
2616804263
246976552
590037686
1128223242
932875058
733743405751271424
3028867078
1114098782
3310355760
738092501853216768
85136516
3317075583
3325113766
517986135
2182009663
2344846407
1474220623
1704844459
1037989813
64275595
3435456700
4186758514
97925608
277902589
1078171560
520477456
767772101503836161
3312303309
186221116
1051114320
371749840
757879535375360000
484127871
1426157994
513144334
522438840
386474826
200027753
605614784
716735185409155076
3214544331
2333203880
230319200
427673107
1623140270
3458047347
967839474
4706693655
2272893092
305386550
403273945
430200691
3004158627
614362165
1043099688
129456641
1053176233
2356846439
3387206505
201314106
2345481387
1009529635
745260991064195072
343239720
582622919
1444286834
997977180
3401876698
20940320
1178526410
1528603020
1852173686
3491171117
3310593215
4705505042
1863767611
3303841109
2225824175
147543162
2281381593
520377638
3909032295
766015385065910274
2497838698
3290984981
169112670
863339647
2200551363
944519454
418772810
1212147877
765670693
2427072883
1331086867
444468390
3430176939
17880873
1406267430
514552306
2377444536
2889628751
1498271646
83386342
2196264912
82145527
3115905790
116178332
1852433868
2243105962
466594672
772074670208221184
3239016405
1421381328
2850135335
2180128512
2589503250
4038647320
568860199
400363156
2333745212
194725649
2420367649
520404945
761203827806789632
420575419
1262138317
404988328
370223450
3148108978
712713408806842368
2800452793
4182142288
199444190
3315326793
2391603191
2479620311
776421220451512320
464045620
928609825
3043905536
3028809503
2254901172
2220382963
154896410
345488835
259271842
2206836308
1205970120
1205594306
851391300
724648551561728000
584739670
892954382
1015484834
3871871513
1283446118
372693517
589995887
1665027356
2282008813
6532332
793787252040142848
499227001
390526122
252019649
355608779
2658993140
1196533130
3361295967
875125242
3231526227
364452450
3342581884
3360210892
2212485620
2410447644
495466998
765879972464656385
2917603617
2719244173
26781477
2706476465
831280344
126970118
1386751423
2337708335
240618556
2361360169
2259459451
3025368046
2892303803
1171490287
18484129
4804242813
1116674660
987258930
1158164456
737526030907232256
3761998763
2465900299
19682207
780828728230195200
2223966992
564377347
2651274657
632063651
1119223279
148556286
1621071816
384272086
14270140
1707854503
3198028097
480722952
416018070
3346569904
4727119703
3312327826
436499309
1000188997
3124240699
3356670165
759346461758939136
146035482
889396670
744263355536392192
2155309777
1023264421
543874665
425686235
602863531
1431691753
357768740
85657467
2666051378
3368385652
84274436
2660179878
70969814
1139368074
2332571271
1028897996
2625811089
787009091373850625
1434038420
237969830
3972216981
911094367
2199795114
3192457810
3263800121
1038418454
504329686
337185218
730060281670447104
1179962942
2385799301
369749865
3291324425
369728921
3438504027
305481008
726770253645135873
151087202
406469071
1229273522
706570580
801526539817013248
447269967
3306426130
4905992363
595517608
800750620818800640
2330508651
416165363
4735423054
984608412
225105585
340717082
362476617
716326404707713024
781531805245640704
312661898
247505099
2315044228
2821473613
56819005
1162245110
554160145
128978964
537263615
249859759
2791419194
743151944437501952
1305597956
2970014416
1896618822
472463917
2149265671
582111037
710498404531630080
1161058597
1164336541
748156955974311936
1083645529
1314132968
45514913
1379254362
2442834988
2358348371
365079939
386582756
3171154306
766066296618414081
3228099125
431901295
1655253469
2376644398
2973508025
2445102772
733743331218427904
477548046
1219626002
487711174
1219850648
705813420973621248
535318339
457442858
173081447
831981618
254247378
110707837
2341083257
103646510
1927514694
2408803254
462414072
390622504
1433806334
200146354
4797073893
784325817849360385
116871279
59200159
4058624363
3036352179
411743444
710448678801166336
794906422320447488
1008382820
332921113
304598010
410383506
545384133
111629254
1168797480
604530811
933027788
452831702
2976379107
735366894857916416
778900450812764160
1327241030
2501935183
3254334755
797736365647626240
836055234
382289387
897662988
4706663313
229804443
2463100707
2363490707
742397759991480320
1197644424
2791075913
770354017096589312
783741519564005376
403327746
1238866574
1280566146
1154197549
412566698
325760306
134206590
2437846648
748252291959037952
618465622
225452143
1229121186
4119906531
224226820
476836933
429700379
3332678698
3201052948
2361059236
2909929737
1927224049
1320668719
104239528
1052907786
722098819110985728
4631600495
1311687600
3559735215
2644998883
1064261450
799504971502944257
2224962167
2223326053
2821366407
788829890
1341462944
2483582362
548616993
386450799
2407292225
136923043
2431985092
537662962
1157043744
337767301
524809983
1095109520
439232715
598691163
802885117857431552
792050832900558848
74157617
738932299
397176329
418918882
775774416768761856
53773490
3926735649
4187885897
2888908630
1013685770
2322947462
733258234069458945
1394277882
204791100
755320994131247104
189801758
309750549
4919837110
2524404516
1389805699
1080493914
4851423724
780095104132509696
802899516366196736
743080755467849728
564911536
1280953482
4379409015
26295447
426094795
17439787
1682635764
723203630917136384
455937572
600136789
1269116011
3385105642
2731843617
1274882076
2318598068
133661112
1107302042
325152794
2762345533
2964119115
796004115688161280
788605410529992704
429910422
727758699587092480
275434452
516624218
434387464
2942103525
519596424
2302034329
503455114
444048705
17843515
791983374890070017
458370341
141896036
2692227380
404951630
2730593590
438339383
448131888
734472419273015298
836504312
366233393
1077627415
2901351995
348493456
3001665089
126883491
122476603
1140857102
796742250961268741
425285683
1513860781
140391257
161450764
2167116718
702614277472034818
283107590
384166561
238183373
118756273
1105814539
557229572
539997390
3034643483
716911634871160832
83180211
401399952
2971568187
763388821677469696
2214539367
749985750121340928
271468279
285511403
1406260999
2182550725
796397923856568320
1385518470
224973785
1595653056
797782706
2320187182
1712830392
1410209468
2318455535
4173445011
4928491697
991984152
82362273
799246755414048768
3302069128
624876269
116750021
396691435
723845674043858944
361341817
753901145366626304
3448617916
3840758295
191490413
1310209976
2456929573
343895398
476051821
1222974884
2550316518
410245492
796253532936609792
48465226
2310543444
788456311684030464
1374146521
389076701
2927049323
2951442201
490733693
836271002
701513839989358592
435694342
22757909
1221995204
774029536690307073
747062212347461636
1262346223
2913833871
405170821
1443706704
2479914550
1014034080
752239189685665792
1041134352
784949792
764133596512870400
2751139073
3341975913
434752212
462427721
1702719008
22075599
1328616810
2312169774
3063216130
714417878
56336773
2367015206
2785117733
1065306211
2821297900
22659500
507746291
53659160
773563444750589957
1017667801
719095505352007680
2436608759
800613462741110786
2389245857
249627047
2415388679
716653596654313474
192580291
1929877436
2980810769
2482396225
2197813964
574185238
3042356055
421332919
765113425882218497
161428463
776521582743261185
1402978436
2412507160
773074386
2178157155
29723197
970562868
1923616602
932699905
785027790961778688
4196122397
715597025404968960
726428495413387265
1239893269
431867098
388796548
1890326197
9476932
742094210447335424
2476119007
2164735560
1180622503
4885903612
391237371
139743146
276029690
701388779114930177
4754556873
2766070438
173389528
541147498
1056094116
1175727986
4850369241
99702635
715083557581033472
1097904109
390754622
342727106
522567091
711299618219364354
410960872
474298037
3092809936
254242037
178029740
3119071163
2198073307
2323989127
1930695714
775636532
2233502635
458632561
10939652
1879755822
300798803
567278450
3236668955
1499227555
387198659
1132188114
4155844545
2401418695
2530670296
783307585206222848
522438312
1144953769
2421892166
702931234
417356257
610278959
2810679525
2313205890
2959917485
1472353806
1672302936
2837054753
1978729974
1128044090
702770643335561218
14967240
2361146452
2845018504
1482693858
2596945387
425039950
1372461787
48967204
1063011624
193810402
797871034535936004
507652780
716195922057830401
2977115987
443833580
629334187
417920790
371443272
2349895098
20430345
4806536835
712336497890955264
2999932538
390753281
2680617799
3026614547
3015774443
2812859778
948318834
2174691850
866547446
730396590230413312
2608779441
2956811146
2907601252
3303871432
15047521
1229870208
29452509
797117758538477568
3123958103
2898244047
2244900916
376298468
2883671135
851456364
461088423
1464788840
800282029254246400
4033699635
1203674574
1077736116
1579008720
2217674274
63126601
966528644
769202373919117312
2314104034
374941410
2467497190
2239737678
2365011298
1085531312
391661534
1864799155
487667361
471428838
799219281451958272
2893190685
852301178
2402701895
730500778637594625
497084997
2211353832
285067071
738805348476260353
1257355178
481972353
1071260784
1369005530
3121162647
455500859
419768382
347776169
421347689
547936685
125153897
2707254209
733695386846662657
2883830458
2489764008
2360335217
449736439
562816605
3315808409
735788453737041921
382539264
1919132101
3417259449
799185920939401217
48734499
3202597630
416602053
1117576526
2472761502
1042252711
449896218
544245306
802885446065917952
2378868702
2994896470
453223584
846139560
1545029150
788730285609328640
785037931476115457
794234183128322049
777855788882812928
1454614525
105602878
3298985147
766644219930873860
584056092
2216179636
529483712
1556491195
2375216695
52332450
1048380457
2465437060
420538185
2933315099
800001302
3347525428
519379680
726813235782012932
10317792
3510108957
922711819
714432268761169921
407636372
68361266
2416044272
443248991
2230346403
1882839440
2268685606
565382686
94594903
22003434
2951253801
277409485
1266792668
222431192
2191221171
447863789
701650211391848450
274014643
1353236228
1059881101
792349473548697600
3372528161
789786960470614017
1231603440
215735286
267824934
4483480636
995799343
564148431
37382519
2180838160
372433086
804961884
433236253
451610877
1009626624
332776295
706086896275955712
254076311
251192598
2318610186
788675050992009216
461019019
436226414
1209547698
771772751006883840
748041847264710656
481321999
598558484
719539943186526209
189042220
765468572390944768
245960120
1354437403
487564934
427211091
1166637379
2717902222
421839918
4787676166
442808538
55619032
1335222746
953542285
703817284
4861559277
789842195775971328
2448563317
1962674090
3369262985
935131632
916522718
415394913
351555225
999278988
438476133
797805423122350081
122026959
17969850
3235522120
3065958947
245927595
284660047
2948909175
2211388062
2897057014
764102469047771136
802265146164998144
235955744
3543518537
534655010
779645231285301248
115558584
976243140
13294452
748870907456786432
1041804853
472322457
2501520674
89518361
97035161
2174535898
348141611
412424802
802467873193070592
587521626
1244162966
4924594492
4188671596
791713072549335040
1657542980
548583885
366182644
783982939336011776
2868772072
2869098909
451701684
1041823142
1472114660
2414898811
4318424669
96344993
447846362
3375673725
800788482478116864
1594040222
982401096
584666400
756558809850580992
733032143530696704
3016981881
955821968
783192988285595648
405514067
332959014
3164390831
891828164
745330568590659584
2494554724
2219448182
791583592799404032
89173051
1357813057
725949864
1534486934
713625460878483456
1348975974
1176499273
2876784275
1275799418
521614836
796293348340408320
493199717
462129103
470889853
2314008111
154082185
570833587
2413720937
1272928376
2435638248
3357094834
386154304
2418921020
2365607444
413010349
445476842
534701158
761278850286424064
4623807201
766472826
634088476
1205333186
789870840
176712900
799197884361166848
384201946
618124225
800464320484098048
493224817
565547576
717334646405611525
2942381427
493914599
491225607
476053480
250624869
2763256746
1026219187
64192042
897195240
418619389
401258888
2397083955
722848232792002560
1048443139
369725754
76769340
242351511
319578825
3384511240
939170569
2409138080
482275881
214047668
697418738220535808
281884852
229584880
3094278383
1444784371
798939482
452226860
827801822
447402626
325771154
1128289712
1249365224
380466302
501874833
2562814182
725066954394980353
2306559009
14324681
706067859550695426
34649922
1168703221
2345320392
443105638
1213692008
840311305
506387757
134060232
547050389
788458787032170496
1678501574
436627859
440716175
406453295
59450233
116190223
4098447160
2180427250
2595842591
4850532357
4611199415
698226027756126210
1491470516
767596251311407104
342296335
728295648
2302070180
297548565
2220318664
722919613
1082984088
2310569711
2726498655
3338622107
66635426
405443137
789368501903495168
585391357
2518413287
773903945391538176
786276460080209920
746263383473799169
2256679742
743514238493278208
494475884
10686632
1039274630
289838495
1190590579
436568543
3006375111
104485125
516396544
4441012180
2368854600
446937412
1726668865
103064354
2788765798
102099568
3173819499
1701836234
435791610
964764067
3151825048
1170295874
776366037566623745
1633830932
47578036
93197485
721303651575341057
2328923415
312549849
4813244901
1190283926
3052918302
3610344497
2238009622
1060178672
1028180126
796655732628324352
83157992
748154038370377728
2744571067
479604138
4204183834
2353564274
730751401194860544
354901534
964719079
1386737474
1022801072
1223037354
2909682868
405482706
62019002
577936933
3632667623
413364881
1119456882
400273310
421784817
517889607
794598299424739328
4394434523
2460156165
2377412736
1248044209
512377659
2951587293
636328779
443193400
2272916900
422858171
2244460336
309701654
2380747454
61765111
4853174859
4863618933
263709226
446445046
4142636141
28620133
2828396831
3024843525
1448557296
718402632126197760
307278565
2892216196
881165648
2786595941
822164642
1062650718
784105196070854657
4468775656
188787298
3322620622
406986570
93953682
406516558
46887047
12946492
1644683106
465921722
846418970
1382206622
964852682
1883512489
209891777
427357728
558053080
408406196
799898540789141504
1685323645
3296477548
940223707
56392390
143079781
2462314591
749991934165385217
861373158
63650287
3077660185
396564186
2609290294
330342815
843757543
2537281228
3166034463
3176594760
564360716
799653873338224640
594501913
72058480
3054231435
96233686
1092670394
2949601762
3093504958
14108472
2377701816
1230871339
121551906
415098510
1063332403
3036997071
1384855346
149609445
782584298964672512
141529750
986828390
731480135505969152
421121877
2983119910
1684754797
2752353844
794274701484900353
777040765167996928
725592726025154562
2297414524
4397747957
2276619450
2442105406
902588736
799175088423706624
291951565
138772797
3588475175
171186272
1036494895
991024189
1093056480
2994083519
117701249
515615524
4867636829
3300222131
4664853389
1181544271
4121342697
776138045682806784
3381325839
3860196976
345918295
271306726
407891527
422183991
460226131
2318283220
1358611800
2986513055
3975611061
231003363
508645944
714929777090633728
185269053
4063380377
213616021
2889852755
296894564
158262409
615326948
1012961892
1413220182
440737015
2192427702
783020674952626176
23079990
268811761
2203686361
36079217
4873807691
2943393603
1328476232
1488338479
188043254
2958883751
751720869278445568
1053123146
2898075617
788754158241378305
2356457670
721432104396025857
2714500212
414217612
1409736301
2235126823
725051865159884802
2608189724
184015853
3663181830
96338614
531259552
723552821040320512
2719760326
3356662759
31171266
1343975432
1361634884
2184340668
461180122
2205598141
503303414
724711208616615937
1557557558
2751862871
4020636137
779870528
172314466
593742754
3043540575
269425726
563747948
600415712
435135749
404048864
2283943289
225490204
875178422
535447658
776116078124687360
725937762449264641
2248929082
3428087639
465732305
3299701721
2765052793
1067982564
792385901586477056
408766834
1346566790
257499288
2163623162
1015929313
2149138327
3005370371
327861190
3156887011
81889184
752010888
95482042
754009621724012544
209177464
51412488
423294786
4807013549
2342517254
500886985
255939314
432688797
306180757
324262863
1246472766
713429269490302976
2180831464
732954867833176064
541915851
1036938613
764140480775020544
428216870
29173778
2649600031
977867604
2938273510
100602777
2161648892
2907520191
76616277
37892753
488864885
1092084720
753519234710376449
2342856875
430995535
71326041
83554278
722050091624833024
3311137528
2638291813
1141016323
1165895616
624942329
741592495155478528
491212220
396756630
986140489
398230105
390641455
1289227574
440724583
711875747183521797
28724819
557827565
453712873
738108664033185792
384214851
722053268587855872
1102070556
164780237
2721619085
161414985
778206259145244672
275455208
503199826
2982639635
3242281907
2816638404
763353589347672064
488895138
733026190689210368
3428800613
2188803397
508555134
804753644
335888922
455091874
761582724176027649
2871036920
1055931559
1385223960
1334417106
732700977548152832
362706589
4609193302
2729415801
428915501
792729282544013312
281562636
89212874
270372295
1277404100
252513275
782126365315371008
966592213
1264774998
2394211062
413217587
501225131
2331849409
929249360
231824254
3536432607
2719470235
2225303229
582010074
220729165
3157537163
2283373956
877900650
3230165817
2768667015
3319305760
2746079253
18249798
701667882149744640
773929798192300032
2580666506
1137449617
377430097
1330124653
3192285299
1967120184
399624734
2484303523
1648213129
317680130
3424532134
743016612048044032
436833006
1471608194
591979464
1346055018
2689665578
2398143679
979023937
468760927
426206234
2993303818
910601880
1244867058
725325711846825984
2300657586
96964634
822184940
3045361705
729294897891676161
394241598
295064979
723065022
353492673
336442306
2472775153
1472290938
3064471084
995189316
831665582
3207601186
2323995158
4069173009
732773769824047104
146215776
989695621
475096024
454191208
318030346
2152381152
703927942192173056
768783082736455680
4688837276
1635753799
3363915879
533230661
440129895
1444738142
1219022928
183287158
440152678
2400326462
846160848
424153335
585263805
483816390
3329401258
932888491
916732627
51522357
764073381532753920
758178577909153796
432459379
464127310
1160507178
460275730
2372154501
600042534
2709647816
567159863
970835599
64144248
462095353
329152979
112227564
3069843927
986714714
406552900
2355359638
737964567737864192
3354137837
1044114469
1093674200
1926324451
4844733082
2521671494
753558289
425937720
1635529807
479864876
1116671611
741293293930188800
475248885
309554233
4876533515
1192260607
292240445
2714596672
1891849693
776352314
1085455423
2665954830
528493399
529755861
1474185410
2900897831
2528932253
343285778
1591737049
2266096538
431862853
326226399
258952134
2204128029
109659461
483434707
2751588826
3337199013
624137916
96389952
772498157636820993
3045081677
1277296867
4899487839
292275504
742013658268598273
3613181357
191383270
614694618
789869955244257280
1070582773
60971285
930194618
2866250985
741338484
789175269667942400
2741727190
2479372688
337109689
934047600
3014477295
446972107
4830782164
4076357194
75588319
49319803
4845999597
304329439
189613925
2363670784
1405789050
843573301
460992881
281966090
321979904
243216805
17425302
828717014
798580172341542912
2376747126
2429092036
109573130
173925687
2878097184
209249028
2938158003
1413908263
353575520
77823743
1036983026
774612532036329474
715668574292074496
122016493
2334086092
417887820
802899888916885504
454050209
2621137109
788875940575215620
2951279819
708587318786007040
2153812941
465960856
1130420497
792762283697004544
3135173073
569082778
222567428
1704854190
1893025346
305236970
142034488
232231711
396864261
906331746
236794333
444137874
425254477
3448215203
910487292
2267174346
802176344515866624
2769211305
392656492
77437422
763094873473945604
783740138660700160
3183738556
2951425072
4008290355
906224444
1919814602
397133882
3321233530
1374652910
2203727552
318487854
609501906
1857295158
602802570
2612652422
257709473
4405643841
1350411
1327867518
1424778840
16823683
1539501919
4885620221
577410791
727770559107485696
1914030042
3430185532
2272854847
2569703055
386732636
704746963091267584
571922344
77207264
2279399816
4867152245
427739095
334071453
468689162
2360518479
1316630180
28528873
797431310096723969
52011737
2343337932
405732729
796759446370271232
2363684405
29182906
792352719499657216
435791551
63060955
912833226
2728896824
946620907
545136488
1975150249
837370934
1595843437
3320285157
491318883
3248511540
15712835
1412500075
995021599
395277526
1204999254
586429781
773956774932127744
498846820
792614406135873537
794535156291866624
2612367034
4897360193
441851951
465631373
235323455
446490092
3347934334
838223696
1052704188
85161350
2179447205
500297242
899952481
1129269444
244654932
2419860820
1225509780
16982629
239779690
1612919144
232908749
504658270
2845737279
1578337921
1036719990
1404492552
2471273369
987220201
781097255793295361
4872050638
702128508835860480
2938313507
181345571
3527260401
429565076
422646193
2490046569
437792860
899978641
4853472419
1178411384
710500851270492161
3036587481
418966250
801810946654085120
603612465
937463430
402863215
2936119349
242071863
423726677
4704191856
123194180
1121935962
55893052
1089800894
718105328416632833
2222816851
798181337433829376
1015814694
172679085
2190915769
435122106
712920058918543360
604984515
785481697462718465
2999484970
429144484
2488407674
2512905313
140772582
504271524
2335372808
2958925781
2822310640
714775585088737280
1918247922
1116548774
711873569895149568
1060233126
255612179
1852450694
150707800
2422875421
798551815742701568
15532171
347977926
415784288
2346440818
616842820
2242773811
794957025994215424
418615937
182745707
47781017
33197952
724573957781856256
1257959892
772778458845941760
634892475
325145422
3311089743
4039287245
394837520
119067790
331872223
454142762
3300431854
1978670191
471763431
1222000628
3309670823
331047338
2568141266
109578008
710245497194323969
26980751
1673158423
723117281417383939
2904770691
748542289853751296
2448147738
2870220975
3320655053
718791150325403649
399589131
261233190
257953952
2327342227
232559332
2851968971
1972410698
39022638
964460408
585655442
2153322057
1270664520
4060369233
799171599828131840
3300559913
769290160035000320
398928323
2442517233
2505587934
776430344841101312
154924260
1267065014
1063634156
1100350039
1638278257
791569798790582272
1261559155
110647847
253262674
414319027
2525069528
3143527192
793469352871858176
2151216070
555315346
1699665619
591144361
783250520412655616
2781970583
2781784450
478561355
419739649
2333490399
22609411
3688803513
800074358538399746
400383332
1338857240
1510136666
547051962
2437403432
2588246800
1228508036
748591999561891840
2940755837
754232386259476481
2247712893
792394614665801728
2764299866
1249898532
507768657
495386998
3357544672
591983888
1129073232
2415780762
31255401
795964357893046272
774133777412923393
122452350
144210805
525240553
167535486
4832053377
407685967
862825945
543597645
2616680851
4853784417
2361394675
794961451194712064
1021541239
1257848173
1068963974
520789750
797506008474152960
3949254442
791356702977323008
2719761311
1078134512
25676606
701059824520396800
2282469222
507474473
419415644
2987972555
360528197
2338806398
2266309267
2728402871
