736166324028768256
27448416
372273460
779336944916504576
762284905145438210
366332600
1332043525
153748622
421891170
3090970077
402174719
437573164
413452932
2492518320
65335565
2190663913
1155089563
703360096944988160
3904145790
1179157244
1946489059
194972957
483276391
1009689127
3435744622
452858854
2745821569
143393223
580232599
2283221770
1020655322
783570205108604928
407701503
370172207
3074596101
800698016768233472
126344012
2872007299
776661546533519360
4824031401
4900612293
74707629
2404185052
2505069530
499128183
596821309
702989036391112704
1391604782
1230556524
2231871937
114553027
1524453986
1573078681
1307016348
887103068
1057417536
766589504694214664
528014582
293614669
86611813
701425649169338368
19036104
29703078
2150969605
3433378229
593910587
1734368941
475678078
255220545
1586541906
561553494
7184902
1162323121
374573871
782312271200522240
1633220767
1256727248
799504439736463360
136700403
913132429
361790675
313179172
1583259805
443187387
3344602462
967124340
2720826652
838332596
138418305
899901025
437635996
318230976
2589653764
306123184
2170742693
1249982101
781366033231802368
416624840
919502593
3426670696
2205713551
2616804263
1588323260
545008992
1319275574
978137395
2444940699
1040220258
2815444628
799607646240276480
144213581
398726169
1383651726
2182009663
1330005582
3363916803
4074057137
2371645673
232575488
1037554130
1037555461
2359063466
4419158368
135434989
790540888237830144
3039360208
767772101503836161
483057595
234851087
795290773642215428
186221116
454058244
2197727347
473848168
559499000
50589162
465739646
786594969884778496
2766500357
1238622974
420290257
405837281
443198044
211721790
106183442
700397826824654848
51232175
418258649
463969453
531851126
416370078
841517665
582622919
2377247953
3343157452
715593055789826048
383790840
1005017562
1387006716
304306690
714553962599464960
589286587
2402482187
436640636
319518186
40736331
1012822723
418169040
407860171
789536032819650560
1226139085
3957645843
2497838698
3290984981
863339647
1397374658
390065437
306058431
299161391
17880873
1617475044
382662736
2231561825
135082456
83386342
3304225534
1857779947
917243564
745916794100125696
2850135335
710044495748927488
709291269135187968
276158412
1150870320
1530161300
432918462
416489772
1671155881
400363156
84134511
2192271144
712297106036428800
159985010
2887988230
2372192396
507777679
3300878565
540679806
345475530
475127858
185274610
728120974223118336
2342101993
324946999
371781632
437533038
228051072
801841062763491328
758232296067592192
395242306
156239686
62060285
345488835
784753884917075968
2368731993
1163239069
2572209035
614101601
3438570748
377318801
1241828868
715782891586908160
399568152
1270339064
265385204
2319748337
345815234
802237433395945476
499227001
1009031245
3155617749
3289742169
731920891735605248
403270396
428931337
1856950873
2330768437
33856651
3215882349
1384017114
594887521
1386751423
253550542
3093110545
4240911946
989340356
2417069802
385571810
3393834946
414185837
728584655079915520
708429391
1414099207
487913807
2367055176
975716743
801974236315340805
3304738317
96220595
523387439
803259533036519424
801457403808088064
4833429358
95528446
411018458
3217711420
1269539851
753351020265218048
345535835
2984198033
759346461758939136
744263355536392192
915382844
305648916
2400294800
3482470821
303810430
1307458242
1412754547
2788453788
425686235
85657467
2319542538
2256825849
729613256793444352
238192640
2242729885
796421015052189697
2883001715
2332571271
2774751706
1028897996
203681809
3195984844
2509301951
3906735870
2199795114
584086024
743860989452492801
2349060598
1179962942
441149399
1020287744
369728921
170455300
2772740636
50773283
496439143
2365498822
2276549584
49709806
545051848
1662096157
739126296987508736
219005924
2644561737
366558043
2231803733
21750761
108958320
2948374265
731252371226042369
788047861342691328
472275443
1086264085
706097800040357889
397346687
1100633432
434279064
2921922543
1071485604
579271577
751725458631327744
866147862
1259908111
2971268932
2872452713
363067985
701822386925076480
479832581
3228099125
2252271720
2973508025
2316972126
351137105
953887928
3340616146
175127426
584022845
1615176902
490446577
1300646329
64365509
1498709755
2986947023
3398291849
778703906356330496
2570849169
237392330
504894136
59200159
824889726
3036352179
192850838
1039581457
3880024059
332921113
2365252169
776453763624214528
1168797480
3243909749
452831702
358403333
99520777
21100803
1187728657
56493633
2328765859
297971382
2566632783
2690677608
748416033334132736
1280566146
2410911599
718523969939369990
134206590
3345161205
3251588698
2329972429
1229121186
1554098461
55404019
225198604
4555440435
803943265204662272
2224962167
799504971502944257
4165127721
2735526789
2343281118
702690830
1341462944
66739125
541171533
1307992418
537662962
1157043744
778929980520730629
556818121
946023379
564773110
565599725
1719811099
1306849784
799613492466749440
4857416872
1167459253
503452485
4122192754
4187885897
2748304043
265576861
20940460
517552544
1128807018
1427398915
2186217137
189801758
396043184
463006133
595267886
510211619
37631819
558038204
392626820
2978007322
1437778471
4061034316
67006079
799982511866740736
781114803465191424
299551316
1191081025
564693328
1093651303
11080682
714837025153744896
1595987317
2906181117
319060887
140057440
581285865
1660079156
567180681
3870837869
543546376
1043130708
122476603
4069758477
313323905
522329714
507792558
3241512717
792230731
2971568187
4372999402
22021332
3387547060
124517180
2386835695
3428888823
134554873
1288422541
1111225376
838485198
2858970113
786893011191996416
2981473816
65377234
385088302
2180163853
553392203
748173713787465728
3157207294
45362404
1712830392
40006630
427209531
400103989
1728213950
1934935309
2610299144
802052868119416832
58868395
2347482439
1274581027
1162661400
732317340092780545
116750021
1219454078
753901145366626304
4159734094
507970638
2626859321
309840772
466368047
859694112
94529815
2533019300
2158195314
702398027340881920
2767985158
739927804427575296
440436024
1221995204
2198193816
723835861989756928
2913833871
695753
405170821
755102530527457280
1365056664
1114019642
49261294
821799522
1041134352
803867606788743168
781503623306051588
407062660
764133596512870400
3341975913
365935751
2312169774
340972113
22659500
986673500
773563444750589957
1191233640
1505560448
472185426
711840434922905601
1068405199
760806683564240896
2250183727
765113425882218497
161428463
1017233557
484589440
1128501696
3001145196
2412507160
2984559201
2350615438
1291656504
732206617341595650
791287209508933632
282996856
4869095007
2754543846
726428495413387265
1890326197
9476932
3068039679
2476119007
928159321
223899265
29960852
246522096
494844364
3064824634
493319195
434857590
3396914326
4850369241
715083557581033472
883065655
481046302
2222783701
1360369249
3466499235
1960868090
2559910725
66298874
775636532
764195579081752576
458632561
1066012568
2401418695
1004615576
2448108305
3774260367
722828420665753600
2221404476
750612188688154624
789486371270455297
573648634
1548872300
1372461787
364970872
3299490593
193810402
13631242
490736218
4783184315
597464121
4059049942
421155334
986111888
1853857640
877801596
96666156
19067940
1401604591
2484661227
2956811146
15047521
163879703
41544005
407364835
27660447
3297346753
1393825116
4485269080
2242835089
420306293
28667984
34251220
3237007931
763817012506267648
1089513403
982860596
1294174362
9476072
61703985
761915378276655104
5393722
273109835
2365011298
85793150
4267730801
391661534
471428838
262194160
4925341691
2829900668
1922484493
767870049579364352
775781102724247552
22027420
277410004
2967886673
63123584
2376465507
2414797352
717291432382431232
1369005530
368241794
2422131402
390139303
419768382
2440253132
1002084986
733695386846662657
3424436500
435285639
710743506520829953
1030314744
520449095
3629322863
2560252311
1912361346
863020105
3458620516
3094759553
2397799935
868360100
970095434
3133358394
459219814
2173027221
4920828160
2180853339
94096311
49397445
584056092
305255857
19422447
710311520
128998224
2804109824
2913429669
2954612650
613766004
394848411
784398647471595520
459308081
60562876
773054104549593089
2802290616
778206337171873792
331136187
403012790
19605785
558032072
1230752582
910577886
934188559
4052170222
94594903
188029214
282036745
3104344534
742838949257871364
818183167
99645256
1239113316
3075395735
4846648917
799524531182403588
477897185
253586434
3299546625
564148431
762423451
3059131623
2845668851
453593840
1088675498
418636676
158051510
3105108137
1307698028
2184861378
1119822385
191245909
1034469554
1311236318
446929182
739538599918571520
618138331
2448563317
2481871779
477543705
3032272127
4602580341
607027604
1601716938
916522718
815758254
808924015
1527062406
799259554085216256
2872332023
428411345
1201691502
11538582
522133054
3107574627
233955771
533692413
802265146164998144
1460451570
429850368
773490325776134145
382133673
412224353
1227754856
263158083
2221318495
1077622099
394850579
327379455
2917217416
426114352
455181360
1214739008
447846362
474746645
3375673725
1071579716
1594040222
81075901
1621614835
365462238
2795593730
797134962453581824
1039674703
365105383
1314367554
3399075250
4436365575
4039568062
327402354
4426518575
417947467
883099326
801062327810461696
161322335
932204797
122497273
746108643792257025
581752139
1176499273
4436949681
472061775
1068928062
96236264
2385416432
2242479691
1069272026
735765372293382144
717579320
409089494
3416068515
784318068889559040
791628536557793280
2821597763
445621349
56111212
778753237721706496
891042680
202166644
785934232698904576
4090432522
337869423
1051389715
206180236
4655248997
192332877
721084485190688768
24528997
38618180
417260423
294819169
419316234
803617893464215556
1586227562
2895077031
751124618832994306
2357343035
76769340
2839533015
58165167
69340006
347497240
2843769504
3003467823
281884852
2611313426
1444784371
1331514499
124528185
39028896
827801822
634020827
1249365224
593759199
2339947944
2314042430
784072008640434176
1145650134
456894487
535892418
2420100298
394005757
257665435
421758109
715134939155578880
969698839
3138188655
737934742461526016
3909677536
14638233
3069657982
755313289
1556455656
2397844595
4316205317
423531049
4611199415
3414864718
919975040
1491470516
595878183
514506617
2221319742
80916521
387329231
131450639
728297954193362945
14442736
1068702612
746263383473799169
989192558
743514238493278208
2432948813
241641367
2373340799
494475884
14561296
1339546009
526735998
253230032
829417766
482107935
478277622
4530088653
407000028
113667004
769128592299134977
138047421
757949254765834240
496716258
801787932109602816
1382849929
1044539172
781389132216107009
1096331473
2170527625
354901534
2986885877
2271579289
1272189564
599265753
7950242
319116894
1474536614
3823074077
563773403
82352156
3446437582
2719186852
457889747
722514964095889408
808509187
824715074
1260171894
58587014
4827491773
562823508
15387167
2189679107
2384687890
2650978150
422858171
141236993
617201169
2416492224
418849696
4308941656
3024843525
2960469293
2543955497
1039387388
789866400332611584
710844636160507906
1227483440
130851801
1134804595
1731196412
431916167
423349502
4888820951
4866066394
525636772
712267861
764432647162585088
295754318
1227953550
1030737445
424939712
791208910623506432
964852682
420657944
17306340
498255199
1112850756
1164174092
2787225059
861373158
84046970
2169507597
710864700851032064
525853329
1597783214
567688029
3166034463
2511962844
1640766590
50583567
1344131071
421845819
4701923905
2203569688
1513495909
2864302236
1423876909
62071167
749617259849584640
799525845887021057
3038785617
2945491781
14108472
2355281493
297353414
731480135505969152
71108187
725810364995231745
2442105406
469502626
1040153521
441651345
2361074269
3588475175
253571297
2964012705
1377704858
704779333307650048
469548100
2351364017
4858595345
43703232
239434137
117701249
494217990
801747385949028354
598563
2154514886
982461673
2318283220
1358611800
158891854
803066672462565376
2828463887
1054911576
2275661440
4824190702
214579928
434411738
1725558426
475234937
526838409
3216517384
1027003795
3986617209
803605838049013760
1921125602
1488338479
350221709
2898075617
2614952764
165532712
700690132769370112
184015853
1178340480
93691257
1441046569
195787575
327411320
126968751
366258436
1947278862
840241477
779870528
2623465378
1009243501
3332411590
763405961205800961
2761079639
468273735
1619917472
225490204
415135980
1960528369
1100422622
518499937
927074624
495103388
497745409
2484857381
1123709442
2203488436
1231473788
4077751847
484158845
1921174561
391954792
257499288
1110202813
3156887011
43891997
2769827087
433636980
353766961
2709720835
2359426044
1357713108
786652238353752064
85590368
14443284
2342517254
19592755
500886985
467659856
306180757
324262863
478436781
2328471661
101573147
471995227
100602777
2161648892
483671947
3224669813
863334620
2949069453
4762935855
430995535
782577416548020225
1384894520
401687825
2843887516
4818092890
3385699887
777879171993337856
572426495
1119430706
815304163
110190828
735435149882601473
2241274927
10934032
396756630
791193793051721728
68381149
711875747183521797
3191220899
904798681
70388928
808508772
2481673542
406194632
2395351240
2364035995
2267787658
164780237
389920206
763353589347672064
488895138
396686981
110990122
2350203541
2534934933
2405656973
723392517081718784
2948897212
962612156
465471249
163818204
1341254522
797679000
326144852
598650191
2453540430
459415484
1849672393
1418786191
3231784599
791920705340182529
413217587
2172743300
2919170415
2302778172
1053223004
2719470235
4470002068
3334148349
2965035839
1887067255
757173570783043585
4827091311
797171228092100608
754765457459146753
211226743
2255386492
290576899
4432360889
753889512690950144
3089288838
340294381
136343557
455777345
40216987
2481748609
775421050054139906
802096787288899584
361960565
420277197
2339402154
1630764446
465753888
336442306
1327803948
2856598563
2221331347
2870725799
773161248099803137
4069173009
732773769824047104
2330865256
2445985513
475096024
454191208
60577301
715878276946911233
703927942192173056
768783082736455680
440129895
2194140734
2367102656
142227794
289541478
183287158
470633026
528865870
433560640
2400326462
585263805
1356673152
434736878
1385042468
932888491
51522357
764073381532753920
796394501128519680
1376992518
526327701
950513972
2539720395
460275730
2709647816
3395020235
567159863
362522804
1964443686
3040064722
105911621
1057930387
396218442
2489608477
2470658058
496477841
941772781
2355253204
155300542
4023777869
1039175150
576989733
1681786022
3068529953
2361085733
756171345310781440
475248885
537554676
256467449
1192260607
2714596672
3433009643
104919938
933339187
3758749036
387056404
794576408890736640
120734182
748799089567862784
459115038
736265328490057728
798122860145475584
3292795744
326226399
746201381912993794
231010672
3937406775
767040529100079104
871666933
2227239038
3613181357
59869460
706005164
2345472305
4882825911
220806987
523133624
69030213
2405839948
561447448
560046823
271541039
2155070496
272463673
2363670784
1314338900
76052454
1234446558
3543817995
4861807805
1222622413
1148846582
3071993301
272940016
113075421
231954707
72222947
1435712192
457622220
469267629
572623668
173925687
1532077525
795317869131268096
766471224
750847152
715668574292074496
4394191913
41820644
131961987
2850607960
1357710228
2906264861
463841107
799992817007345664
214240583
59428226
284945036
1262566346
2153812941
700752813979074560
1360084927
3435148533
2329384532
462692817
3135173073
112544526
512899781
973589256
1704854190
4910860665
802150000440569857
539157045
2385290202
2327373751
366252148
1384301958
784265755508420608
3367464436
221786478
815731375
29185148
3224046916
2359153168
3308267459
48066008
1374652910
426874964
745595735966613504
2957021637
778693643976581120
1488206617
317792814
538327949
602802570
3043362960
197812078
34572462
789126114417446912
3381701969
4885620221
749963389
607981040
494453703
29478477
799955719709671424
630918299
822269940
254646788
321252271
2893175255
582236593
3392159079
2245662505
28528873
2882526197
3001239377
2343337932
3007673747
754440616487055364
725591918
489222429
3299152901
432779927
3028306714
453851050
1183179234
837370934
4689866900
431084648
778540541206204416
2638214938
1898454446
2828057292
4252148817
2714359341
109940040
500881322
577919503
775299421705732097
86144313
775715222594154496
2349155478
51049489
465631373
235323455
1680057799
2710077591
238578479
709468465531322370
882235051
318713537
899952481
484283827
48291322
374492014
483218400
2188028648
1225509780
1063694274
2664104673
763785605713199105
801049687298113536
491345614
393289136
2196650893
786559574
704078981591646208
1178411384
2360647972
461257438
306272532
789182381706006528
380359585
758612977926959104
3489310096
2250751981
2819754561
845781758
590833841
399366563
1372944860
34387114
255506193
2378654494
722039071049125888
390366181
392911131
1051037341
1418976222
461219174
381589283
799030343475089412
1852450694
783280828231086080
285144708
2483728100
793390472110739456
115175546
312613461
3806382809
1410963865
136308372
432585401
761809560
2515144546
2311884130
274177707
345871224
426849929
3050446159
399898930
226221652
3300431854
832016611
67283912
291587006
2870220975
2251020168
3320655053
187302424
232559332
964460408
238520291
63961997
15255207
2979566235
383052987
112233466
233648379
747476723470589952
1135851289
53994592
872297844
2442517233
69896457
986564732
2588366118
2858584827
430743919
1638278257
458267707
2331936378
752199246997258241
1699901659
377272505
1037498256
1870961815
357063589
407777608
2508778031
3233336236
1292314838
1010820098
2359450492
555869032
1566728018
140358976
772349570
364188004
2455541630
2995507655
1975163550
701156077778427905
3254705038
477187357
719183489749422080
2359448190
2834342109
61665033
3430446029
769269640946184192
3587587647
613258756
774133777412923393
345580549
4098439161
407685967
54225347
1021541239
295067525
1068963974
801919542230470656
1101446990
217815159
4179625401
1829960281
950503766
2234822984
424355891
624543149
2421033249
541142373
380535081
2728402871
164225638
1876212612
471859605
1119003588
599247299
164841529
2198396045
380526746
412067617
2597512767
2942061736
545968677
281104969
1490717322
481385426
3431896313
2348635034
396841926
3152228475
2418170407
1630204784
803204175370784768
97773643
68421930
2261595209
746305585642110978
623602877
625000187
4160203479
602216944
3020649220
1532086514
976598371
2848439650
14227296
75538541
1207662294
120272449
1099520954
440691898
636836087
1015392134
4690956236
222031257
467389922
2887193787
2363967955
752675748
1352301782
765933168
728807104790794240
180317088
3630722294
3310422237
562285429
2894383587
788472799803367428
2367178591
423732690
431964962
3911482575
870169790
1190157246
3405754877
1346574637
4866039789
718336279260307457
742029848982491136
447231795
454952181
498964636
774210914409127937
4772904255
945407058
47327484
781046072865087488
226618187
18583440
1176618985
3377428947
378241251
340996459
778468643008950272
245989170
725741004876333061
3217393599
4622374936
3019874188
2328166991
784331797496631296
958322611
439357588
785826853512622080
2299875428
50588269
434481487
575833305
393550671
500627900
3055103145
406869976
408738224
113769603
1412896242
14724500
1114098782
1562752760
353678923
775843885
775379869215625217
2540241518
3147597048
329937650
1396350326
210501383
610968391
4186758514
1045330356
2360788878
2909606831
3555782356
801536179145424896
1157534816
3312303309
417279241
2288845078
371749840
552720518
513144334
796334964342194178
739038057479999489
2548634808
275637632
714739556747243520
1251326239
427673107
1038231816
3458047347
403273945
2826747794
4792934663
244887323
3758089649
2984621433
599940695
783319162550644736
534338579
3394568602
521337019
3405634973
26802976
504601539
403334506
83326299
1747158031
1102199018
1428729751
770279483609849856
210822189
1008958405
781749446908477440
1492509740
786541347750588419
1023906182
3491171117
4705505042
852687006
1389377954
147543162
2281381593
580422411
1160871912
356735555
247863643
2569072195
44882270
874284014
325493263
242482632
3047287645
2417781063
374984254
38027529
1212147877
483910971
2466256099
58052287
917889090
2588051975
4203955936
488234925
2242100015
1406267430
854600858
777161285721067521
3115905790
581783951
38269888
2186626514
772074670208221184
58845374
1326880621
525346071
1222888213
753570089094504448
251094642
45763
632771780
1112704358
1908263497
712111069
272382855
251663248
1155342385
56674519
2254246042
1259041459
3313351684
3290975685
2828161144
13573252
432589047
3538306217
437493841
538382007
2800452793
712713408806842368
4182142288
4845010499
2479620311
590251970
928609825
1354142214
3043905536
2986269724
310845038
3868874836
52694024
1218912360
1967540029
1219977643
130491008
939663067
778195022973923329
2970117851
724648551561728000
434505068
481929883
464675744
9820132
823400821
1283446118
2517301839
254969508
55403948
3058950893
2282008813
135547288
718386886172110848
4579125253
355422495
3309946937
1337596044
417101186
3166400685
767449120718061568
1650023988
796011644
2817204236
224940210
575654596
99170407
3342581884
1179711277
323712890
2410447644
895119164
2706476465
790099830
2386642032
148723959
4243675906
2361360169
1179036590
90258050
795963213724663808
1262095424
2190405945
897658892
276467695
1717274785
1158164456
2865546393
2318171590
154322105
421914873
145752036
707223648986337280
531682148
365065358
4257308535
1361815838
897054630
2592758547
735880222243971072
185683388
3639353537
515410436
485762114
798635240889651200
2571102050
2914286685
1848219511
3031188244
13065292
4613838695
762727876286410752
2521185076
716644863849140224
337185218
1040976385
140012862
3647477113
2476080717
758291580793094144
4038670067
1880747821
2530314205
1423665996
1292021606
10688252
769636951104360448
2226318312
1168618789
50295560
225105585
716326404707713024
3412818976
435136836
251554105
2315044228
4832516829
75273087
1675230540
1373138137
244869589
2447574735
1852391984
123235814
1896618822
525586699
2527780688
1291556816
491223559
305523994
2751847457
1161058597
1447215498
1324221282
4708740167
776003975921401862
2358348371
1227778538
416422287
1303573562
2786772542
76615199
72257470
956276568
417111368
2181953194
410298671
1084193910
705813420973621248
855369620
877958954
522443817
786135013729402880
1636528548
457442858
1028499156
2341083257
476109357
450712216
1709852983
885341742
2859584915
1031528454
323889720
736745744
915969295
103152299
342681065
238961289
803884627400282112
1128760278
114432326
4586557397
486663050
2360794731
456246923
778900450812764160
183556691
707698306303062016
2777724153
52344772
388512493
785032312123719681
1056404035
514714806
541759113
2162439406
2463100707
462336529
459908865
310907747
484257494
2394145762
398309067
325760306
765901369547063296
489722273
748252291959037952
53935265
750670310
408437002
789441140932087808
1466983518
709078210068217856
341045112
2289505911
80913303
545284832
754694678314901504
2226692812
399585033
2351775654
1869314520
3038103838
470257543
548616993
35227591
1059528432
2431985092
451483593
2223835778
1225534116
1873008853
2765885890
744871559098146816
53775671
477713777
755320994131247104
1334520595
445050879
2375661338
2694146772
309750549
4603645649
785773375385923584
103596196
181469929
445566718
1280953482
512493209
2903545671
723203630917136384
454088602
797411651670708224
600136789
22009205
587577342
3385105642
401450487
84300444
1274882076
965693940
717452216840429569
592546016
791611407762685953
2465017751
1316984629
498878932
3295658451
186399539
47626792
1901331644
934197043
2774661425
1376724398
961283478
409352382
2319131287
3356427399
390978069
340847319
2544388753
23460272
2296207141
1846444333
2360744315
2937209879
440129638
161450764
859582356
247726328
3439230363
1044932990
278422359
888296226
2229049953
238183373
1105814539
716591970106417152
716911634871160832
20432064
1012943576
801101308900048896
1598877840
499085030
749668349605515264
851233315
322037405
272402900
1114292994
911093208
796090291358932992
2940410703
2250169853
17648551
4038857799
775301877512675328
1410209468
405196197
799754734315782144
1028662526
108033964
763274024675897344
845313296
2553289698
982628515
803645797262888960
564629186
4188036921
361341817
3377613693
2772829228
2456929573
1341410430
1412628403
392909961
704330777190907905
2845429815
3394261233
2880129663
260313178
836271002
701513839989358592
593523410
412133707
544700808
147567047
607112247
1443706704
109216039
851318875
3099472173
3290361172
747451360715616257
394014388
2734867583
2338003979
462427721
498915523
3124283242
593582642
3063216130
543703916
788794627042205696
1365505080
1216273854
121424128
2436608759
468352501
775294620259483648
286934289
116162914
782643007
932939593
716653596654313474
1929877436
784469894028988416
608125539
723094218734862336
2515674801
2862216426
1843782967
742168498911203328
972589147
2336820800
2178157155
2280648054
763737673613840384
616142012
465363518
1055140058
734554602
1254788209
2359320782
3334602243
2776380137
1036813327
197056224
779341502292131840
1876822644
3361200257
2420586324
1085803328
33047282
970815374
2759396308
464680955
393307261
704996147
1698574146
4403955207
4299066556
3092809936
474298037
3851190612
320253490
906187532
3119071163
1032404179
3053183649
1466641994
733330743800258560
2583026273
3293177645
2390797348
1426350500
387198659
756085177709916161
551331260
783307585206222848
483258299
2810679525
2959917485
1472353806
493260423
1978729974
29186265
410764821
91380029
3149527702
942307356
550428173
2311916317
709052668220743684
48967204
2466003974
1026948296
1539421987
20430345
3392585361
4806536835
97962621
493455308
2812859778
3862328859
394787464
2361121173
3422769471
386753792
462372902
4196215025
2479999514
230849793
425153508
1039871592
418662548
427804855
851456364
745025263679963137
3207190859
420437976
951365918
2851502757
2217674274
513444329
501526399
2239737678
507966909
863232396
802859221507276800
2931838108
252124868
484633509
2784546021
154082631
561196931
199586005
459446024
435810111
198945230
887496074
15929806
15182465
219406236
1359141098
787391210377928704
7451612
418649567
735788453737041921
2995908064
3246166239
730485660570812417
419951447
1512887341
789562622479835136
2281936099
1976018636
4583781076
523301381
2880084795
452904156
840408042
2994896470
2476708401
4446307913
2396150167
1454614525
3127914066
14394318
766644219930873860
289427111
2375216695
745522720025128960
3310852186
1084399818
2409152520
254943968
922711819
264703894
4850243843
2525053388
486876996
411813423
2230346403
3357308483
3037994975
370063521
141905030
63388759
378481910
730962018
222431192
755743415183302658
2433378680
526379568
360868017
767250170488688640
215735286
1139285606
358143005
389395835
541670926
596594145
4248456317
359837842
409427594
55049219
3299950450
440382143
488582331
85636061
1897585116
1387466808
421839918
2415498244
2717902222
153342663
438176540
355402185
3322478014
2424988655
955568864
39475962
19287037
510420773
222411571
803929257206497285
1909118366
2275847500
414355370
137097570
84932530
2319858423
2948667406
779422751002099712
1077740636
1208620304
520339913
797136508293627904
2396856942
55360087
199323838
2156447281
3399848795
2271564014
1228211810
4578456569
534655010
3543518537
627784163
166933685
2239964759
1120118342
13294452
748870907456786432
545978235
323449293
1601862823
1226101082
105136186
7414282
2183162509
418531608
412424802
791713072549335040
780707216156299264
2868772072
831251114
456713204
4909156781
153565754
172669850
897918854
3091346249
405004713
2247433494
532545883
2334034163
4909453558
745228268
196601786
162432623
298038274
734452860113539072
493239048
52107851
346498718
557642784
744961229853167616
47373547
3164390831
4173459970
791198107568578560
1000045820
118183154
1573352107
741180294343036928
398946027
776154541289070596
296371084
134036554
489551817
4105925825
570833587
2827084763
630249596
783396508674695168
413010349
2490943567
3332448431
761278850286424064
2250640854
783745267707281408
26982622
504745994
634629867
1446761334
133949650
717334646405611525
90891882
772030120097935360
79385667
1374923707
400035492
51398426
2951027260
2809935741
2871347159
2549007144
540748776
34571662
694638444807610368
431658112
1068808687
713420058735874048
483725781
3094278383
296318811
2416067982
266711908
1368048013
251407688
2154746892
4081934681
1021727540
727223148677087236
418802563
578906912
1011559662
182767371
385604119
2170368595
3920761768
366840828
799531993973325824
547050389
1378845468
222903495
406453295
2216289180
116190223
2920376271
410047799
4098447160
40708908
1645295228
245328223
185547132
2934936809
722919613
381695631
56949284
728265622363181056
49400917
402821533
85171931
130240930
2714660159
2712498692
325165914
532733052
609145539
201654791
3294561682
569492527
217895854
736880955374325761
3006375111
3610762348
1726668865
432684759
2788765798
3425468613
499186279
721303651575341057
1011151154
886811412
542327855
4173718821
1035274488
4204183834
80867890
29188520
490373717
272354189
436192547
512982776
4868655040
2745834673
422767246
703386818
51757652
2603234317
477654724
2331609421
785400651878629376
2859316269
3145265249
858517812
498887386
2973349187
1456631540
960666673
502719638
8032202
700412768730619905
620728311
1192340720
2775304420
2512944834
2244460336
4011396449
2763305468
540895773
4856775351
103290607
2468218964
368929485
614962997
396151080
758933464460648448
2786595941
160011017
134431419
110278009
794578360588521473
784105196070854657
87306292
3322620622
111316371
720515573
744819568909029377
1229651126
1644683106
195374632
50700504
780100421536849920
1905387152
3973423342
1148226661
742180351821418496
1958640014
409906244
2172152693
4187567045
91106588
51798964
396564186
310195119
790447127637987328
1930280630
740277257424523264
441863803
779455265045438464
3176594760
257129396
51800098
270951173
335292394
321469139
3221712009
449562276
96233686
1092670394
2679377412
403444000
336770410
734074574275514368
781034881073684480
2182502256
241703665
1047094759
1414866230
1467807296
721285765095899136
1384855346
141529750
309652586
986828390
377660882
807581581
2983119910
1348851210
967003362
2752353844
63431013
1370106768
1602815845
278215987
4728590782
4359734896
2866061393
26492009
3245026150
2775753903
1288483735
1040471648
149097320
311059477
4089359207
410876976
3381325839
162103856
608063632
407891527
48981619
1517691259
2319777925
2344654174
2889852755
4691106229
602574015
26760769
151390694
2482335605
4471751355
292556611
763844678005432320
278273822
96580657
474023066
729765741814292481
2987000517
1014870637
218569466
863094259
1291614584
379030092
426022196
993551622
593742754
600415712
2745302313
463347621
404048864
799195846659239936
776116078124687360
538286720
2275495767
774181517224316933
2256453579
803924572689092610
2765052793
286905390
400630735
2330870210
713430888386805760
1040332778
752800121138581504
715543732217626624
714226829071151104
441643347
343442484
2163623162
485841317
783584786711535616
703215154897485826
3117151365
752010888
3929305397
790567158489153536
577169108
158470519
2912679700
402803669
732954867833176064
475887245
1036938613
3291626026
133673973
764140480775020544
77889072
384760605
509207236
2907520191
24184892
76616277
4163358137
14145846
281358271
2342856875
941567396
769549749833916416
3676997313
1301064319
248402270
2258041135
493046156
1244285522
1091717713
765223385320263680
781954997806370822
3907805718
407685623
2540910636
368935338
2867906470
741592495155478528
986140489
386721282
917041897
2396546196
440724583
985200140
465390684
2255408790
393550837
461932634
722053268587855872
2951613610
51752772
720822916
759021203247861760
2816638404
738878628998582272
394861796
2321180143
2353760868
1364124920
219361447
1676481360
705462413169205255
761582724176027649
2871036920
1385223960
4609193302
428915501
55807676
2822583095
89212874
3169603576
313514631
1277404100
16193352
2872617592
785810844357627904
796980229768093696
501225131
929249360
803897147926122496
17565436
408246656
2189190782
3319305760
773929798192300032
550470396
388690319
759977138
477015981
971945852
94765165
433717645
422586035
1915578642
4613866276
995769296
822184940
3096569741
1080507391
729294897891676161
846973561
2340347324
1083273792
3154630425
1472290938
424493075
61474009
61773288
266066911
431622091
1883542382
599299632
1054906759
325804266
3211795961
3028280830
1635753799
761460870425829376
3347078116
1586905838
599651301
401195931
440152678
718423441356021761
429847277
424153335
2394515776
1135800156
401362474
64144248
1269055614
796309484381569024
3069843927
68006505
761729339201318913
697799370297774080
773183546966048768
261705959
2737524651
705644864
1370605363
1015989050
1221335432
1969190317
3362545354
4515619593
1116671611
303298353
200502085
424281659
771614243682562048
331223753
17715444
321375506
2749566881
420405373
420852268
865157341
1085455423
484854030
2421052026
444150892
70951142
1521671185
2388969988
486682754
2475456664
2442175797
772498157636820993
489419534
53139843
1732490672
2817088916
928115474
258434862
786491581503156225
14158218
2798863589
474219450
734725512950603776
2832335447
469172342
930194618
2866250985
2780267589
194632941
2509485582
342018610
1038136346
737734557777178624
743369222823239680
1926741584
258382452
1405789050
507989496
14184504
966699302
9437162
483368442
872579222
231127952
3031025781
3457493836
122016493
417887820
2261701074
255499883
72506015
434242329
137640102
2951279819
2907795123
82188323
108273678
585397603
448121493
1614878936
1710006104
448056904
803590719432695808
764056964821348353
1635582812
52682083
150254340
4702133172
51727942
2871007730
236794333
3289084404
1101963793
423372441
284706444
408501396
2495725759
1450171
428880267
2544433441
634912538
84130259
369702714
1251322195
541112195
783740138660700160
334321591
725759263025577985
2719001525
507717518
1006597970
814747711
1264018218
1966419620
2221331701
41548247
16823683
220603109
517721087
774541927463157761
1671189985
386732636
1439633221
417904049
105433403
617101203
613424496
555309932
77207264
1362144619
2279399816
3521388197
489301209
2754177590
400798557
1316630180
480296748
432211151
1008326401
1317191599
796759446370271232
144288146
1933284714
885661050
400048079
2728896824
18935802
734839351
2788303634
1421508788
1214826468
2826337760
1412500075
2260174419
2234580853
1620517057
596841827
709427870419062784
2163514121
3279077915
702417430677753856
498846820
377875230
2365532641
493054513
989582592
819829657
2472284909
2308162216
794535156291866624
544153027
2778855315
415437027
545448505
765851485133418496
3347934334
264332440
776488765183459328
22609483
2396639005
163527039
2277568157
4003940735
389104963
2546560394
1612919144
1371655940
232908749
232972471
504658270
1886228065
1449586740
241520591
1236246583
127936127
1247099534
722086969094905864
3527260401
767795023970697216
2993021697
1074413634
781483367434969088
404022377
270070566
3341745526
1084360147
898298473
1858960344
2895710387
603612465
242071863
705029912265097218
407224828
50584579
1472638976
3995124705
759717599328411648
832912356
498085187
394922246
2327680994
797327775963222016
1489965936
315206594
2190915769
469273038
197940697
999773377
1598253523
2906554709
108262067
2999484970
704371812407316481
596841850
417897223
741929531276206080
748244469082906624
230817595
1608647216
2420911521
1091721907
497009003
61751856
794957025994215424
3020271189
209615823
3075080867
2804804104
2432208854
425122600
551374959
1212948840
251754579
988373714
558591392
803775139968155648
417342231
288151881
871793340
1222000628
168732280
405498561
749611364
3369172816
753989676030128128
330330577
1222269840
261233190
351750061
2862461084
976618278
475965087
2731197053
775632857993797633
2296057788
4909961751
332885533
1848435132
84132807
2695313896
398928323
330469712
1215938191
2839679883
858795774
337155946
96551123
353811477
1267065014
1100350039
2230782069
521408777
3093445126
2874907796
777478419424608257
22013422
4218875813
4816818766
568209601
1368738852
793469352871858176
84648241
2190187865
2900782241
315846635
841930033
1106230255
3688803513
711909518121312256
375352671
943572877
2615396394
2588246800
340803178
1316131556
426038482
2987952941
744252966501236736
379213798
86209782
2956420149
796970107503251456
53200070
1347344792
809434112
142669688
1493349302
2361394675
292858102
1037526320
57466155
297344001
285099275
113185359
23871249
25676606
377199894
858113870
1101913508
1602804482
400289790
3398885945
298123237
391896780
1368793633
2282469222
966529369
598279585
6443392
719855009928716288
1036756046
475763891
495756483
1274346252
831343801
