95385414
118436472
4550095348
152436929
93703168
2701642310
41115564
1361794033
493011238
3012675754
2986089309
799248233981759488
563747770
840002376
489261100
2511415512
3652269263
1031222876
452279185
2835112095
472463855
3184242461
757989565600858112
808738393
2735171102
31580856
1389042925
400630126
4158758146
2492518320
534519434
996095940
703360096944988160
380447858
1009689127
827410892
2873782396
1962207937
46457290
417227638
2237096859
715849387906310146
2867963191
1410444858
484433561
1860935300
1405465094
270348042
2283221770
2543873678
223769248
4203721672
549269702
2288735035
3303096424
608298224
218669136
146430258
495090591
74707629
1055724014
1365806718
412887059
87661977
386576472
128471504
524701038
499128183
3393904492
74544145
427556779
73612964
3358771300
868298592
210916152
3403583638
1230556524
428262591
743821644150476800
2360523472
1573078681
884424342
1871000750
1307016348
256968344
3001084382
2150969605
2873826494
908644910
1178520270
452010658
798456707513024512
255220545
556946532
795677947428503552
461940997
2199395873
1392759961
438556443
2393222217
2251943851
484010722
3334915792
728646055936589824
223504287
481575282
2467123125
793742589291790336
534669109
194315771
133461180
4353158674
3012592037
443187387
1375679971
3126510327
2843485965
2806979686
952334328
1338839544
3130043764
1379809824
439883787
731865708733272065
133241974
796256136810942465
4922654369
707558440235888645
1067779500
553321184
2299766748
39488038
435313395
2629123617
2875783329
899901025
597686082
126677638
96338067
2170742693
1272915272
3121450122
2365230765
41094956
2744358657
3426670696
3039121852
525868277
1622764164
1588323260
805665659900329985
626845548
4047633629
590037686
745691882
532089309
789225402963197952
2403776046
805759357283692544
1319275574
4811969481
522445957
2165771
1040220258
3325113766
711206425
1460233874
531520956
1065254220
2718407860
283613414
471281332
394598844
40073347
397199507
4643733641
757145669664636928
1513455144
377955629
138716400
451535619
2585597700
27636956
282624338
3407280022
767772101503836161
2704876576
486904199
534223695
186221116
1647401228
2521516907
4889391088
440921413
50683243
2845402469
2197727347
192350417
2201962850
454015199
112532465
1963222586
379347952
3033156627
790211752273338372
2333203880
230319200
2364544504
391168591
1068079388
773428955214995456
776110016369754114
193373862
2706599804
414672025
139765259
1068896102
906475094
2648038336
384301504
754855801
802770632
629281834
2252104728
462910121
2427827258
306686257
2325518630
795593003742220288
1318601540
2856356531
841517665
1245607699
188708174
4802161217
3293354852
343239720
1709866242
2299916972
1444286834
14867447
713040163774066689
133764909
3436700817
1619769668
436730674
2283682018
44395683
25110317
4047008831
3363046271
589286587
151384548
2250752450
3958632334
354680601
531304353
4818219711
34666215
595378009
863630202
991475617
1306369771
905911585
906349453
1180070557
805780793515769857
4636768817
802561415802396672
424336334
264211609
1481960144
2497838698
3290984981
2246377665
2318573988
805774543742763008
785480625960656897
2875156827
433671491
802092250066984960
793817118743691264
433481180
778708770545295361
390324765
1331086867
306058431
2293440428
1370916242
2897326804
632829102
203070541
796449951643529216
428368107
2377444536
2607487320
561823534
438459243
148845076
2243105962
917243564
1054399650
735316014
2429234237
2972902120
1421381328
773869687465803776
710044495748927488
1288700246
359009177
632978354
792341976138051584
253280534
4824399766
1359325890
429797490
70650884
1006198212
184489591
164237295
3087165969
2333745212
2548419224
968955534
758356940858744832
1319044700
595663730
1133516726
51361757
2192271144
2380788234
4135497845
985254589
1330084448
803945815546925056
771435393568899072
800630640
1015332895
89740178
1104598880
2758035340
716357499939586048
485902520
2676044931
51140493
475127858
593164921
787296414695092224
705073788153679872
2342101993
371781632
3314862999
801841062763491328
4860809993
4854132653
2820617440
427769644
414629229
584739670
2215701370
126454439
716857591738015744
1353938107
455878828
3169131753
796033080335224832
55193168
265385204
621000494
2319748337
74147053
2589059304
2408713359
1346509117
793787252040142848
242225250
447005422
734053598884139008
2870991377
3056320343
508562002
790541461095714816
1116320838
3063738106
429404903
781480445783531520
2786870739
248669645
429687721
410485484
802559032733167617
1168974246
1364231341
2982341974
2674872705
1732349316
428931337
766981398964084736
495466998
699288457626181633
1890103093
3095417459
2282351922
1386751423
1414076593
253550542
216654360
2259459451
2417069802
126741105
426977136
2161187708
3025368046
1697296957
474947789
2496600643
1731603145
797437809644732417
4818884571
577023890
370642806
524545909
249131360
2902746298
2322290576
976455469
427446371
335395171
2222960542
779967875482324992
714202052281376769
206151011
582501887
1204706515
564377347
289042874
1558834609
545458489
3719207249
371724923
1707854503
801457403808088064
727103416682553344
771607371936215041
2570216668
244705592
3217711420
702230762679099392
195421730
545965916
1667419908
805729955879538688
87943906
443775053
87954672
759346461758939136
534135497
216458235
462905683
2444235358
2746586057
723150361112903680
2927037939
2174144839
852980726
42604254
480481872
3346732175
787353335351377920
357768740
2495079298
3008083671
85657467
729613256793444352
3028742807
1384913983
794189382542589952
2464168508
3978247071
796802534367170560
3555745761
1356804163
437833782
2332571271
158017561
1211216773
561396102
870218785
475788416
139681145
393644544
706922707137466368
714339177
2866632290
944614358
793115977634484225
3009632313
748328221
754368761185046528
213588883
369728921
520266667
601829676
413125526
497158268
3293324296
373942178
1076707988
1229273522
1617496921
4090258552
49709806
600485803
914574283
4126616836
4344764241
1093512139
724722046740127744
1137734263
2978834169
902483371
864123438
1311402762
804945744440557568
2447213385
271488168
803242837
156445152
163871004
463938365
731252371226042369
805774410821025792
282146199
96333128
120805006
4827636455
55822696
203544524
712376322
796246539668692993
128880680
390266324
928572510
1696504896
2826936327
1314132968
352557566
1042228705
2252065378
763694739854090240
2367849601
2464335277
1328664937
23049519
417937026
2863873709
863596795
3331461831
2376644398
2973508025
354767880
2301791792
421590820
2316972126
964876040
2948863234
2225190669
351137105
991727834
729924880288862208
3288126430
438849246
831981618
2986947023
25732270
1082400372
2385918867
59200159
805764128346411008
407005066
1470576733
3129266409
2929403482
741232713345142784
3638160616
2371925091
799252800295337984
2434019798
3374562363
941703619
332921113
3226558563
2365252169
410383506
519696949
1168797480
3243909749
735366894857916416
2270243846
2771049051
746036919960739840
2675356905
3312179327
758935701698191361
966116808
2838570387
2194870025
341454449
790468974110773248
2791075913
571008495
1357159903
422727000
428317487
41334221
1280566146
1482397633
515350705
442735223
889444711
618465622
225452143
2891879969
1068491160
452779546
1229121186
3045938622
410041048
316624631
702443682126041089
2909929737
1228391671
412134662
380253950
801790275085598720
113424592
350260649
594689707
2561389675
2224962167
2223326053
775430995
2521800327
103047287
528699157
2209075260
574738634
317278377
538230890
1341462944
4263230189
2598519708
3107510505
1307992418
2460745596
431500211
556818121
1155078768
805042719252942848
946023379
932478324
414993771
893289350
433694235
564773110
1100813652
738932299
155032032
1215471452
461124590
503452485
2748304043
714002059
320794789
2888908630
2385396421
316182396
425695309
798743185
2417683973
305780639
3457666769
3436590851
1128807018
878913366
401507232
55027498
1394277882
802170996727959552
2578143551
2385051897
189801758
724744069566574592
3431990703
1074049374
1407112212
206150503
1080493914
357074444
213752633
463006133
1231873500
753675279420235776
2197175103
4899231777
571710585
4871561392
423792830
2603193848
2554661857
2343512623
1255385090
252628345
452985926
374992126
1911991346
2323632758
733286484741107713
22009685
67006079
22059942
3042211947
794287344715235328
2975394111
165756513
1944884750
990881832
3348087791
746008230757867520
357333152
714837025153744896
455082785
79511997
1627502124
2906181117
495751046
14183430
388358551
1137576668
362093487
1938496747
274682737
2918679371
4414946656
2512327216
594846876
995538919
3870837869
438339383
1008791754
1071920456
2319707989
785506067002318848
2369487328
2407663642
122476603
760554672411316224
832113828
235733713
779976176416722944
3158750214
368491867
1251971718
1415199168
971840395
758924524146466817
84013223
499876766
2523003921
2716446892
326316197
1033539973
2971568187
338244382
290755183
636908542
33597486
4440079157
2833760769
2480594429
1626090750
134554873
635689685
2925423826
34235172
4205262461
1209302970
488856416
437710793
881890537
1061527033
248362304
26760224
3352855515
802200796368687105
9808092
2180163853
53685496
1189893553
939534836
2231198935
2540480404
427209531
720132395068952576
299637901
1098289812
700841898
58868395
33188455
2342894531
4928491697
3302069128
732317340092780545
402881758
396691435
453531668
2992105528
434245648
3448617916
4159734094
17647690
87648838
1239185874
792801019625439234
261621525
476051821
33897141
781589653027688448
281704107
915704730
4872303610
534383477
1386793261
184984969
303937763
595836650
221902171
4762591823
730811617
456546189
2533019300
106724705
2487798168
850130671
114195716
2388661380
2745585660
2376140579
344767294
706194032930758657
2198193816
1098999823
1390409390
790539450333990912
2913833871
405170821
595401077
755102530527457280
2872133933
805394916746596352
22606965
821799522
2508691499
1075391245
460917858
1041134352
805766987645325312
1007480737
358794756
746031626216423424
500067774
3018290121
301923545
949878890
449269452
2322781029
1853722758
22907521
423801285
1339067298
1127733265
22659500
3069520923
387126602
637292613
2369467775
2878223753
70386091
1690434842
2789154285
2587940700
417230292
2482396225
746970733
152673484
574185238
1068405199
1282855974
1357263476
760806683564240896
58241595
457395367
2780466756
420466103
1230361375
560636317
1172741958
1279865982
15377014
1291656504
970562868
1627870369
483284044
791287209508933632
1314567997
467291442
382034832
4869095007
2754543846
726428495413387265
585409998
4914304701
253542906
87248746
3000792817
3165917453
2212154793
2194877690
1174818342
1125109992
131238747
2747218828
805664789343207424
188657817
701388779114930177
387136877
3240122307
3064824634
173389528
1275282337
1107120499
385950217
3049218455
2756017623
2243752217
1270438662
805764744405729280
467573735
116219830
308745561
2501851306
1960868090
1930695714
4318680568
1354935949
133998087
1089245906
775636532
378551070
2346647000
458632561
151082729
37653224
4174063036
2290429733
4805159374
3906755599
2277154035
2355144468
553859404
1036813752
456081980
317424889
490576482
2221404476
96983913
1058200926
2375448565
750612188688154624
852983923
334291518
805731798512795648
2596945387
573648634
2342306520
360001807
251141871
484850334
906488575
117863568
1372461787
478515247
485205700
406809065
769740390
3299490593
942997670
2438340445
127650290
431891913
383739575
154103665
421155334
421050354
432314174
3387776842
765631835086917633
1853857640
4888813282
348125702
3041758444
96666156
167845063
3345594861
594906158
465765184
249167257
493568309
1008806545
3227318753
2780597242
2608779441
154482436
1479214932
2956811146
716716952325066752
393981611
3749611037
3303871432
4151528837
27660447
531521560
725882047
1660188204
778252890511118336
991898202
406860321
370639956
4415027475
1464788840
1024976264
399374372
2409273144
1186603358
804257184536297473
2520000468
805671318653911040
794136385
445727059
92501125
464881732
374941410
43335211
1313490145
2365011298
226627338
1172370252
2471307470
391661534
1311736615
375035919
592269529
799219281451958272
1477453526
4925341691
775781102724247552
711355100854415360
147551178
2211353832
2967886673
15108909
2376465507
483856566
247722432
484122940
2523337780
1071260784
2283720636
264430603
2479644833
717291432382431232
1228485109
3068966572
398032197
504249870
474292203
2230648208
704698759800885249
3424436500
731343264
1608414217
1195176624
1167287822
578950964
3419131339
1037692622
170227516
4889377726
23196966
1680697170
428956525
36662574
3746304743
2783991625
3008168271
1266649207
2330617431
863020105
2184883564
384881122
384433392
449896218
2397799935
414354427
206671784
276665800
1260232232
3949404681
2347398695
336810188
775008264572571648
3891498863
4893217048
722437734
454052150
2984790724
320737259
2231942952
1068430922
463905339
2180853339
3104457562
2572430290
3457135217
1080471613
51437413
383888615
4864139045
430937726
1412429815
52332450
1536096506
1048380457
427760301
2743381085
2465437060
751526872278822912
748056440481394688
2512774616
613766004
420419717
536600780
1326873224
529355511
3510108957
1357640916
402842940
1160579486
473076707
893488326
547770646
331136187
2524571118
270563971
2274450562
491634712
3342921646
2917195101
493568384
431042658
744666363713708032
2703548855
1272245834
477776987
428466457
403544693
1180337983
306794064
94594903
2514704335
514803990
819906073
99645256
521625330
32402183
1250202577
411405263
356397156
2488588980
169393661
256689270
204041863
2262991946
267824934
1036882280
2405213518
830673488
2350677641
76290734
1396888231
404675923
209007993
456669008
755065595217997825
1410489042
998818928
538690655
2404591097
150357753
631104764
114503431
795345194585620481
857893950
805697989218013184
2480440491
1039654752
1042515348
2318542022
586921074
2677180819
1010846005
135813465
2916512591
435887882
1029145604
343940079
242382767
1357773991
4850404991
490548353
4787676166
1967432390
118978778
442808538
403325227
827211547
3390859047
1307698028
3374659810
1671704071
421112233
191245909
2675073532
4860992891
1311236318
1055601199
55250984
38205384
700605760041000962
805770657917206529
1962674090
477543705
3032272127
515462112
215686278
987513386
2365515958
36803665
1053475112
916522718
815758254
351555225
445201884
2232029869
424243905
2373493186
1160278561
1527062406
122026959
229912717
17969850
1275350982
374509955
473021625
986244024
751264609
1309256480
754282812405084160
803294805807792129
895467806
384792569
2855125287
2185762925
4604296289
60159920
522133054
60026019
3107574627
1178495641
2426554258
2816273194
3034434386
484708643
706901139749519360
2878110759
1524796764
405792460
153034254
2322160717
387694120
775275218172510208
4888351385
382133673
481409710
1055484026
22708002
1562419639
1845173006
3402190601
363616701
2357228447
2221318495
2359548435
356975403
414978233
1340122417
792030332
742027791990968320
798164626844319747
782686225
798168900592631809
1594040222
2486830840
979155253
631399903
81075901
421433392
513341924
1254834728
1159508454
435314449
4860111165
805751723365175296
895702736
838697137
191828460
2754876919
4436365575
50233016
4426518575
2889612136
778883788575236096
410652892
2352305154
449724811
269283115
3321312502
491140594
740006454246187012
733519268
805737372545675264
801062327810461696
400608432
4735786301
802603165174657026
2225315109
1176499273
1275799418
799386769082945540
720897240366194688
701115812887863296
403676060
603770814
546969164
841551709
2437639697
548361139
323856523
1069272026
409089494
1362881412
2257560786
784318068889559040
280794591
805766429660348416
4621068317
972337386
3007150403
2821597763
561391482
2418921020
2365607444
2308979695
830568415
1534128798
2228813671
1347511531
3300479032
2166133390
387555115
2714708218
265310236
72110791
376373625
501951935
206180236
261612507
264753679
11788012
506402632
2253438805
2229631676
2259395426
1329503420
3006719945
331899482
1370308218
1961048316
894946183
2388245224
2397083955
2751787899
2895077031
767688070779002880
533592035
98204739
2909963555
783950660836491264
566540382
3253240709
1325300101
2468130335
396459358
404088514
939170569
728733122695725057
430621429
1128901224
2869253230
72820109
281884852
58867324
2848348516
528771794
2652874504
4622622557
448761968
765651325610758144
2713179867
740965050836455424
4284146182
795707563190976512
3404794852
3064377281
2789594932
456894487
577226307
501874833
2562814182
40453222
301711105
548471623
1444734901
206419028
257665435
423533699
421758109
2878090661
1291622634
715134939155578880
377346300
2628180141
506387757
57251373
3842126968
82179120
476175986
429928689
3121892753
3081602615
2429503261
3069657982
3431302787
715252826100908032
478135592
755313289
819650503
847108200
2397844595
1556455656
432637066
4126934782
451449745
362069633
447258138
1035806958
194308406
45540643
2221319742
469516428
387329231
3033476780
338959743
1420960070
2726498655
995345934
1034473320
745600405
2350347318
2940999287
2264006410
2837994496
630096787
805119209588006912
180305258
1060544983
391286828
478663552
233223130
746263383473799169
743514238493278208
2677043751
2186313922
4046161715
189234594
128490421
18972220
1039274630
2884866819
526735998
2880664491
802932138601484288
469750828
420626048
318939574
1154864036
1391491368
2462541359
331547501
55568482
769128592299134977
514665209
381943815
1511831448
524381279
2184707792
1070732071
207137673
8556542
93197485
3309282801
757949254765834240
3136934105
239328110
2305403337
794943346502434818
2696622467
1096331473
289820796
705069342661218305
719817768690786304
705007777106804736
433125456
270382626
501137418
943155390
2977934441
2975094340
1261872931
747404363027652608
1276033099
247155813
964719079
313457842
3332219884
4459166907
722390391731974144
759860804166389760
552942630
803895871993769984
1890129044
753218253598625792
3080004435
429795088
1538637733
2929353701
366591210
722514964095889408
1308988975
1260171894
2377412736
771020626903572484
1249912915
532463016
2758424974
769589040194654208
244936627
175480581
1145835457
1080257646
1286652252
737340994375581696
2951587293
749331366202966016
2809762856
1007282528
1157133697
798986980159692800
1561186362
3303791375
980929243
1157854118
3053917222
752897299186155520
4863618933
2540653035
141236993
1274249790
760547032625020929
258599279
2960469293
395562472
361211235
1134804595
3374281462
1443633074
540743461
1858411734
1031029266
428436187
1399652916
2731876079
4539264436
2754565029
1656931662
801520165250887680
255674310
39140772
3049633374
470603138
4891899964
528880530
863410866
2206549446
1723277772
722684492
29299066
2626236131
1164174092
406941651
760392779533053952
2937388577
2787225059
380539381
628367790
1081233134
438495557
454971045
2185717829
710864700851032064
61011257
2609290294
2999325983
426445823
379256309
260786308
713698855032905728
1603393657
808531951
1344131071
574617630
4701923905
3429792322
164680904
621035326
975700172
425965881
746324746254561280
3971921722
1332630272
3224857906
119403625
2534356083
502178280
3336497591
716630573641555968
171453953
202278912
3038785617
371808189
237680524
3053055853
2377701816
193683674
387643307
771702640019402752
3133337548
119001227
1080795937
1871381000
502131041
1063332403
2369389563
1167316106
914490302
409540134
2305879171
247242816
332849354
731480135505969152
783020754883469313
236397131
1107438535
483727150
171976569
600977226
2194433942
1386907261
2576702326
3046149161
1089671376
236114749
1099490318
432766701
279975795
47708105
3588475175
2964012705
187581685
61186796
3431793190
557018960
3011001645
239434137
117701249
862825219
4091800402
393519608
2982705353
331769401
91313375
866515321
1358611800
2762114060
3351926470
719358879
1295714208
1050116880
1064151775
3027753378
314828018
749384694219800576
3037264439
86434741
129272788
353645009
4063380377
3123285591
213616021
771114116035543041
453161714
98897455
1725558426
475234937
526838409
421827186
567326208
3082030787
329817290
234339579
2943393603
1359282018
1357675208
804008103222054912
1247052342
1246270873
2898075617
3393947795
165532712
1461760566
784379773
2217996483
3663181830
93691257
290512047
2719760326
519323528
2360560600
411377231
1224349800
593551587
486781021
557127139
554376845
169610638
2975144398
45140845
998139500
297300122
702483762580422656
735221863
746691972459597824
1449282289
428376870
925583479
503303414
316364685
726333230526373889
1337519239
2813435920
2742139576
4915840455
1395455083
442249763
710171600092598272
418989912
329923237
82313419
3332411590
763405961205800961
2438650607
480446420
1307442482
1619917472
225490204
256509761
1115056111
329516948
805711441277972480
4815678869
2423442685
2363871535
2484857381
136232653
396740288
1548002420
1333461488
1231473788
406831073
3318809865
363786842
484158845
412522858
482405981
376145932
419285776
599498290
355191029
3972492568
752108230160023552
2679070518
95482042
1620890454
2359426044
3001276187
85590368
420533831
423294786
219278789
802878390357426176
757695815448166400
4136518337
3259550685
2883758397
333441243
2342517254
19592755
962462347
432688797
4114886943
324262863
371671735
2405329984
3099708933
131873848
1690718778
2328471661
1250126904
3322795311
4405181775
998138210
3179825100
500214625
778914262689480704
419518532
589855405
155228926
805737083008675840
392142875
782577416548020225
430995535
1384894520
2379301870
708248130119143424
445817762
703920714676641792
266249609
110190828
1549242308
437358087
2782565981
3115439062
225000119
410752364
2241274927
816899671
1165895616
495419596
365973612
330466142
4155749909
396756630
1050722125
1178565433
453712873
4784052443
3001188891
2267787658
2587168175
3295812385
2267240212
389920206
770157263118036992
2296569134
706596340306984961
782585681990279168
2982639635
3001456207
763353589347672064
2761835593
488895138
775793042959785984
4876627103
493452187
393501472
746539553771651072
410631936
793392004159987712
477764834
305051024
2890717774
415132059
552163225
1341254522
1055931559
1608490903
797679000
476811892
123921424
598650191
2366461149
246277707
459415484
98088844
1849672393
183036157
700644864
803371786993893376
419489518
1097519766
4822567191
413217587
437775911
2172743300
214901131
489385282
406580561
2302778172
1146131426
1053223004
418061861
805733715301298176
255037440
186118049
211191573
1010807990
3334148349
2283373956
44322156
1235834708
797171228092100608
761512773490733056
754765457459146753
2727207762
443233660
2197190503
1967120184
753889512690950144
314059678
3089288838
379706102
1648213129
609404111
743016612048044032
1471608194
775421050054139906
462848185
2689665578
2398143679
264982328
389638623
536769582
361960565
2855057866
554504621
1469612947
4441408335
742259446764711936
1449105295
1249848746
790548585343582208
2993303818
1954771934
1849326181
1885749720
2263675613
1514096172
956368879
701716640988270593
410972234
2523568577
2577264482
407380746
353492673
2477603211
1228536066
336442306
721336143564926981
715525255972917249
1327803948
921166327
2260295838
3004133483
3298144097
2221331347
410985556
564038388
430857804
732773769824047104
2330865256
1140596424
555956809
513361697
4877204938
768783082736455680
513450320
384927198
293043500
2780234221
775318412507643904
2301960876
745339531566661632
183287158
355122344
2294935707
727850228829818880
2231919056
367884372
3401227875
519587717
3884448093
784510322
2886982929
4074742552
1445001552
764073381532753920
862981326
732970367434825728
2391652852
793166155112386560
4459087695
1030541976
236939562
1160507178
460275730
4184261189
970835599
567159863
797775638358847489
99973010
157474913
2858721511
469132761
497871877
2178758289
3400111648
1015224715
1057930387
784146474
396218442
4864664511
1076597023
328701052
418837513
2240344787
1163796132
97221744
363542054
781546462069067776
2500415726
2224993088
2435099377
12712562
50972738
941772781
800016372185124865
560977621
599090564
4844733082
2521671494
272112410
637254997
805772104461352960
804354408
4630839929
63709165
772179521084809216
252585311
2458230818
496205059
266855450
4187702435
475248885
4777818957
212540968
1192260607
2714596672
564808757
520206776
2229203829
2158651894
786681004744445953
3091275909
97281454
1722899785
2900897831
86351052
137765047
2377363345
3352432162
326226399
2204128029
483434707
3247971833
3110845047
767040529100079104
79279200
165962443
2334305618
56487920
923406253
2227239038
962375468
395404441
147523248
773997726
372255525
455867329
526310900
2800392316
212019576
2157047308
953901380
774271784384335872
2183042574
59869460
469398862
4386339226
1062937651
792098223804583936
361754257
1013151366
2891120987
2741727190
560046823
4908499649
283037364
271541039
405630071
22043779
2155070496
288718876
789613120981438464
378799977
416094664
311392231
709083360157638656
4892583579
1622692933
57279615
971708142
3784148609
2447883613
434870760
2379093554
2238011889
2539893381
289214112
605697838
162312404
63722830
307781832
525214773
1532077525
795317869131268096
391345698
978514940
2183769826
400899688
464898327
3408677332
2571088997
973621860
3064457183
1105753646
490443507
945729890
463841107
2361814984
3025426804
797008582822821888
969733694
222170521
980693485
503749592
283626884
2153812941
738960168768180224
2388953123
473967210
708587318786007040
120522705
795010190
576471812
1704854190
358900883
4259508101
564480485
1262242734
4910181370
1221792162
875324551
396864261
2557326428
2921447206
1469982290
906331746
414385318
798871038
32937876
708570847
407079267
366252148
2267174346
392656492
2416213261
65937395
358723329
1885903771
3039628433
1389570368
67734927
3224046916
2548104146
1275426734
573016883
69598685
298996098
3189709065
1374652910
2375645982
3171369615
745595735966613504
778693643976581120
734421722989010948
157950019
3182903687
22656265
3040391193
55044693
721068668944314372
3620391615
3043362960
799682242142343168
200235787
460611317
749963389
797862852526821376
509309634
4834997097
607981040
2341941243
763143014353174528
187452064
961048572
2272854847
330349571
112805407
252755806
553143096
371451913
2491061695
418683219
495277040
768887920203862016
2231611506
209228950
1278202914
770500091773845504
2966200155
801793188822450181
3750084076
774118118
1106888090
28528873
382125014
287334707
718146971
144094119
883127682
2882526197
22203964
44178283
1540835622
703301775504363524
2438043317
553873961
358289126
4812464489
2363684405
388362333
2180630159
22083
96127287
63745515
2940585718
22345073
805768460802412544
1183179234
1066529419
1231624994
1975150249
1534316209
472893871
800608883525881856
243097501
1430615509
224251499
1595843437
153522319
2955136911
995021599
990661279
786532659560378368
3082082087
1562890188
499639372
500881322
340991415
1062966253
579677765
493887395
827716970
1384397684
775299421705732097
419626195
815961534
1065109687
715186946616725504
345526193
234011417
996850076
235323455
747084291910287360
1117368404
126958404
1212975134
2368673324
233704986
318713537
176761511
250693134
463896170
1109787068
754691314176892929
899952481
1011682418
710436342
3613300157
3723326176
2188028648
1225509780
97700741
1075133658
4882567287
2845737279
96312573
96851178
778301520
3538953856
34187758
2295598174
285045023
926354131
2888255921
2806094501
702128508835860480
2938313507
1160659398
327387104
711544834499223552
826764168
704078981591646208
1357715070
337555221
944659129
429867337
397169325
101907520
3226405349
2392982702
845781758
590833841
1334865294
4823775460
717479185900576769
426903849
805755804922105856
2149099038
200985380
349818189
258562609
3410200684
1708185948
3885094696
697849743972691969
3248079646
1933244276
3884835388
3049865121
3015203625
305623772
1087094706
332951041
1418976222
381589283
1234133557
799826440439156736
1918247922
2751130101
478565327
50314830
772056899814645760
385130841
469354495
793805935609339904
2400412774
2483088442
726022286717927424
3065652119
103395147
789897577982529536
113446660
3963984257
424154220
179486797
277951072
2172507394
1030996831
72248630
896347454
243402188
348460395
2973337469
3053979329
47170794
406360666
3307165198
434761742
2416068015
2414500381
493278355
805764313919193088
1042935356
69418369
2434259124
301451582
67283912
1660751173
753717345512718336
1367290652
596330003
2837947463
241289430
633601330
218247950
710484705561464833
767194625329209345
257953952
3245319177
964460408
2748628638
169233625
787986463
330282851
238520291
2765940990
754699206263238656
779608862064246784
801018581018411008
1715119512
3042456095
448335186
589342110
2730482441
333291361
362432939
381419274
445596864
3654961996
1897458422
1092375967
300686926
997327320
2282472413
604477428
588424885
89651876
3342884483
702845775617912832
2961675897
244134584
2588366118
1201012040
1271715740
154924260
332233057
2219899278
779405054147190784
2346923772
2858584827
1366886233
418218418
1577448744
1066519238
377272505
707725315
212638814
54568918
252255936
2579870255
2517639023
767473064129028097
2781970583
4408432037
2336993334
1474200126
400383332
1510136666
2455541630
324476158
2995507655
3254705038
728267401
1562493492
2386237696
2359448190
33521233
507768657
957427112
769269640946184192
26536405
764387148288004097
797805269539520512
805556531831906304
862825945
407685967
72129328
1021541239
778238719878987776
2899699987
1068963974
1064232619
364155111
3187182555
2610591821
290526506
3103748006
831768450
1275867079
797053138326945792
987286098
289825793
2170643185
798610520785952770
624543149
477607199
738637670
731884829642493952
761237376601563136
8266162
3095355645
3327903855
932911370
1016682894
2340064633
825851462
4540267581
2941026292
3294159100
2342630384
2850074284
452343838
3320750027
702759586328137728
797082922415259648
228027870
2876741794
367232658
2340131659
3308099978
1569692215
2583974283
298466638
2597512767
18616891
3417536049
594548423
3006601383
1283518398
264741422
858461498
3301531378
2250757714
2243083691
2795660401
445473517
2480352662
55251916
1106648863
776388048561078272
480218550
163409464
565628483
97773643
2341007582
732561151
1302109832
746305585642110978
351514115
383902382
2356888209
705449054248034304
3294297172
178659273
4160203479
772043263205318656
419019604
602216944
706446857803796480
526191743
2966174320
3094627961
538505408
2792119504
985140906
333960904
1455387631
440691898
1926643158
393923156
536664363
719909485
1199579786
743898591597559808
380513422
754658882551738368
3200053252
2458455888
566489601
1352301782
2380646586
367308374
2260328994
495907707
2362319847
752127985155801088
1174274426
180317088
1154788808
415664629
283636579
1056228325
1651093716
402995433
279198457
111933671
794253910085140491
453277617
244270709
418758587
628761443
877730935
422784893
123687106
1128717392
954821
858003427
962311958
39591437
785598969007239170
3405754877
1346574637
1934261960
386207571
4129589421
742029848982491136
606438986
2353082360
945407058
105259719
714415509790400512
121368445
410206647
3058404607
1176618985
3377428947
1485232748
413330025
636035398
3228521201
720297033651863552
3217393599
739891026136039424
1278294324
81599206
99964869
1424957299
464516274
214579361
493949099
706711917
1063037172
253246255
435671501
1016066683
439833080
164837443
209511945
538462625
500122789
451348851
390065826
391642711
1242047258
231414854
455612937
605650478
306064701
1621368146
498234811
1580962698
408738224
113769603
972612174
1562752760
294048506
636164126
423519154
765965375792148480
2486449973
1248853178
1016105090
450457312
754304004461658112
329937650
585455321
1946899837
2149606038
4866958593
405467369
419743304
1521455803
4186758514
198422919
1034417863
2327439356
194945732
48090650
420444462
955761992
286682835
2921143773
281134776
350226442
16613227
315266120
398609882
753931328664535040
513144334
4092809355
751670545041788928
3431276171
1484793366
387306378
2471509468
300890546
222578228
412501366
2353752559
593791954
1055182616
458202024
449280374
1017786078
387166314
1848967950
2369517341
802227407394578432
147525315
1229535578
384823761
1528310352
2272893092
1593579625
2672988437
2429027969
2411624330
3055057510
2243622492
2984621433
742469305976098817
1002663290
4877601425
754957121201004544
63523101
805725653563805698
252580188
3256466692
242922585
999571362
717368319720996864
488774565
781602919833538560
483726821
3405634973
521337019
2364819052
83326299
1747158031
552168790
128642289
422468997
3053723635
103444619
4827366741
1008958405
38573759
347503470
1192442587
781749446908477440
1010914416
1492509740
50246502
900598639
2902692352
403530668
786541347750588419
1324763318
4705505042
852687006
3854643994
3303841109
754269659998855168
1598750419
573026318
147543162
702063526173667328
2753421268
136013337
580422411
247863643
130270574
922080318
425031071
454259670
764201799217717248
2990072992
2965000805
782316521750142976
944519454
2198111423
1974589638
330303402
2236533337
328172814
324885927
578852898
2588051975
791195738785087488
991798530
4266188127
1086641828
569817587
183594012
2904311573
804436049225220096
2248753854
1676734230
805768373913190400
747062107636637697
2889628751
406993879
576954385
594802106
793738959276929024
3739713681
772074670208221184
4326503175
514794207
400352031
753570089094504448
96220057
102485345
251094642
2605945762
2292740047
487751157
503176063
1898454535
3007369708
404069171
3254278582
3254304580
3418726954
239143892
56674519
42056051
1270693644
1259041459
2360749273
761203827806789632
468581456
3416195266
2193933849
395759988
468231399
4754445280
801009914546188288
56711184
13573252
805145682063589380
1409217584
192943412
394811523
1566329647
2865838734
4703813781
469182544
712713408806842368
322362334
4182142288
197040865
904246076
4185928505
2199283209
2479620311
503150353
375067842
1015333748
1219888831
345338849
2401805054
821719770
44160875
3179753276
872565936
1077597126
349810156
52694024
780089815786283008
375296840
429085080
583920508
526664415
418786570
797554230362066944
434505068
3226612972
892954382
810449076
803591105413545984
283080198
2517301839
1457469680
544270231
305039987
3439290718
3083502694
77208453
4896156933
215593566
3309946937
1337596044
4702970784
339598443
417101186
1702025438
1065387764
745014260087070720
794959084021805057
32426416
364452450
252316883
575654596
557750382
944269080
1179711277
815469620
2410447644
151983347
953503003
114409134
426106037
404063825
2706476465
2580752990
2386642032
1324566829
2734118716
1162582322
472922482
2761980937
1351561135
2361360169
335249305
4910367893
974511188
392169271
255448965
1096323168
414373079
461032513
264318097
791313276
1327639712
2290500725
16087705
1717274785
98689547
471998579
2865546393
50583397
28820399
440369275
1040235834
4133217027
3239328725
154322105
505228350
1372596200
3481946428
459180066
436499309
434857982
776841423421308928
497426257
1935131791
965068518
218923278
707184555887861760
4081606847
133778334
389456567
212534833
1681073648
719828254371106816
2660179878
794455102325145600
318575239
1005353498
1076316258
2914286685
792804255690260480
2338359262
2804052821
770289525000142848
3179240423
2526938820
500751096
268744692
403697237
733320875156606976
481287765
805766876928364544
1375038438
1382414960
364885481
1379962796
1060911451
712647058709155841
2969776185
418744756
790497677888856064
723963523655720960
120412446
433544862
2257121711
3513368788
1038418454
586568738
566142199
462831159
2900503457
620351637
984769788
337185218
2791966276
1225064317
2385799301
75113071
164223102
3389194037
737927383148285952
2990447278
3048104911
4688664552
2729423236
3241115409
483793650
1394857658
2425499532
3115979247
1026894067
1880747821
418541142
772429490756681728
90849691
2357502873
430844411
459472257
283932101
1292021606
497384675
340965292
154587914
416165363
4735423054
2873941104
84813116
2586065103
984608412
4603979663
2979240557
156019997
144800374
2680027245
716326404707713024
3370931632
435136836
985045596
312661898
247505099
1222640652
3095218810
962235703
3182465583
2329191834
411623008
2879750159
798110925828059136
138364373
101011191
1281918049
805773220674764800
804080566949859328
80200885
4235169676
379791662
2348140042
560509154
357004267
1926128882
2379982425
4522911016
2447574735
426200281
508709778
399915364
1852391984
2496237324
4822072721
2388851034
2527780688
541110896
380275805
782907556159221760
2305365956
2725246077
1357793023
453929176
751414388
2663751512
1447215498
45514913
3288788129
776003975921401862
2358348371
987492506
2272705066
40745772
448842961
561375612
76615199
797197311201972229
133790890
431901295
4893474419
1655253469
895286318
1173010872
290093767
101445331
392170270
715230401489465344
986210352
352496553
436837074
1368152558
240710359
101014254
859927674
487711174
1084193910
250588334
705813420973621248
2813922736
855369620
340830425
183158267
730131019957993473
790670703016239104
554581695
1168659224
501811802
2394225674
336861442
2341083257
1682954814
569189279
747963714
564160458
317951602
1433806334
541527026
2577315657
160471953
4033980106
340852625
2860777154
2362978798
1085863038
1710060782
50286652
915969295
4625583033
2976535643
490623973
721338196639014912
238961289
2397594482
2926532355
304598010
40985455
1128760278
265494725
2291206839
3938701215
2531197737
488339106
483054946
1004781943
562901844
772569713268359169
429780274
541759113
999371760
863028571
2463100707
1230010460
2304414910
2363490707
512116327
2203910772
165317427
306969284
451060727
57479575
37907656
745623258
621848107
489722273
360045728
37776782
489562627
27917146
630961397
3354849862
2442948483
114539972
434864209
761067754455638016
96327061
149443381
2432146794
189811579
1261756135
1088677627
455788249
545284832
4092492821
1099026602
2296153657
3559735215
2644998883
399585033
1028060143
1054459548
943709785
68111970
3038103838
413943853
470257543
265310795
548616993
317061225
2147638752
2407292225
106378808
405038860
451483593
592101011
451460002
803736666045378561
1334463464
801408798422421505
2318220141
2157694720
418918882
328407779
2179100758
805785364631851009
1690312585
2468278049
713058194059304960
397393593
1052279604
33942642
356964669
838513578
4890128368
2278995820
2322947462
161983199
724688353
382571729
545261922
156588203
445050879
2524404516
426515004
1389805699
2258424567
3879969267
2313667127
1280953482
712668381
16628464
2609688214
799177228672237568
417800630
2342619006
401993777
2951637958
2622566038
1682635764
888531398
805781580161675264
454088602
2534513566
1036878504
955966339
321033413
181629711
2446527794
750480775615750144
3385105642
1173247711
84300444
1292204629
22053399
13727692
2411949635
88014506
714896919349346304
3697294275
717452216840429569
613917828
463925370
167566334
434387464
2531011964
2198044864
1901331644
1406041933
260230310
323780096
3356427399
2560478303
465494967
801512564366647296
127530005
244596457
2192231341
77240565
404951630
340847319
2355391573
23460272
193786720
120283895
415052189
558987287
3379436303
126883491
2360744315
495011205
1556086555
4889849530
99925189
2767883764
2251852801
888296226
104445607
238183373
1492164349
260150517
803557366662893568
258294816
716591970106417152
716911634871160832
399964269
2757933645
20432064
327799914
740874648
2980771604
3096568605
282114224
271468279
122363556
499085030
337644410
1356882974
211117366
521798851
1077435626
588275518
2365219877
1329974636
4459286415
2336448263
586498147
911093208
408681712
428601367
2198032835
1177071931
17648551
164008619
38830450
775301877512675328
59416453
792796232469114882
2830900625
2694982606
417227921
1058696390
2170637596
108717695
2564440558
4876039581
345931188
3095233408
1619874793
614579877
2219871178
3672868817
280242927
81670783
408021280
4718852476
545918446
921732799
490602212
2761341579
361341817
2772829228
735650089
704690252104003585
3365743337
2223407550
593658156
1225880509
1278946543
327609918
2310543444
83071101
2942209786
2845429815
1016215621
616386306
389076701
463020092
3026781512
707652990
50591106
490733693
2157985906
701513839989358592
96350254
939768054
1026398936
1277793402
544700808
249862119
43657967
368118881
709378917241589760
393551216
1443706704
2479914550
2347588247
245924561
851318875
298455004
1194951343
722049036694499329
481457729
2377047123
2322998168
590754460
2734867583
720207369645502464
2751139073
145592403
102200819
1315096190
2987950900
498915523
352576987
593582642
216304742
779627408014139393
710525705277325313
3063216130
778717606085734404
409884335
2285405345
592489826
1121935224
2598862667
52886983
637015768
295535267
121424128
38964269
2436608759
805768869180829698
188269982
775294620259483648
269929523
440313526
2772204826
2351835684
716653596654313474
992563164
796340446221963264
1114681735
791874462
723094218734862336
3308720038
3064788837
2862216426
761579872531673088
142611704
2791555302
921526615
4034460233
295948759
2985820509
1368850908
773074386
1146147427
539150646
778643052873285632
2974644347
2357809380
1316667145
463646621
2280648054
220996437
56405358
261264162
1055140058
231134468
2776380137
106738070
793813860436348929
405426716
22743702
2325391093
571304184
435138644
302251801
215278944
2871007953
4861532578
335189017
1067756382
3458373497
191384333
1407198973
257401804
2400560849
2356354474
391237371
728969390163677185
537312357
751795933415956480
1880399689
1876822644
710148109901426689
775126274960416768
410960872
4299066556
320253490
791562057183133697
3119071163
1166877775
2809647934
81707635
484327726
117754821
2800729570
2567298888
3049277276
429274652
387198659
2164608279
756085177709916161
163899788
2373806545
2723423525
483258299
755028067517693953
485546674
2457754559
397012996
2318695169
415129119
770534999158317056
248672914
786778001790959616
493260423
2932258043
719901382808072197
763274784969031680
1239213457
4280485636
491145588
1074250160
726150285870157824
2862435837
2361146452
3244021258
3079251951
3246342550
404334599
785810776040755200
4104819773
2615032505
709052668220743684
466657383
64373600
989677994
48967204
2786855415
1155222637
621038509
785119501553692673
3198801491
593237139
3049499745
785397318
3055751316
68695059
1026948296
108869321
417920790
199656773
2349895098
1360099448
20430345
2176449613
4806536835
2895074405
392154078
4514669243
97962621
798852146
1169245177
759708394122977280
2778247005
875349601
1288696170
948318834
986382066
394787464
14348467
3422769471
2360804453
523642704
141975784
845386194
703968250946781184
439907099
378243808
739167266760183808
432637325
160578815
29452509
410968783
1016052702
733738142138785794
39265477
3160030421
477844210
1257539040
3359722569
1219907660
39273093
365443341
2318930618
1026265896
486456375
2984135811
1315995308
851456364
866580067
1470432672
4881267029
2985400847
495623215
3120931079
4190295975
55778343
151020019
258024205
800282029254246400
233531154
1402093044
500034455
253594450
2217674274
480408730
2399247913
513444329
1624749512
923368536
797171212862496769
250086193
57044863
507966909
378711646
96618058
517929046
4053837041
521681061
1338878742
863232396
440246396
3846535223
455660676
141616114
989322810
43762504
786865600115204096
437408402
4783125591
518950408
3387294747
67107066
775382070793269249
154082631
2733304533
406226381
1158224455
1044579342
46471818
1228335115
215802504
1042862978
2211027499
196560266
342569184
1159997508
142393098
219406236
1506479251
1367973715
2369953109
2390747907
3207502492
450555112
2296008147
277933820
449736439
414646088
774578326795059204
2239697994
735788453737041921
730485660570812417
112600567
437652897
3019858185
88223869
804368763781021696
3318421203
2355289058
2292610962
477686599
2221643012
46120689
2732521871
192244668
721826003996254208
1164188192
2907756975
723538940502913024
269221313
589423738
611831585
2994896470
1744121298
407982210
1904781277
81575939
303022623
2202172361
3221685154
494963270
3296908558
2396150167
423738002
1454614525
4133259777
120433474
927399679
702947473849978880
2288157877
2216179636
2375216695
595426729
533215636
2425442529
1032807428
511817789
493303189
420538185
4885275881
4845403365
3310852186
30833099
2409152520
580763489
1298482453
2238780044
821518610
407636372
295742279
4878966425
784066684852310016
720349689808293888
779077333
789939794088456192
85089735
300847002
215976090
4646349136
3357308483
1079226488
803188604491231241
2173725232
3740658136
2201369448
967843051
730962018
222431192
2351735574
72132769
2373624002
4130639901
618961022
802512718905409536
3389883256
274014643
360868017
1729631174
567593615
783330667258142721
3653292675
248847422
743531036
1066149530
805759339931848704
1331128747
4361634977
398306711
709573328
292158589
478672825
1009626624
2449550496
3145657781
167046497
1299375126
342663113
100878763
400359479
730702691425456128
1209547698
1357782474
456674882
1109152964
1042546080
1274289852
4024081156
85636061
1897585116
820489
1563096144
487564934
470824201
1280004949
153342663
1404635250
421098765
218269511
3745800203
555019079
2193133820
275068021
892990969
360985537
2424988655
473403560
2902258413
222411571
1238729318
3056828201
142229682
38878380
2482305961
772136635928633344
2978229425
3384936640
84582608
20072873
801313759
3037110123
80548769
566361704
2337395271
1208620304
390653554
805756027174055936
487921167
472000716
2214021765
4085028641
797136508293627904
744573198163939328
325195067
335320911
1140378518
1354201196
59081373
55360087
1065927258
40312584
1063939244
411323343
405192597
3297601040
227675417
744169435955625984
515858698
322715453
510360682
978934117
2613609390
764102469047771136
3349313541
534655010
44105930
2305043174
13294452
14800149
28119689
2260451383
473166234
105531870
2355023489
422497226
3327831430
391450948
25529201
1601862823
330251483
908126539
798935970586488833
800747658893660160
1022538426
418531608
1694641429
4783282515
14494317
1276339076
427372566
557803659
3006534209
15007608
795170913759232000
399461585
436870309
50338513
1531023738
1265136662
4112673143
701647912686764032
153565754
1219880312
294231932
1041823142
242357249
2561253733
1268082668
742634833541750784
3023835220
736299738241306624
532545883
636062345
2485728489
704753347929247744
257884666
229502990
452765524
390955003
478807479
448402028
497246384
535260242
1230533647
3334410377
591215948
3439750456
3170228729
2753394142
805321414907727874
3000195293
289564412
805755461677019140
3164390831
1121521046
154122731
1510780328
2604042187
2876784275
362992930
321264725
489421781
1873172964
916711892
2752773988
1198029061
2194894268
799734010490470400
292651184
245715438
798712404288958464
541114609
949175203
421997770
181921336
1614700928
324859854
805736904423567360
570833587
3970849215
2231399720
1401837103
1116938592
4340888903
11084932
714845919288692737
424142793
413010349
1007051372
421723841
353926568
136971453
3883172117
1646030030
461962554
964635296
1273364526
500763650
469520961
118028997
412246192
717334646405611525
562282172
1362517861
4227664641
207023275
394036496
2267623882
1362407378
50590345
433435963
50257478
701724582
2871347159
401271865
2901251668
720592519
540748776
1855275732
3973480762
785741413078208512
484982241
2276303197
271827584
552916732
2780053473
2352059977
3350423657
1860871
118714798
111063679
1326981517
3408525531
798939482
805755978696237057
2344874769
730673331851132928
59720283
1275752329
2154746892
3136892145
797104188434120704
484147648
1021727540
1011559662
4786466487
846308478
1162367792
2170368595
361209360
200657994
710474142
2937794518
547050389
528982970
533510595
64744912
349569586
406453295
744837475193987072
386685841
116190223
4098447160
40708908
1283444665
18577800
2163139580
4884166671
2427964266
501931987
27874207
1169338080
2748191567
3304540408
698226027756126210
267763795
555569966
2174471289
342296335
105355320
1227625616
435697521
722919613
433926099
1082984088
2446945421
3338622107
426435191
804058015
95119630
2373222249
377535642
3402336711
585391357
255974596
1895234743
174178027
199348405
774219039841325056
2714660159
325165914
769509046227496960
703338796826365952
532733052
561381621
423559860
309265389
713760287573348355
706941798128680960
303666577
146790404
747335061108711427
3333764236
383227063
400076822
209300173
446937412
118401565
2788765798
2572210756
1249472208
2788788411
2891197923
2214537264
435791610
19680237
56646271
462486093
1534786369
406609546
516453272
2877640233
3237012287
759739273557843970
542327855
507651081
1076880152
758323644854599682
1076337458
720307466576248832
490373717
515467579
2246899150
776453054149296128
2274234895
47161489
781793383052374017
96109716
957425850
2463497702
351756292
425806885
703386818
51757652
2254705664
1288383552
467307839
513413652
2478580177
4497910049
2449219440
3758739195
2401210895
2740067747
47172123
805753818663284736
64139825
858517812
438660521
218474628
1456631540
4581314793
152186743
486509124
3324827889
2369642345
702110167320698884
768585707812249602
1527982182
384569823
987294012
3879766835
2411149982
2740720654
973456609
87467449
4445862023
730380067637956610
2380747454
2244460336
1094917687
540895773
552813421
475827565
2401743697
1050588654
284220925
337168538
718402632126197760
396151080
307278565
2776880399
794578360588521473
4902200932
784105196070854657
248734017
889062380
3322620622
23046635
120812398
3781248801
943976030
3368018859
2312654069
1357718432
2271137279
428300383
46887047
720515573
2943733317
713372677151596544
1229651126
425974377
377576138
35804051
3075717071
2786077631
1588252674
20143373
988797656
4848782248
1274899394
549050066
498125833
2509319063
2751680561
3973423342
795618131507089409
68640468
2390176060
188409000
803947078590361601
3224007970
310195119
800412781899956224
740277257424523264
726721856749842436
4122678207
105511487
722463098
728214116859559937
178436339
2980878029
3222096079
96233686
1103812855
3308288710
1092670394
805737774447988736
199290543
724321908
2679377412
2379902109
482112828
416928501
407134990
1570341018
33891215
201383425
224759837
564481358
578705554
390688557
1160400798
2965770017
1222699580
377660882
807581581
484956746
2983119910
1275209630
1348851210
388420971
4414252179
2732001785
2857413639
213265705
252512780
2470879507
243772835
1063704396
728444164929511425
376206994
1252183285
2674941708
799175088423706624
22172093
551979725
3245026150
130181213
26492009
464659065
579318663
805780305961517058
2831366043
25065774
3128584955
404987270
805681905203027968
1709547350
1040471648
149097320
223951853
778284942820249600
410876976
31499492
1036593667
2244886947
1425509077
2338374654
3381325839
3860196976
485124432
3068635497
407891527
444061344
3063187205
1039138658
2407400013
589053788
1026985548
153531595
206831627
3305521049
862701492
2192052075
9220912
3207820852
3094312457
2342272249
3985072012
707616770656436224
783020674952626176
151390694
795538130
803704434815631362
1280950585
962955534
2224880222
1374582042
1006234656
2475022843
423657969
1857320594
3585095897
1365016130
1695893004
3349425333
474023066
1090184910
849074881
263139292
3356662759
1039384628
1014870637
343458847
2523284704
2312580235
590188450
143934900
420194671
832767270
2239750970
805728238588821504
996920630
3435506849
1357254163
1068604638
1360157226
266628056
18578213
1284161928
463347621
1465687267
2745157399
2303547566
2991750274
2723907512
2527227066
3294175732
304038044
1211761861
465732305
2768108356
4019107157
2765052793
3379698886
566600058
298475888
445561658
752944386472865792
87500470
3182694317
406323135
14942247
2724485722
3793406595
1081297633
3115015726
273095539
2163623162
2571630204
789916703815823360
2574560504
703215154897485826
3117151365
3174051706
235171152
158470519
424084271
2348779554
22622502
995457626
2382406316
83185672
57069599
1622246916
745675802143035392
1352587351
439306204
594364753
729981130007531520
209820549
2180831464
369200086
475887245
4039903701
3291626026
455654947
779641199040798721
1121568522
170525017
863845664
2183796807
201680143
805557438669869057
856077841
70179939
2907520191
1218580224
837900613
76616277
304010529
747077316837261312
1092084720
178406581
803770735957344262
753519234710376449
421427868
2342856875
1324201430
281477534
443832737
1035238824
2237969899
2258041135
2377659453
3339701793
68182390
2784216706
3365915002
2582802381
2444401000
800370508793417728
765223385320263680
4046265023
1558587134
2429238004
292649689
407685623
545340312
2409081446
368935338
797138085725278209
1910996822
4196352201
2722863047
3468716363
1412705316
4818751077
741592495155478528
1390614042
557827565
717894055405961216
778335533151944704
140534746
72014417
454722444
384214851
984421129
978198572
722053268587855872
400209582
272028995
3633459021
2163487923
778206259145244672
2725178549
402369594
738878628998582272
752420663076544512
2341855316
2199221633
372413560
609894475
2321180143
3044660933
554550990
2241594340
799981099166404608
2356712557
501084838
1008728029
29695669
463062191
1011183535
422227339
761582724176027649
172790343
2871036920
1385223960
2962851203
2586355176
744561296859860992
2721604847
780254767
89212874
803299268136173574
3169603576
1385397686
782126365315371008
354928001
2541739757
596739356
2928940442
1257980089
622020182
2359663543
71837289
142589904
2393696916
408246656
210239170
720194261195612161
790948562
796253638641467392
4794876481
773929798192300032
490674569
98488359
3816198827
3350536221
2803989636
428412420
6827962
1047455850
111599680
314392100
322920844
3202279292
3298528972
2901324173
1369521278
396778217
1061399972
2480246000
480453928
359541795
995769296
2597478629
1025143716
2445766538
822184940
501818176
307429112
3247227967
2475090007
3021734555
3995707457
316493557
701451907441827840
2236568389
520826737
500096474
1472290938
3334095760
728079451
699554890075365376
253714436
266066911
1037995544
431622091
749664710
359265217
444225252
758304360543707137
419498039
1072273849
2182739120
1920745218
416439103
794302419203215371
600786321
3631947141
919778352
59872650
442059926
245875290
501119273
120040293
2778061603
252192394
475907218
413541326
770940832757190656
2729672105
1142378659
505202421
2322120176
357621458
1066206709
2238798353
2341908197
1362473617
378212883
389388850
2496227263
464127310
344301556
618929613
600042534
521484394
2256723448
2300311050
3305721243
771596356548820992
2860295807
3065548348
1872223814
396665771
3007395941
1212034646
761729339201318913
697799370297774080
383254576
222531088
737964567737864192
1044114469
1086700214
1228299560
412374390
484881638
950448152
1127690666
748625744402718720
406443794
1221335432
171022666
4864902358
805757259070525440
1275988495
1449199578
303298353
2589915440
399516281
738839237919944704
2742489819
3984178583
200502085
1449773773
2814253391
2749566881
321375506
69098241
4885253933
420852268
1357909922
249353095
446090752
489493520
317975293
514469819
128648069
960542310
198428547
2356554258
504740393
335249469
1061262421
2177863853
788371122815377408
582518710
253175429
554703131
1395071677
792731002900709376
21109047
315901933
4513243461
905584568
53139843
791286819140829184
593533490
418830550
379181606
2798863589
441973402
734725512950603776
1695629928
51285035
1288975146
2999879276
211090466
2391558574
2999973344
930194618
415046131
2614724955
2904967810
2509485582
2306382945
2479372688
526922467
789674486
83793343
951133896
1702774057
22011746
294482809
731342369430327296
2746620365
508029782
304329439
288204711
1310229355
1405789050
420548533
468585900
1454502163
281966090
1227191976
478007140
1357615280
3267183562
378171852
2960217431
2451846485
2613431981
299897209
1723154648
4691712930
1064054094
2230589230
2429092036
61081513
776016576
4889123818
447981049
267313733
2341872502
191204810
581801913
2949739355
792709410955067393
1139407896
1036983026
2997762291
3064971683
47957761
2453297123
724840591331364864
593817814
2640275823
2261701074
2521114569
2736297508
778924404617207808
2951279819
2749896161
1933271388
3036341843
585397603
1373273234
2943930394
478647183
1289326484
803590719432695808
2728800485
2479394008
111009571
1640956932
4702133172
348979316
1955153960
1101963793
751978328
278425671
1296458910
44861221
284706444
1426149824
2437524017
1089529176
1450171
428880267
593752035
55786271
1318997617
1890293305
486384806
3075318569
2359142030
3291014069
1461815022
1090368349
4063913308
2196906723
858153835
730100716250005504
48732475
3239175100
2586630188
84874030
3545192475
43503218
619760452
455562456
2221331701
407883178
998907804
39058202
2220255020
325090622
2798904417
428192006
3645615275
1448085942
220603109
727770559107485696
3030465038
2296638619
1643542148
4129718181
705356388
246547123
490529086
159590871
428231271
103329238
194706083
749003664
417904049
3288432659
2193041926
472303145
994100862
798890670
493870947
612374141
3008526447
3346940596
1316630180
2356072980
1008326401
2460693280
2580018522
625871628
782890990269001729
791316572287762456
2574266145
380405533
513561660
885661050
730999418896273408
1222608678
14451153
475836408
2751861019
854310253
598011658
4182262997
1377648812
258862717
1076086058
392008215
737918135584620545
621771505
3248511540
2351678732
312582218
1412500075
298084931
742085545044611072
805461310938972164
2352665079
729433847398584320
506546919
2834233443
497277430
3362047301
53628146
4914915772
714555676417265664
515167150
1314715572
794535156291866624
2482345727
371272198
48749311
744231081889640448
545448505
744602879080693764
2179543892
4069923435
1028707682
483304367
778879903810908160
449819882
545821255
2899054587
163527039
390778324
1976455508
1016109914
4889102937
796492542212767744
1121666197
478810298
389104963
451410343
476290271
2546560394
950642215
1041829394
232908749
766577500050849792
3239826335
615539623
730492350133317633
1339879026
482958648
2338611488
103571895
1140335684
2220903223
506393031
4922341
1108335294
2396793506
802257747089747969
2762765963
575138798
2870908289
187541091
169326263
767795023970697216
2993021697
899978641
270070566
710500851270492161
805501965023186944
385280000
624734124
782482968581378049
805633319421575168
2895710387
1858960344
413968010
402863215
937463430
705029912265097218
81712035
1632825432
406948594
3995124705
4149937405
2897976431
134364906
84033956
472946369
2466898426
255106819
792271702117982208
501912925
2190915769
735011288644980737
1142397870
528846336
112485367
1544336527
2364379428
431600605
915191390
4842279705
2906554709
3217218965
1066796996
3202473352
2408921980
903701676
628186961
4871884721
1063034107
431649074
417897223
783248276875251712
2224174931
1120206308
412094285
1608647216
751148634398490624
1461615506
2899612829
2420911521
269856706
261542509
766745652470640640
1090249998
3020271189
1037152033
444020042
323737885
3394434651
1047235944
3298972078
92052564
605749807
434893071
1033198226
2432208854
378489654
2717296943
428233040
569680694
359421043
2436692745
988373714
2295049728
1145911274
2244512143
1222000628
96945924
2792078239
3348148149
296732220
400139381
142692876
34921877
993702241
358042635
52337911
1015943750
2316274661
724587951406100480
2540661005
399589131
2332028285
428226738
96191476
2252001017
1972410698
280738990
493561516
2731197053
775632857993797633
619453795
617221882
1431424932
500582673
594121221
416701098
290147254
912474818
221841366
200035831
1077366451
2612207642
481416521
2465000210
787620843320905728
2706906130
771232888381550593
60281313
509115634
2839679883
53634013
354808295
1320807512
391721080
532083239
805784088040841216
805765679332855808
1267065014
1100350039
2230782069
807625544
3818006541
1095726703
474213280
499571765
2480274133
437408259
2561760034
242367360
2239749823
803663611713490946
519694667
3676549834
2647766302
1368738852
4897612589
793469352871858176
157408274
716513342
13423502
2946666304
1140264841
716624223519830016
790103246
216722162
425866423
2900782241
779399291915931648
2781784450
3550261402
2560462612
841930033
2425240244
2997728404
738336313892560896
3688803513
1176004074
2921940052
943572877
4219485893
1117558933
874365966
4264298260
2588246800
3852711633
67351208
754232386259476481
2247712893
744252966501236736
193261391
2527788012
53200070
418210914
419064852
31255401
1347344792
367936324
1465598504
518949245
805550746842316805
2361394675
230498344
2484868361
3152403305
1037526320
703510405809872896
2788092205
113185359
3018922948
3019658033
273316238
1101913508
526606808
238623067
783922958314115072
318519850
120734575
1368793633
1305967158
409448246
506455745
598279585
419096435
719855009928716288
419415644
416348802
2426871891
1274346252
405453634
804047458334572546
2987972555
2865977735
