1051325084
2850074284
762284905145438210
728040729088561152
718775469345218560
2433727925
1055367092
2597512767
18616891
523200808
4393094843
396841926
419112828
131494824
610303661
989351852
422340734
513497583
919425433
194972957
1269842413
1037729216
251167680
375600955
1540142966
623602877
1869093392
4160203479
69115632
598374852
370172207
985140906
3906213625
1636360536
1664957023
1907788800
40131385
440691898
368338436
2733334557
3046570409
4824031401
3126770075
187194155
1015392134
22015813
188136909
223881169
3200053252
487792546
1311830046
1591945410
702989036391112704
1230556524
773148016488411136
180317088
728807104790794240
98732981
2852316766
1573078681
1154788808
2335271666
1307016348
1044887318
283636579
773602742
1066888430
71965204
2743623190
49069028
2355576961
329734973
700124342
35183135
858003427
962311958
738604906114748417
109228733
354808947
870169790
829032654
774047754834313216
66337575
2937919541
524741958
447231795
520633976
595372301
945407058
1256727248
1914960499
3038624596
781046072865087488
184538647
133461180
443187387
2780202521
1017412344
151246430
2200431036
413354451
3109698387
450587852
4824901653
464516274
460507111
374763214
2885629035
471328170
504625929
2427311741
255669937
1145588754
2629123617
417265094
706117842815623168
334035737
777242843568111620
424991328
3109897131
501233082
1588323260
498234811
2351601439
2403776046
350256698
1319275574
399004609
429279647
789130468469899264
1168596805
970022552
158288741
329937650
735107028
3087139251
143813004
1946899837
2149606038
574818351
43163301
2927551738
3255935603
1092058644
1034417863
759428777793429505
1037555461
786872673037062144
2921143773
397059204
350226442
3312303309
795290773642215428
371749840
398609882
409444860
2878408107
473848168
254803562
194270726
513144334
379867059
2823571467
634575700
372220527
411001193
3914047581
3797445322
3305152361
1038231816
1238622974
549105829
390622095
775677618997850112
2429027969
418169027
51232175
633259530
216670422
769543337527345152
325473654
2521854263
184425554
2400347005
397481743
572056299
3988102589
2334780685
16088660
1567861014
361722068
2288794280
521337019
632151062
582622919
400228971
2526968245
1444286834
552168790
1857302460
407837397
3053723635
3401876698
715593055789826048
3165917114
2243043647
1972832178
1447003466
1492509740
802139996929085440
50246502
559645302
546275216
3091747443
124114948
371205092
2753421268
2267806358
572471627
580422411
2569072195
270896923
782812640385110016
2497838698
455110305
2715689925
514161086
563999084
2427072883
804031502229110794
3094835193
3254009057
428368107
258755575
183594012
2498928031
1887780103
83386342
3304225534
801902050254721025
804827612619177985
776050554418171905
293484907
260372319
1037077783
772074670208221184
2520868692
710044495748927488
84887445
4326503175
9046922
280728494
149183666
432918462
503176063
772520766885728260
3297108689
989485837
702408683
251663248
396805021
562768029
395759988
3290975685
2887988230
2355147860
256664042
396141158
2518901866
2800452793
4182142288
615491286
608919395
2479620311
464045620
1407784639
928609825
390835478
3028809503
3868874836
371781632
437533038
52694024
1550852124
1219977643
3131729685
96383439
133207676
259271842
398291306
565738572
3021204969
1205594306
3058354738
481929883
2572209035
498950954
1520170092
2173032754
1283446118
716857591738015744
424388863
283080198
3326316339
566434899
1181458416
3026099110
1416465541
176771140
477934480
4579125253
3309946937
1367363988
512049031
777828215922581504
131768380
4702970784
499227001
4911191667
70602731
4274299756
980858180
224940210
2817204236
2459817018
488423574
2950133739
49318571
944269080
313199623
99170407
492688472
403270396
3342581884
428931337
476121836
3158540328
95106953
432009958
426651868
396772006
790099830
1324566829
1386751423
763364971443027969
1252900878
430698104
2361360169
804905671825227776
385571810
442950090
63708772
3025368046
3290570284
724227306588352512
708429391
1327639712
1254291416
3368235688
1504710145
56424287
950266993
4824798082
2651274657
3613456812
742705128533299200
891681714
801934415526002688
738805650344542208
1621071816
4833429358
801457403808088064
354125985
203915389
4019643525
298079436
411018458
128880613
3217711420
1269539851
459584150
500188928
2400294800
2444235358
3485055077
1204749252
416398770
991367281
87159394
2592758547
897054630
765884647498735616
4861701649
2802565126
2495079298
2319542538
85657467
216281928
1610282048
3368385652
139715784
3007418795
499921719
505883601
349319486
2571102050
440739435
1638143131
2332571271
753878412981374976
1434038420
225168723
151029385
16770004
529678997
1484550222
2509301951
3906735870
22238986
586804044
712647058709155841
723963523655720960
1667689482
854466968
22025138
1334981161
51271311
790218643619602436
1100260202
2980871206
514440497
783200025853751296
181148408
472840802
2424020059
706570580
261602574
1096419438
1408543448
1292021606
800750620818800640
984608412
1311402762
2979240557
2232915432
2447213385
771295305128181760
3046529709
312661898
1318560558
731252371226042369
48996987
80200885
4197625936
699694791878168576
2348140042
1870641289
1144716949
791671139521142788
426200281
2367306607
2527780688
472463917
1382274499
710498404531630080
573977989
579271577
1173130836
2942625706
3058851983
2358348371
3344116649
386582756
381076830
3331413322
766066296618414081
985259430
482033828
2181109997
847325940
397968720
142590818
2531558597
2973508025
3597402316
1183254864
3410104307
417111368
954210997
262709701
953887928
859927674
370182507
1615176902
855369620
161283617
1120077589
304054754
438849246
2394225674
138868693
2341083257
939484063
275001458
1833184711
1007447198
1176954972
103646510
2986947023
518566782
1259813197
8505512
632742781
330865662
2857162997
1433806334
2859584915
62785991
1722370458
116871279
2851165852
115439165
1627031726
130793905
3129266409
626472264
2748105759
239064021
559478963
4544963296
332921113
545384133
776453763624214528
789609471211438081
257398221
231967652
934476271
57060570
797736365647626240
785032312123719681
388512493
1114525730
1025169505
2675356905
3312179327
758935701698191361
341454449
792810525533044736
2865791827
425865474
742397759991480320
512116327
1197644424
2791075913
555408466
783741519564005376
1139157704
4230212914
932396101
1280566146
2190622501
57479575
325760306
515350705
489562627
748252291959037952
3345161205
750670310
796393148066988032
1229121186
489523055
221531806
2253896635
224226820
2377741687
313331114
2781366593
429700379
3201052948
1228391671
164266350
3162195879
113424592
221179969
3228177251
67746303
3038103838
706808013940727810
2904263897
1068648510
548616993
44839560
203005397
2449267214
2239071753
65872385
309083041
2431985092
451483593
1601790577
337767301
1015460040
171202259
946023379
414993771
395548966
2318220141
446495082
2640207038
4639593141
53773490
418918882
1114014362
503452485
1479114414
74489551
2885630548
2201613873
801092954454683650
1394277882
3052641775
3980123284
478954173
4603645649
2535282981
1707513894
801042392237428737
2591060556
50244275
480629483
37631819
1280953482
369384908
2725435126
982441224
26295447
2903545671
426094795
225423130
888531398
454088602
3290663879
2626177428
714586803500662784
600136789
492663789
591364423
2352686548
24150879
2296829958
2717305705
503605535
3385105642
27326931
373481031
13727692
40354809
1595987317
801845830483382272
1119665262
592546016
2322261107
796004115688161280
167566334
2611122405
789025525322899456
260230310
2295866084
4414946656
2432410861
133240508
3005727892
69834006
752137834077749248
2730593590
2249959502
3331059982
2355391573
1008791754
23460272
134786290
721195374812250112
1077627415
1106167964
2870669794
348493456
453815626
243563921
322528854
122476603
91853277
34423857
711833597980835840
4889849530
161450764
1635242966
1891583048
1492164349
746615602513612800
1105814539
522457817
756061004556042244
999645834
3409053184
716911634871160832
794528604470317056
2716446892
4372999402
1208853571
3031374154
184754844
2386835695
406917194
428134332
851233315
972872618
2365219877
3137496366
911093208
1111225376
3380511171
3130622027
2198032835
562440912
719961865317715969
841735190
608138818
65377234
1699728120
437710793
17648551
2783546414
553392203
1410209468
427209531
405196197
400103989
2975733075
761940143968227328
1028662526
3095233408
385456063
798892448000995329
3091546437
396691435
962118655
451003130
337171830
3448617916
864312458
17647690
2467961561
2772829228
1408224732
33897141
2525778087
4859438769
1386793261
2942209786
241519703
19392607
2262040708
94529815
176348052
396698099
781169072604151809
616365409
836271002
459219907
720856202
4275415887
787929577385492480
332324962
1443706704
606537801
3984693435
2751139073
4847651633
2338003979
418267223
128844770
1473979718
416290762
778717606085734404
4204326923
22659500
793426944641597440
637292613
1890955496
2436608759
791278541073747968
3298095608
27436503
716653596654313474
1929877436
464477564
4624496368
1390413402
780796503774236672
765113425882218497
3064788837
972589147
484589440
4034460233
1230361375
597217498
2350615438
124576769
2280648054
413612617
795327254834384897
2503806893
123712076
401517487
9476932
859058736
2476119007
2194877690
2218697421
399948614
1125109992
4885903612
412872296
98875860
755859225574682624
701388779114930177
3064824634
173389528
434857590
1166058295
61905153
1699649724
473870179
791652252331147264
883065655
775126274960416768
545248089
711299618219364354
467573735
555551022
3137839473
3119071163
3425355099
2309237552
50456514
2559910725
499533706
540701757
183812823
406074969
2800729570
407051453
738090520866623489
4174063036
2390797348
788386859072249856
551331260
4805159374
783307585206222848
293524143
1176193080
419281902
2364393968
466679177
70946877
1734254454
483258299
3227077433
3217923085
485546674
1062957535
986686861
2313205890
490139250
344270090
3328977022
479363897
1672302936
726543135136964608
401701859
2361666815
410764821
750612188688154624
492652169
3296143359
3079251951
300496676
97445316
4818871595
3091259295
1419035834
2540926930
373533143
1314002262
4184406562
2208172767
2360784420
4764008248
186027945
428897370
1134403255
13631242
636856145
2438340445
2589883234
3392585361
2999932538
1715437566
2187861779
390753281
348125702
2578671909
2330894345
3015774443
2812859778
2901728910
386145254
249167257
986382066
2259346508
394787464
2506747965
3227318753
2981423489
2456227901
3422769471
801361825
759853330692616193
276080934
212724190
594882199
4151528837
2518059282
510923375
477757835
29452509
2984614877
2891879657
27660447
735162920
341051033
3474585855
418662548
991898202
723010411063349248
486456375
389473754
4881267029
39975495
398611235
45400255
800282029254246400
1089513403
1203674574
1646281124
439386203
2217674274
804257184536297473
794136385
1624749512
1313490145
513253779
69018873
226627338
268905980
2482482240
738260368364056576
4925341691
339173161
801700087525216256
499633425
459446024
2235047637
2821329929
247722432
777223484057477120
1882717945
1311060530
345521560
3068966572
219406236
455266241
398032197
3207502492
450555112
1140098112
3424436500
2360335217
1066757623
760349481158189056
2995908064
382141768
240709858
2413730278
419951447
2281936099
1919132101
387345110
3417259449
4367710696
1037692622
90124895
1384265604
1117576526
3746304743
1266649207
2221643012
1179979477
791293039
385875369
456702091
206671784
868360100
302781617
589423738
2378868702
318988340
1260487207
454052150
770466882
702814140855930880
2368789219
794234183128322049
777855788882812928
4446307913
4920828160
2256861644
1642833512
105602878
3018648407
390573861
716353562020855810
930659928
996989875
529483712
1527989558
2743381085
72657937
3085895092
2762991057
500246389
4845403365
603634400
2409152520
2320276583
790236538982498304
520333330
787512125610655744
922711819
969081366
68492512
493524331
213274510
558032072
3657151161
2416044272
230054388
443248991
789577810637619200
3357308483
785096776122507264
2825355747
731100264774651904
2240897310
2560586103
22003434
3104344534
3404776456
222431192
32402183
480216889
4130639901
702921914
526379568
1353236228
397326726
751149104236027904
2871165084
1664604020
209007993
1620434077
736732339
706086896275955712
100878763
119595905
3067642931
1209547698
486937527
1283811182
41391760
4075468583
1280190198
2950936654
179568411
1480782463
245960120
253164055
370071160
2493300512
801870151549419520
430437851
120557124
784566367395741700
1853413428
3051404948
75299581
3082295497
431480206
1307698028
522591515
2184861378
739538599918571520
446929182
1063009350
866474910
329305899
987513386
500243289
953654809
1028678899
3026519279
575116715
351555225
1077740636
424243905
483384295
2595566549
184936094
428411345
797136508293627904
55360087
2858759915
36493382
429340113
104135821
281581221
430169858
498031195
3399848795
537290044
1387461
3557708061
471229424
3218386990
2724148806
1666482032
2496989087
2371186828
779622776999178240
1221719288
796062217925959681
885303356
749849581601652737
4288719745
534655010
115558584
228162663
2903029769
13294452
1460451570
1538261798
405792460
17705943
2669177583
22605126
348141611
429291540
46931635
412424802
418531608
385965801
804573803527491584
1109683333
557803659
1022288858
3123797819
2158613047
2359548435
802560596830986240
3136292848
701647912686764032
389087761
801394827569070080
1463272303
1041823142
604899762
3299633446
897918854
400321579
1480351040
474746645
573046530
137303843
2525039696
2246257107
475325454
478807479
421433392
524236416
9806412
2955569189
2948672633
2795593730
797134962453581824
2941089629
744961229853167616
1268297346
4208501391
1968968935
1359735968
2889612136
3342653327
3242519025
883099326
135211574
1534486934
122497273
713625460878483456
720897240366194688
2688308934
398946027
107729277
916711892
481920011
4690534123
245715438
541114609
1366648526
58636171
444637440
570144271
298774756
429009063
1317255619
3664134095
4105925825
570833587
474251278
1132467116
2827084763
2706574363
2418921020
778321813
3248724731
421723841
2991945461
3203361705
2166133390
113643008
492959239
634629867
763658919042551808
785934232698904576
804829171235127296
2942381427
1050589128
50590345
433435963
1020814244
50236559
206993379
2348788442
891933398
272475335
3247960643
4180291971
722848232792002560
2220186288
2895077031
1046104886
251093963
3253240709
714451248
3130035911
724009561242345473
1410214789
274591337
238331462
431658112
398631546
344954159
707772913
3016563042
728733122695725057
2352059977
1650015702
281884852
1274855814
1310657012
2345773460
807358640
827801822
1357198874
4622622557
474745734
516918398
807801223
365535730
1249365224
1368048013
730673331851132928
2339947944
48145270
455367559
784072008640434176
577226307
727223148677087236
3070700175
2562814182
34649922
1228461907
3138188655
734083116919365632
527516661
547050389
713448101785288708
375896812
2799355986
464477643
2218411411
486146467
3069657982
3111732579
3314219367
4098447160
38739769
3997584435
418153325
2655855700
2397844595
1556455656
4850532357
377389027
2811521884
101057515
1491470516
698226027756126210
3015242813
595878183
105355320
342296335
1151527296
2184144110
177654794
395172198
722919613
1082984088
3762684742
3338622107
2315062792
479810905
2373222249
3402336711
496876586
2518413287
789852590
4818340347
739464739848327168
1372859420
1082118776
252161195
2714660159
2432948813
781763084486488064
318656163
743514238493278208
325165914
609145539
2265311957
56115235
2434254386
701220226
66114621
1281404929
1055811668
1146221761
492460290
782519200044679168
3006375111
469750828
4474043243
255182357
30248306
2788765798
1582558796
1673607168
485569820
407000028
3032167743
1270334324
802804101675384832
381943815
333359902
2376911012
1534786369
90760446
762186331011375104
3065668461
2328923415
2865595678
3069421049
570844631
542327855
51067487
194268217
299620549
363160035
362550965
1025103174
1042134122
4904675895
4204183834
80867890
433125456
455434012
447361197
354901534
2975094340
480531196
923947808
154508155
2348566523
846045162
486566563
784500022410969088
3823074077
1226128195
1223037354
105277763
485067677
62019002
471861275
477654724
3080004435
3145265249
218931858
2159876935
1074173322
426640529
517385690
719232118371545088
190696281
799352721254051844
266841916
425741057
457889747
34916967
487064233
533019074
358119628
434839840
730098624907071488
3350354537
8032202
470687559
1145835457
2951587293
371984063
761663528
390161953
2559438244
2244460336
965897887
234868966
3225190005
1076537990
3024843525
402352368
985133178
307278565
2892216196
396151080
596502176
397173511
130851801
1134804595
400902983
878960803
741762693972021248
792051353921134592
1617818378
357998864
543479198
719652438110838784
428300383
813659052
720515573
524735883
255674310
1644683106
851698128
2463650275
465921722
801980813210505216
3088206555
1382206622
35804051
476861259
558053080
521090462
2206549446
3335478268
722684492
3880191809
2863121903
1106111024
89747812
1544093054
749991934165385217
2919241120
417370434
396564186
710864700851032064
61011257
2999325983
310195119
740277257424523264
567688029
2941915384
3166034463
779455265045438464
3176594760
564360716
800971386
77031813
3054231435
391246325
1332630272
1092670394
20134451
391945446
303219287
742445565368209408
14108472
116174976
734074574275514368
941500664
781034881073684480
3305477253
4724490358
488356774
3063728541
1080795937
363158162
1871381000
1241106426
3036997071
149609445
410278490
505095711
141529750
2965770017
377660882
4795922362
1083726745
2289972189
733282660127236100
725810364995231745
113380928
58020070
1039731007
355724715
2401156465
998608796
405919398
2866061393
254239188
63149834
572833124
700939605521145856
3588475175
557366826
117701249
608359188
393519608
1192362907
467577715
48981619
2762114060
2447769211
231003363
3346552000
153531595
1388488790
3018738275
782535732950958080
862701492
480023608
2889852755
442005205
475234937
3985072012
26760769
50104200
783020674952626176
748179751660052480
1440784603
2943393603
1081132770
4229963363
802804935242944513
452073619
2898075617
455126171
788754158241378305
392561345
820213640
165532712
202398659
123903173
541083079
3060280966
420931672
720575642601930753
93691257
3356662759
1586042605
343458847
473328375
418814614
832767270
2911106625
2975144398
45140845
1377487302
461180122
2766062542
428376870
354546605
467401158
2256478862
522987521
731165050883477513
758327439558836224
1394460469
1009243501
2656984642
164213527
2742709167
1586673164
2883005427
401753108
1307442482
703674148309098496
430193635
404048864
535447658
37674847
256509761
2370908109
899672546
582265897
1032240782
355046996
1351237069
2508257327
1284010620
1581104934
3657726321
1067982564
541178236
527886495
400630735
490820347
544559226
778089012
1035376896
186193690
804834636903940096
539174332
1086614858
296475664
391954792
273095539
408760297
1110202813
419285776
3117151365
752010888
2740139597
322540485
2363057508
85590368
266700017
2706544515
390304031
963955711
3036745805
484665449
2342517254
840165980
432688797
729981130007531520
1173951271
209820549
4039903701
3291626026
1017310213
84916389
471995227
2344039777
2154753205
409332025
1635629162
226532072
29428344
3224669813
488864885
1092084720
330502291
516918469
757712457242701824
93679179
401687825
769549749833916416
1385514882
205654050
2258041135
253687198
2463165895
759601758
781954997806370822
410685770
145563443
2738342715
1113905276
164272724
407685623
344638691
21929177
708997585139318784
1168148899
39300792
3009523493
477813810
557827565
708425080645279745
717894055405961216
3205788934
22887971
3399065008
796237284
1339993381
2267787658
766601799155449857
331629012
528584272
389920206
3039876693
161414985
466404228
138530001
759021203247861760
714376418055073793
763353589347672064
23301182
712430076311314433
490426715
488895138
2323867147
2980207475
475980392
215762717
746539553771651072
2823678166
1377932563
962612156
761582724176027649
1341254522
443594304
2203769724
1385223960
98813859
2811089575
598650191
707348966241865728
246277707
893330910
2814374704
3337657533
312924932
700463311729664000
89212874
2795715798
966592213
413217587
2331849409
1053223004
802448379762667520
3357091883
742226059265859584
1032967056
186118049
391291922
418221631
149561648
3334148349
1887067255
3230165817
573872757
351089250
47148805
2189190782
3319305760
81240147
1473356281
1062997310
787115406
4432360889
621073071
220858588
2225750595
381953555
286307579
4236655258
1369521278
3403081833
1346055018
489325196
2398143679
2480246000
341335638
487824356
554504621
2306133248
335595246
285635680
995769296
2993303818
189110064
414073475
2440801809
1849326181
1080507391
729294897891676161
2340347324
738095532166553604
2523568577
295064979
2667407360
2236568389
746053497750228993
410709996
1380421874
831665582
3334095760
2192692641
4069173009
554971568
122778931
753178402497044480
31762979
471389414
989695621
454191208
768783082736455680
1635753799
962989620
359096965
477025365
1655828119
2367453471
3383981938
1361864550
1353602473
993159811
2400326462
2171028731
1234968974
3401227875
192118395
3306279131
2882719697
433293009
1008510270
236335841
464127310
1612428607
460275730
102620569
567159863
970835599
99973010
774208605339934720
408277343
64144248
771596356548820992
3404366332
3069843927
3457524023
1057930387
396218442
455544183
1872223814
2216026485
328708920
389500881
785193802352955392
697799370297774080
300888596
481225656
793026146183053312
99579093
411789902
1606737974
3242236869
1370605363
13812612
1086700214
4844733082
3403421475
786828737958535168
2966359733
378741753
1895022302
464781062
303298353
1116671611
1122919016
970705082
829790846
2907953530
1121594502
2701310119
2714596672
28352615
3433009643
446090752
417216609
2207927540
459007894
30538558
554546400
1521671185
768399420367011841
2377363345
2204128029
3937406775
2153829339
792731002900709376
743039255472164865
51434936
3929709202
760834339160588288
716422928
59786185
14692786
1476718243
1277296867
1166130295
131846946
791286819140829184
790372009
1497687198
3135971501
3613181357
523613502
191542718
786432845111635968
796908372
734725512950603776
3169206307
492104860
10239182
1062937651
3207511185
714382420
2795360609
4887827675
561447448
1079126036
2741727190
796311583077044225
271541039
451705799
712308565541855234
784308415
75588319
610572173
3073584657
4845999597
258382452
592127497
1419031309
1405789050
175877595
870599125
379741776
411587862
573632887
2429092036
61081513
776016576
1308112182
469267629
314535132
581801913
307781832
297037226
98192394
1532077525
353575520
766471224
2786975403
509039455
122016493
114041232
2205596798
800260812875055104
416524255
214240583
2951279819
488853186
2271999013
2410604455
2357482587
1234419373
2374267118
585397603
597787450
188521082
478647183
1289326484
1704854190
707560389358305280
4910181370
396864261
4880423020
484231425
236794333
444613355
32937876
1101963793
2353976618
366252148
241658981
2267174346
2495725759
341996757
250249728
792845943175544832
2496545125
2344799433
783740138660700160
2359142030
286168631
49685654
388741637
1374652910
802942235398565889
1068801092
731897851769438210
1264018218
431883303
1857295158
257709473
3043362960
43503218
1193780617
4381795217
4405643841
735980645273489408
65791929
41548247
2343390020
749963389
36413868
3175647400
484337760
2337490808
607981040
427201823
194706083
158106087
73595849
112805407
1362144619
80126134
815934367
766731574616424448
3837061107
454833164
149529007
3008526447
400798557
1190659814
488068798
802805449099776000
28528873
2864756907
144094119
883127682
2878690973
2358573780
159463958
8620162
277023339
435173619
476303634
560462597
968523174
485031544
920739140
545136488
224690887
4063692863
1975150249
1377648812
258862717
710440429
132092980
431084648
1020502986
700817890497310720
4695209784
1412500075
760254962966364160
995021599
784446493939884032
115459096
1166339754
317305371
353463744
2212638076
540021330
730685457529511936
1089615589
3370007122
86144313
738311371255906304
1868341807
414388459
776513859456790528
726295360537255936
3063896079
618297054
196444688
811424202
740557397668794372
2744135452
4902342166
99361454
172170794
179096387
2571700242
446490092
324761564
748861284695805953
22609483
3678789377
449819882
349649017
557246302
3342531046
469717295
510611092
2375736855
1278700207
3931969841
1239672679
1860871184
968459856
702128508835860480
506393031
2396793506
2938313507
372280583
3033262155
4258635879
2993021697
2464828514
238659406
30059108
2776262486
1178411384
787748865197875201
2158966523
202320781
2250751981
402863215
198315154
242071863
1593270115
445626690
750424089429413889
1020342666
19447964
254683319
116517401
3034280366
798181337433829376
3400136117
3064945486
371814769
428108756
722039071049125888
469273038
276697615
1361149975
1408883832
467361179
401634856
3217218965
2999484970
108262067
1355209729
596841850
408721237
388546504
2335372808
2876085995
544352838
1918247922
1116548774
729301866555805699
1852450694
478565327
1057565262
3760582096
216361540
1636129136
224991770
3806382809
2160731013
794957025994215424
61751856
1037152033
199216783
720266765650014208
79170343
2351521726
97322775
585554400
1189981854
724573957781856256
378489654
417266970
436629007
3373403367
359421043
569680694
988373714
2349319657
3080949119
471763431
1243866121
1015819494
804425424969367552
560466555
493278355
4203607113
3369172816
2434259124
109578008
486015426
993702241
291621829
291587006
194903681
16162692
241289430
719917582904651776
738311035
163973932
87950192
964460408
2359465576
2731197053
17409633
4060369233
1055346697
2926988855
233648379
984851042
140077603
448335186
589342110
424585535
738803856906301440
2314907279
803633099221401600
433989119
69896457
1215938191
2929169337
242954953
376173255
4361587528
941478456
591963862
56449615
430565411
382012011
3437142466
516778754
253262674
3064043155
377272505
1870961815
781894109963358208
2399773959
2726843513
743030635707650048
125851628
1295101627
729359824312504320
1678709946
986286079
151996735
2852272811
591144361
45314925
254354362
2737037620
375352671
547051962
2418774046
2964938091
2995507655
488884383
713744729981263872
4645765168
913122355
2822929792
2853575920
255752744
86209782
421681339
1151876744
2386237696
2231318146
31255401
1347344792
2370723536
2731186360
774133777412923393
263686293
925874496
3129162854
3438965031
3862086448
2616680851
2361394675
1021541239
234815796
1064232619
466534723
524493374
730858206830985216
212145625
285099275
701059824520396800
93709537
250316913
481355521
2754731478
2282469222
1368793633
409448246
442675224
3095355645
460483165
1016682894
283110925
2266309267
879844903
