729214200925532160
790655672555798528
2745167359
762284905145438210
599247299
291019658
715121732110172160
1448082108
714508457
2597512767
13382082
2511415512
402174719
16986506
2359159646
1042807543
18939830
361808481
526632038
1111515590
2348635034
757989565600858112
405631474
496211634
445473517
3152228475
775304806332243968
3904145790
562805089
932376896
934053559
853635661
2429265832
89202710
3151755743
703708224168599552
434558035
1472912072
859494601
68421930
3980680961
1540142966
715278291947687936
746305585642110978
2201692352
623602877
432640046
788772400653631489
625000187
4160203479
602216944
210376076
3054090717
113424494
223769248
976598371
1275624685
803276193835470853
3334714841
88725905
440691898
2984502441
1037846899
764525968623071236
409841077
1560011725
1036785966
1015392134
74707629
1937296980
386576472
499128183
1633720213
3200053252
2948661737
393342562
868298592
192258181
1352301782
1894270790
728807104790794240
180317088
2852316766
144199196
1573078681
4695730892
4871917449
436570699
2462444372
1871000750
1307016348
341590403
766589504694214664
1044887318
540531263
534732052
781502896550674432
3433378229
751315632134717440
132880191
4452315099
251502882
423732690
870395221
452010658
1975733520
170826091
3911482575
13728662
795677947428503552
771387619360043008
1346574637
4866039789
2217845737
457775543
742029848982491136
97189414
465950531
3398643791
1322376432
498964636
1256727248
3400696882
121368445
470382655
781046072865087488
50346361
38032906
411196574
1583259805
443187387
3126510327
386988527
3217393599
967124340
471328170
342641955
775979862381072384
2427311741
958322611
3034869375
779211695239655424
63403202
50588269
314537220
2170742693
217823173
474657743
936533587
4805442333
2831439225
2744358657
919502593
619383561
798850577547464705
468422004
246976552
2987686264
40263627
590037686
4047633629
365633533
2334070474
408738224
733743405751271424
2403776046
1114098782
4472452815
1562752760
85136516
1319275574
762749251088678913
3317075583
978137395
423519154
517986135
424950362
789130468469899264
970022552
3032909475
329937650
964810638
48785279
440922753
2149606038
857767297
1946899837
4866958593
464538447
4074057137
3255935603
4186758514
3082802711
759428777793429505
1432540592
3130737011
2759114062
112823471
573991398
2905078605
423280813
2525924002
27636956
790540888237830144
359886824
783427641298808832
2679522658
3312303309
3145664759
795290773642215428
960087626
2414683945
186221116
398609882
420654713
2323955682
889582477
409444860
3457594222
473848168
254803562
532163319
435015293
513144334
291328012
191488665
2353752559
766676178556125184
387166314
799977768746414080
800665008384315392
792792117227708416
237334959
420977208
1238622974
458803186
989346433
462736672
1972687604
211721790
2376999356
325473654
312572813
512506306
791309619478032384
1374076440
184425554
952076750
1244749964
242922585
2396075075
3291493733
1318601540
788049329403506688
2356846439
2842209970
3405634973
1194815508
343239720
799538381294338048
1444286834
98212565
209301675
288094317
1903628389
127532707
1079395843
44395683
50361109
1447003466
589286587
775039590784729088
1178526410
781749446908477440
403530668
2330689508
436640636
381436159
497249239
438360919
1012822723
69532732
3226385187
139055024
3051515969
147543162
1405748826
419474598
580422411
3957645843
336975968
245969509
2478005629
3290984981
3047287645
2561421959
3393519423
3081135833
418772810
2427072883
793705615914856448
4631681177
2304435365
3430176939
1332176233
2310261690
514552306
258755575
2339085193
2199548284
2889628751
92062981
1533578659
83386342
2352161865
4905419657
1054399650
420210142
2186626514
2952892109
2967853233
481429106
772074670208221184
2755001196
1421381328
773869687465803776
529606550
375088326
121160830
794164110061699072
516552856
792341976138051584
1898454535
184489591
973525898
251663248
1227969776
49396947
186977143
730650462987399168
56674519
3345343780
782173646089494528
723495512
1259041459
421017807
1133516726
1143922956
604249475
3313351684
1275952676
4135497845
931570489
785089989692493824
783020214
496009313
800630640
712713408806842368
1488327588
126691082
4915748854
2391603191
565592883
2199283209
819782228
2479620311
776421220451512320
475127858
1054799845
185274610
1230470216
728120974223118336
1153555688
783023868378279940
4062849807
364189418
371781632
1550852124
801841062763491328
532920941
1219977643
62060285
345488835
303932486
4184943027
1205594306
217358294
787562992728670209
798743088206319616
724648551561728000
2215701370
434505068
2572209035
464675744
712640136081776640
4871676707
2571207469
1387662265
2858594918
3326316339
2517301839
161497051
1181458416
418532282
796033080335224832
2331189472
1095432498
2282008813
707470497487917056
2999934836
4579125253
3309946937
1690511394
1367363988
2339917973
770283244751388677
793787252040142848
4702970784
734053598884139008
499227001
417101186
149096219
70954365
980858180
2757116931
732640909544853504
13252002
2887806401
313199623
1726358556
1179711277
2330768437
594767169
2212485620
495466998
515351678
1384017114
944665938
2456837270
2719244173
4847345513
26781477
90641656
1386751423
453168575
2361360169
2259459451
2822217403
126741105
385571810
3025368046
392169271
443926629
435240633
714514480785408001
708429391
434394574
1254291416
1717274785
976455469
1463346570
1857148146
1158164456
632730713
2414070806
801526123851055105
113491795
1936456670
565627980
758337751376887808
801974236315340805
1257641191
2318171590
4133217027
1318670960
523387439
1707854503
241602781
4833429358
801457403808088064
2969687992
4802591129
1100783203
754082430055833600
244705592
139051050
1269539851
705386674096832514
443775053
776841423421308928
3124240699
759346461758939136
4164038717
1485002496
3324571887
255047902
2301664084
763485613
407296758
218923278
2981320335
1307458242
437754476
425686235
480645077
2495079298
2239534579
2319542538
3298098616
789482134532751360
3368385652
479942012
392291910
3179982241
499921719
2175721850
798635240889651200
427379751
3399782626
796421015052189697
1642789244
1638143131
3179240423
410894122
481287765
533059229
459631864
911094367
1379962796
790464906453721088
1484550222
3192457810
2199795114
498044532
1667689482
2257121711
478607229
146738509
620351637
337185218
51271311
3389194037
3291324425
2340110677
369728921
778177707234451457
726770253645135873
516802751
1617496921
1070320147
2424020059
471347700
914574283
701747343339741184
757917606707916804
283932101
1292021606
800750620818800640
424899445
31091958
1007166056
451428588
88650213
1165545368
416165363
2895110417
1111625298
1076649404
1425509702
1107010261
716326404707713024
54187793
435136836
271488168
3361637014
2948374265
731252371226042369
1246309315
349043533
742963347507810304
342798255
1675230540
802581982035247104
711971164185169920
164225784
792782161065680896
1373138137
392655405
2459704421
791671139521142788
2447574735
562522191
1305597956
739543389721485312
123235814
434279064
478026574
782907556159221760
710498404531630080
859521930
1071485604
2483029138
579271577
1014946904
2450147531
2179652340
233245609
1259908111
1447215498
53027331
45514913
1379254362
554336117
1077925266
106366981
2872452713
1275345229
766066296618414081
76615199
568377117
1233975200
2921663680
1655253469
101445331
1048232539
2259040253
2824073461
2445102772
3342978617
801858993035612164
2316972126
1368152558
417111368
2452102818
859927674
1615176902
1036953175
705813420973621248
802979230409719809
1636528548
2809959047
797906158325534721
60890659
417962415
103646510
405642966
603531704
4358642595
2333638607
492325083
418709964
200146354
1433806334
2859584915
531216203
237392330
541527026
533332467
754296809883832320
71100836
146215790
3044664286
342681065
2928052491
332921113
1008382820
319822986
370690455
1111297184
2421057778
40985455
776453763624214528
548443351
494006958
4827008141
1020370614
3243909749
1449796104
778900450812764160
745784576719589377
2806242466
38405320
426875494
172382368
514714806
1263818557
2463100707
2866602010
742397759991480320
2338465050
2791075913
748416033334132736
310907747
268463193
1859667852
2410911599
57479575
1154197549
1065415488
134206590
725557127872417792
95913190
712749671031169024
489562627
3345161205
3251588698
107537459
984737305
1229121186
1277125346
4342029017
281457720
1371698587
313331114
225198604
2909929737
2289505911
545284832
754694678314901504
2296153657
2644998883
2224962167
799504971502944257
2351775654
719921687622508544
246882205
305650360
460408548
724894143688876034
1341462944
548616993
4170375988
2329428259
3096956789
1059528432
3062283743
206136208
932478324
383690993
1933850857
347707519
2640207038
787432374237822977
1100813652
1719811099
178474062
418918882
946170176
92002598
4187885897
1245794678
2885630548
426178907
1394277882
290758240
755320994131247104
3294587596
3246127000
485101194
2948155437
721148434
785773375385923584
595267886
37631819
181469929
1280953482
2400269172
417800630
26295447
392626820
2903545671
452985926
3091392485
1911991346
454088602
721112026
492964938
600136789
813055092
501249777
781114803465191424
581697530
326171954
987640627
2768661999
885406213
355775633
3385105642
1871088685
184366311
84300444
104142050
373481031
1247343212
40354809
920600658
300083934
714896919349346304
717452216840429569
3987937325
613917828
592546016
847892292
1958902520
3295658451
2559192629
785072491563810816
1147328154
186399539
434387464
712712005287813122
260230310
191059037
1528013437
390978069
2659422798
2491194481
1092172458
77240565
515310308
800198053
335174838
554272894
23460272
3001665089
2870669794
1176687842
2804469977
2937209879
1044932990
278422359
1891583048
263037408
529431381
128948359
939337284
416466936
1349000059
1105814539
420627699
522457817
557229572
313323905
735474541359685632
499876766
3034643483
716591970106417152
716911634871160832
733133940
507792558
402046931
792230731
20432064
156316785
198270417
462371225
608149538
337644410
10382002
272402900
588275518
521798851
732504227961044992
800775774244483073
134554873
1699586232
565784508
257935829
712020146282307584
428601367
2367811931
1957068649
768496045013753856
517797716
1075024345
2864948588
1035460693
1712830392
462136618
799754734315782144
763274024675897344
3095233408
431859432
845313296
793414057223135232
700841898
412541953
280242927
14460250
4229765175
396691435
337171830
1192817774
361341817
4857911091
3448617916
2856983111
1859884705
19810233
17647690
2772829228
2546652284
430475387
794581992759300100
1583613260
89161108
381369966
371174340
2532491303
748205390043746305
304085872
221902171
94529815
589261384
1029633199
161627357
538091526
733035027647369216
850130671
2466589783
466383201
518944270
836271002
521715693
1493589848
3130635322
944611056
593523410
412133707
754663290148687872
4209834735
717770955192471552
1277793402
1062799087
292552573
17876465
786273506849853440
853119354
747451360715616257
2751139073
103703823
4847651633
102200819
418267223
197193073
112790908
593582642
2312169774
991153194
84611230
1339067298
2785117733
759376363434471424
788794627042205696
3413873009
22659500
786870784841089024
637015768
1499706972
700786170423353346
121424128
195792208
1159825830
402845604
1058355732
2436608759
986811270
306396502
1314231894
429312499
472185426
408118133
716653596654313474
2587940700
796340446221963264
3304535379
3238508633
122785870
1169506849
3676153480
574185238
760806683564240896
161428463
2967772661
714325641
2862216426
1230361375
716567598620667904
796321293452898304
732206617341595650
791287209508933632
261264162
4869095007
382034832
2754543846
3192664222
3558401356
726428495413387265
2359320782
1890326197
106738070
10350822
3165917453
3068039679
2476119007
1183790352
2871007953
524248745
849195252
469394211
3176625754
222535609
2215404901
9055772
2391090577
701388779114930177
2990246674
797235889764233216
4289486477
717393342686961664
3228198179
3064824634
173389528
188425804
633676211
1175727986
61905153
2359406918
108434084
99702635
2785334697
1667773951
428588499
2957131078
711299618219364354
474298037
776255018181722112
2942118633
953895188
445424014
785467653175513089
2416229854
3119071163
1166877775
1227177884
2309237552
2501851306
4038240796
775636532
2233502635
458632561
864661074
1240845438
1224387126
387198659
1499227555
4155844545
2164608279
1727612048
1867445376
3019629387
770754050207936517
2197080899
608119347
2959917485
1472353806
401308330
1672302936
493260423
2932258043
1424029538
1978729974
443230830
4280485636
410764821
143536359
1079446351
2596945387
573648634
81625338
701456941894266884
364970872
903966229
2960908437
1912387975
1068137514
195926930
154103665
1360099448
2768367785
20430345
506544504
732478040748363776
4806536835
799607715857317888
765631835086917633
1715437566
390753281
1474855951
3093423987
4859855841
36353564
168782371
2812859778
2174691850
302869256
4909543941
986382066
394787464
3227318753
591663175
2608779441
3110433455
780061710153617408
4196215025
420629399
15047521
477757835
797117758538477568
2987362433
725882047
494169487
207122050
3359722569
4485269080
18108933
835690429
861812858
2883671135
851456364
459586635
4881267029
1464788840
2905455231
719936001968381952
763817012506267648
398611235
2822702187
701361125460484096
1429916701
4016459956
14518092
63126601
794136385
445727059
61703985
92501125
2809553673
3471387317
2467497190
507966909
2239737678
712046550
1726027441
2365011298
1086442256
1903648940
226627338
2363914417
2482482240
391661534
375035919
3355557795
469396491
2742019060
768819803737952256
801700087525216256
2978233996
4906411318
67107066
66193381
2315538860
15108909
2776015188
1356647918
3402774227
887496074
1369005530
196560266
2422131402
441071817
399560982
3068966572
219406236
504249870
2321400882
4185673192
414646088
449736439
462829190
735788453737041921
962439266
382539264
3037077532
2281936099
398809701
1919132101
1065330810
1037692622
469584786
783035081116049409
1117576526
2472761502
2876220795
379984058
3103929401
1266649207
3432995584
701864038611992576
482210278
1603537111
787371102
633728787
723538940502913024
206671784
4834916637
983065508
4745507902
432842181
771613884
2359323311
452382482
794234183128322049
793826541771698177
777855788882812928
742876376
1642833512
133692338
2572430290
2180853339
287379444
133681200
10438412
2216179636
489760837
529483712
2302922786
2375216695
242306600
985118000
3909479494
2989253800
4845403365
4185599644
142807042
519379680
454014787
2409152520
2320276583
1039675664
3510108957
482157683
511805317
79211525
331136187
779077333
81853766
2775293393
2416044272
821279118
2230346403
477552640
895733684
934188559
1079226488
4249227922
3305939879
1266792668
222431192
373878543
32402183
323702564
133019285
401407144
4130639901
411403085
136335723
2488588980
839626670
4120276461
767250170488688640
371633792
104540988
4180762211
2444192547
352304658
238641512
273402819
56341776
790164996667871233
564148431
2180838160
2635714649
804961884
3164264061
3339012755
332776295
541670926
239523558
706086896275955712
736732339
759511811964231684
402048742
788675050992009216
484003226
2899686898
1209547698
3007835170
462046600
426152264
4075468583
415423066
1042515348
179568411
586921074
3059131623
557545233
1897585116
1068681522
1011327860
245960120
1354437403
955521362
2916512591
1278076698
1166637379
2494249260
2493300512
421839918
2189430449
3377153333
153342663
4787676166
1079806063
3745800203
204479365
2973459185
519402060
953542285
703817284
1548421861
955568864
739538599918571520
2448563317
2594867485
2589077888
598457898
1962674090
66545080
2482305961
725870553853100032
744160048352497664
1601716938
415394913
2984636699
801313759
205215441
1077740636
47555976
483384295
3065958947
1552786279
192253996
428411345
754667416492318720
797136508293627904
3360251476
420867117
47154019
999474469
929354702
405192597
350184411
3399848795
537290044
65004657
2211388062
1194410048
2496989087
556650372
794522828456558592
802265146164998144
794231200269434880
389670194
534655010
358983451
1120118342
558085585
13294452
545978235
2383543380
61419304
320725662
1244162966
441649983
791713072549335040
1619926346
1022288858
795170913759232000
2359548435
794218079878266880
508213354
701647912686764032
394850579
234888988
1062995012
831129830
2720583173
802800142571237376
342077520
1071579716
827734921
3144802491
989841337
2525039696
1594040222
406347157
2246257107
2360517815
3154767440
448402028
591364724
2795593730
561473002
2487938827
708773624
493239048
4143353975
3399075250
3542464695
2506958514
4258420899
337568280
348313617
4039568062
730120275115814912
763032032993742852
3364660727
800808214283448320
2189827138
50233016
53154047
3101569065
972753542
476812303
53747091
2982793863
417947467
118183154
801062327810461696
122497273
66305303
752179613665812480
420078767
2361702682
3147522502
2326462552
455700963
943625054
296371084
2260822969
560715196
2951739670
781216231298895873
409089494
515979525
2951349335
3416068515
784318068889559040
4105925825
570833587
1039501538
705451641
3346430393
2340552066
4850084878
96340114
701978031
778321813
964333646
82636356
3332448431
3992833575
763718509805305856
778753237721706496
2176219136
26982622
15692032
236332690
2311945255
2714942648
1174346844
1279924916
2250627476
221707969
509925169
400035492
50590345
3832681397
50236559
753290282020511744
3025669096
419316234
2220186288
310944185
515850471
76769340
242351511
3090093706
694638444807610368
192602067
2753920042
347497240
82419707
483725781
82902889
487403439
281884852
786233441742364672
2345773460
125777851
2652874504
801060646699855872
448761968
927916422
730673331851132928
59720283
3384381916
2154746892
1664716250
831730153
1319060210
1145650134
727223148677087236
418028983
2562814182
578906912
749570773321474048
1053466591
201412456
509098508
14324681
706067859550695426
421758109
4696957188
717973854325444608
797171468002033664
527516661
3138188655
506387757
1979495443
859534544
245947109
2155583656
961773410
4914013611
452174282
222903495
4528167203
770463936
406453295
2558496329
730034081698877443
2686763793
22073087
755313289
2334501166
4098447160
1556455656
432637066
423531049
1208570911
1130489732
2442953699
2365691668
4611199415
698226027756126210
595878183
3297645763
3239395349
767596251311407104
105355320
2938230449
1151527296
581399988
4866412145
3374386924
722919613
1082984088
2396640330
3762684742
500929319
479810905
728265622363181056
3067658783
2350347318
405443137
292197467
3402336711
1006280564
773903945391538176
185131593
586373819
373950389
1060544983
743514238493278208
2432948813
781763084486488064
406364563
756921009882759168
766378262259986437
2865435733
1339546009
3294561682
263059517
1704554534
526735998
795600271762198528
473950075
361373768
2467489015
104485125
2293813528
17649765
4474043243
529561745
446937412
2788765798
1673607168
2909504255
307537574
425069433
788291127384367105
460176241
419778202
757949254765834240
503250310
1044539172
3052918302
778917084399079425
1352099094
205264128
521748405
4204183834
1904922540
1042134122
433125456
2977934441
354901534
2975094340
1261872931
754009225911758848
2986885877
514377723
2721852965
781793383052374017
39749733
1080152546
4459166907
2348566523
3823074077
784500022410969088
849988268
4868655040
802907146467868672
1280347904
2726112076
62019002
2315349157
790939624977891328
3815570657
2348760096
413364881
788143728884154368
743477715790077952
1118851009
1392039763
2719186852
1113935108
266841916
1384259208
1904885862
2985859289
478591778
1062583370
2949441737
3324827889
1249912915
2409766709
434839840
368950045
742048419208925184
458744080
2189679107
2214610401
87467449
708755071861964800
2650978150
3391775794
1219180723
1053075751
4726174575
3088279515
302652032
53368287
752897299186155520
540895773
4863618933
722440741
1654874078
394798713
3304830435
103290607
518856916
798968270527332354
402352368
4863913085
28433379
2715371230
789866400332611584
396151080
780690044730220544
1227483440
244021846
130851801
3226175572
2786595941
160011017
431916167
400902983
272941891
784105196070854657
1183652605
1251089251
10692902
472170881
365664894
799517654746800128
801520165250887680
1644683106
96337794
743782951285043200
761232304182333442
3049633374
195374632
2608508709
558053080
612831033
3346629027
722684492
317879495
940223707
3973423342
56392390
1325348036
276685772
68640468
2787225059
760392779533053952
1397078899
538341709
988443992
827585288
4187567045
609790313
738070283819581440
310195119
2999325983
525853329
740277257424523264
164643911
808531951
3176594760
793526411336228864
3221712009
3054231435
391246325
96233686
749617259849584640
303219287
228775264
3038785617
403444000
14108472
1230871339
781773506258280448
363158162
16132761
2760310807
230790398
200608632
1066344667
785434989576028160
1063332403
539238012
623813447
765943894756458496
341422666
141529750
300178715
398290240
2965770017
377660882
1222324963
2401317738
2983119910
4503673707
794274701484900353
2752353844
725810364995231745
2486581633
796124878294446080
3336144413
2442105406
554128271
441651345
2866061393
760894592317358080
2588802520
318549168
20060900
3600098417
2374166250
4860266019
2831366043
3588475175
557366826
73971750
800566259561574401
704779333307650048
887115744
1036494895
2720144785
720048936
4343971877
2597719151
133783953
4664853389
1323227604
769960650
2231463645
1258912039
213091006
3381325839
3860196976
460226131
1358611800
3351926470
2447769211
231003363
802633773036797952
508645944
73065144
341989260
749384694219800576
3018738275
3305521049
1142534742
773216477143007233
2889852755
4063380377
593635807
96368478
801816502466908161
602574015
1413220182
1142895247
3985072012
769526013474791424
795538130
759712744044056577
1081132770
1328476232
2482335605
302608759
1488338479
763844678005432320
2898075617
271879647
788754158241378305
148481393
278273822
1461760566
1692143298
96580657
1192856120
697879690309214208
520291889
93691257
871589084
1372497578
1014870637
2369010655
343458847
1039549512
1459455080
1114354382
1264214780
2975144398
2766062542
2205598141
3380255259
366258436
503303414
1068604638
59073202
265333818
4915900165
1009243501
60850394
100004676
606259626
463347621
2967719326
3108348141
2413094842
404048864
225490204
3398519248
538286720
480494987
220308940
2527208301
779734651984351232
452327968
510652108
473838944
82068999
1035376896
1190943824
4077751847
1411322347
1050667999
221767233
714226829071151104
376145932
486759593
791035487255486464
3156887011
419285776
485841317
403430248
2995763703
780124088706691073
1475844757
730777400745791489
2248642662
322540485
2359426044
424084271
405858302
1276570771
423294786
4164981808
50343031
3036745805
2342517254
19592755
432688797
306180757
729981130007531520
2180831464
369200086
4039903701
764140480775020544
2431061097
702171804417323011
317117163
4405181775
2938273510
3664513217
72381260
226532072
76616277
738850244390162433
1092084720
2863815646
258800738
281358271
2780350163
800511027439730688
421427868
2168052871
1384894520
445817762
515870436
2784216706
1261967018
781954997806370822
777879171993337856
259778195
292649689
437358087
921109596
878503224
368935338
468260476
495419596
708997585139318784
144030211
396756630
1128365564
301460166
434980220
2457789161
28724819
557827565
417252855
83661586
7912442
384214851
2255408790
22129679
3399065008
796237284
783005159232241664
1077085892
766601799155449857
164780237
384176532
51752772
802931774057803776
4875964570
276197431
503199826
714376418055073793
3242281907
763353589347672064
23301182
597277298
488895138
2469186961
551156716
2321180143
2273437220
800379529319436289
565475307
60995609
398710426
3315474928
962612156
705462413169205255
2948897212
3376360072
1341254522
1055931559
1385223960
256564545
1260726662
68362418
2811089575
183211549
944721086
89212874
2687289798
1103165600
1386861416
1441728823
966592213
93453242
263046135
1239566610
256143387
1650688393
3231784599
413217587
501225131
957666146
3377577663
622020182
773278801459568640
1259971430
711681123559014400
1941539966
2739787766
784756576229978112
210239170
16114528
999889903
4718345116
3230165817
573872757
988886940
757173570783043585
405658810
2897529063
773929798192300032
1137449617
760552902297546752
787115406
1320264439
4432360889
4876302513
2484303523
340294381
136343557
443333037
2481748609
743016612048044032
436833006
1176935226
3403081833
593590410
1346055018
367692964
2480246000
979023937
3308383353
341335638
361960565
1915578642
335595246
359541795
2437249428
1025143716
822184940
2886599469
793101117844520968
483132641
286608996
2523568577
407380746
733377494078922752
2502606786
744659342738210816
788784380860829700
37903647
2895069737
4069173009
258743828
541704097
732773769824047104
142643965
227605442
309764770
747583665056718848
3471435689
475096024
342588019
605303095
60577301
318615150
794302419203215371
768783082736455680
723843735482720256
359096965
1169471665
1444738142
4895620589
142227794
1402688845
801070456619077632
481603544
2562475954
355122344
96102352
2400326462
429847277
424153335
407898601
2171028731
3401227875
126049704
413103125
781946959598870528
147611968
1378987628
764034561814716417
378212883
1015440260
772016332615409664
433293009
208792626
4459087695
1046140855
464127310
147371974
2539720395
460275730
567159863
791370438907686912
2256723448
4860423380
424473892
2300311050
3305721243
3069843927
1057930387
738412973564297216
396218442
98212000
1872223814
496477841
1212034646
781546462069067776
383531511
261705959
849274159
746949506
21310060
737964567737864192
1673946037
2355253204
753986193495293952
407194493
728242468349722624
96538236
2966359733
637254997
588431132
1527761478
804354408
3601606947
1116671611
2282030010
2907953530
1681786022
200502085
446903999
2814253391
421316277
2749566881
50579673
4187702435
799642016888012800
475248885
83183965
3397183961
565252532
2380592546
1069414741
3433009643
2932010800
2557453016
713737407636586496
748799089567862784
145580644
747892541400428544
1591737049
803276056132251653
3332861871
253175429
2988110818
326226399
2866417823
1134720390
109659461
482513993
74759588
2792050237
1394635735
634999260
53139843
2227239038
701270809
1456739846
523613502
178685251
2798863589
2445616026
721718300
3169206307
767823852957274119
1142192286
987577201
1235964151
59272021
2832335447
4386339226
104762476
2345472305
714382420
930194618
110962256
420150286
2904967810
2741727190
1079126036
3345796306
696831186820329473
33226107
2155070496
4773966268
75588319
420445452
457547376
1850953207
258382452
3401622281
1405789050
483297165
56370861
2173408514
3071993301
3025677400
113075421
616886078
3020130143
326055853
1619846047
4791885441
2543538403
2622683400
289214112
469267629
173925687
162132290
2878097184
191204810
415665457
787069568086867968
91642330
453821249
1464197947
761182919989878784
766471224
77823743
2703675064
750847152
2402803553
3172191113
3986253868
1440383084
1540545835
1166270324
324231882
769848270478802944
2899554531
1357710228
706768881625513984
2521114569
34445466
2906264861
434242329
2951279819
2907795123
708587318786007040
2153812941
795912820592410625
414174311
180480028
714096155152486400
1130420497
715925457774972929
585397603
597787450
527477202
204841998
2847905415
792217289613533184
1289326484
446532729
4910860665
232020769
1283249520
797123652487696384
142034488
396864261
4702133172
539157045
893784643
1171486081
3167053779
236794333
468586800
425254477
3290963938
278425671
154223938
284706444
550084298
443932900
467232496
426755550
802176344515866624
801860821257191424
392656492
3171167135
182971548
2889447297
435575179
983253218
84130259
541112195
783740138660700160
906224444
2359153168
571133532
798284445581266945
802942235398565889
1937318108
78971533
3008803809
1264018218
4878708910
2612652422
3043362960
721068668944314372
43503218
257709473
4405643841
334388234
1350411
1540767944
16823683
3381701969
4885620221
47963163
509309634
3030465038
2758700275
3430185532
1000366015
2569703055
2795115634
386732636
630918299
302561494
371451913
418683219
238604711
704746963091267584
1269754130
1278202914
801710252827807745
3088538206
2476110046
582236593
1316630180
161462044
28528873
797374091959406592
583980924
52011737
1693164817
1280900022
591711454
499813451
796759446370271232
160618239
4287057201
1360384598
393504284
63745515
3242209649
102754809
453851050
2728896824
854310253
3218016436
102488547
418863047
18935802
373423842
50068659
710440429
258862717
3191859046
414926221
4536789317
431084648
700817890497310720
1412500075
995021599
1040263164
1250016204
3417233499
286821862
4777584309
1620517057
61871127
242399306
498846820
1089615589
906177138
776513859456790528
2209486779
714555676417265664
775715222594154496
765647763442896896
1412675324
1104800478
2604413069
1382241883
3020578613
4902342166
1219654200
776686108289667072
1592920400
426064773
235323455
99361454
1394582718
1212975134
545448505
417904492
3347934334
760935300189356032
1289725328
95630884
483304367
22609483
2205031447
449819882
703307259607126016
899952481
2333450384
2188028648
342161274
208130207
1491175380
585172516
3342531046
389104963
1225509780
2546560394
57687321
60582224
717647109114224640
598223193
504658270
3423827193
2845737279
3869318717
581968820
3931969841
3064914777
768341665862082560
1578337921
407134896
3055410513
968459856
497752969
270623814
4872050638
2806094501
3527260401
2942054782
2993021697
899978641
404022377
619121298
187419451
937463430
402863215
242071863
705029912265097218
845781758
2332500221
1086395671
777822834
498085187
759717599328411648
3367479099
410040461
767307970594140160
797327775963222016
2222816851
446897324
1857838688
172679085
198683785
2973336951
1544336527
749486426543288320
2971110503
371147443
2589921788
354900068
453030125
372937945
422951125
108262067
429144484
960924277
140772582
3351830099
1694413363
4863959205
4871884721
2389507018
504271524
594873448
799030343475089412
381589283
599114492
799826440439156736
440247035
1536854442
298031152
2307288968
729301866555805699
2310684649
1852450694
749779490
300806305
262592818
478565327
213451073
1636129136
312613461
3902252362
1037152033
875347244
323737885
2905245363
33501253
1092846918
1112651670
2237016785
345871224
394837520
4039287245
2282354028
172337683
402976667
1127618904
1222000628
709840307249090560
793769938569822208
3309670823
493278355
112807659
256491020
2533191487
859820334
486015426
725728464268066817
773671069
3001964055
241289430
524597055
738311035
257953952
243545857
3011035791
87950192
232559332
602771351
169233625
2984349707
1431424932
1206105060
482783302
719190663502426112
4060369233
1017939222
105538883
4909961751
1048569343
2233468543
332885533
436184365
3854006068
721961955079102464
434816089
774766990124802048
433418060
448998373
387043149
765502489529618432
3105299290
337155946
353811477
735053112273207301
1175684660
2840126938
2219899278
2346923772
3093445126
1005966932
1638278257
2845508824
1047747889
2525069528
4684962704
252255936
2151216070
2306444410
798797834698883072
4407915867
1294725276
898459140
1699665619
513526868
893420989
3233336236
745689833331359745
251309387
815410044
1010820098
534334713
2363590581
1392007184
3688803513
127931750
1510136666
943572877
2455541630
17688757
720335994449457152
2588246800
492580283
2359448190
53200070
507768657
781136131140222976
31255401
797805269539520512
89668286
1861352574
809434112
144210805
170710393
615546330
10282412
3862086448
2958702779
2616680851
4853784417
2361394675
1021541239
2288354839
2462199506
524493374
1464201175
703510405809872896
4570414113
1638122504
3103748006
831768450
465471132
25676606
273316238
1101913508
2234822984
1671070807
2180748462
298123237
318414872
416438309
250316913
376778181
2282469222
1368793633
409448246
1327082838
719855009928716288
8266162
1680114756
3095355645
174210451
2338806398
164225638
35298549
2250887606
1876212612
223575921
