216003080
736166324028768256
780993615392825344
746638522539466752
889816856
780133788001112066
2768557727
2418350499
588180335
1046538596
82578103
753880591205040128
18616891
2511415512
2597512767
16986506
3417536049
281104969
933059448
1426493510
288764479
472905491
3431896313
757989565600858112
802819780386390017
396841926
2180063050
2291495448
4505442327
65335565
2355048536
3152228475
989351852
411723377
1179157244
557059629
2475286346
194972957
768438281440813056
400766387
1540142966
1412906197
801449731805347840
828812155
798834368798072836
549597672
53053554
977060935
714495628018114564
1020655322
696595370395172864
728695134
126344012
508588196
440691898
764525968623071236
802263885755666433
1015392134
223881169
2555881691
386576472
753837313
1223079336
467389922
109251997
2258080003
797425320102137856
1359299438
272822756
1591945410
1260275882
715992550029574145
3314981578
702989036391112704
3989830042
1174274426
743821644150476800
2231871937
180317088
728807104790794240
776870238449197056
637195543
98732981
2852316766
1154788808
202974263
1307016348
589997252
1940337368
1651093716
1648145288
3157875893
773602742
594777484
2422907883
534732052
1077795050
111933671
158786957
802836012279930884
229089974
405819831
3433378229
363304621
3427709602
518969832
470485139
633645457
497021694
578393872
463591267
1392759961
83580262
532237758
3256208777
553715474
783220906063790080
1322376432
498964636
1256727248
410271241
1047085261
1914960499
781046072865087488
133461180
1583259805
847536198
580050328
785135125143162880
413354451
442148347
4824901653
1710375336
492273305
2328166991
986653196
784331797496631296
47781917
325127006
2427311741
1024520136
2299766748
492603988
1883118666
437635996
2789842566
3524549843
188865441
234062729
2236793966
804810861986664448
4073867722
3153937600
63732939
416922961
759675705647063040
3334382897
3426670696
1282936026
1588323260
800888789753282560
525350179
753877865645674496
76383375
20373953
408738224
733743405751271424
2205756240
920591754
1114098782
1562752760
775843885
85136516
350256698
762749251088678913
1311732848
564990448
801348354760474624
45120224
144213581
849211508
1065254220
329937650
415420559
735107028
3355724674
143813004
2149606038
397199507
3025920266
708279385342795776
419743304
722315021317980160
1037555461
1037393713
423280813
4419158368
783427641298808832
2679522658
1934445032
795290773642215428
558981012
787941432267051008
398609882
600638391
55303604
1426157994
473848168
3457594222
1147448544
513144334
2832177977
519270696
386474826
1180016617
2359401339
634575700
409327207
4154714363
237334959
1623140270
1238622974
81689292
1106149818
744598818365255681
1904108654
588200416
390622095
3547765223
367391294
2429027969
2773268453
86342681
51232175
49771732
2415751118
363677922
430200691
216670422
732290751380459520
531851126
1374076440
184425554
572056299
33959607
928297514
494218103
2334780685
242922585
4088230101
892912476
361722068
788049329403506688
782574639704834048
242339687
2461474328
743608392883769349
967615364
521337019
171447577
340573242
632151062
3600966322
771404383263289344
1585963512
3053723635
950216629
3401876698
56473208
2472029332
376998975
111141801
3519550996
413978233
1965336218
3761076075
4705505042
604303964
602903174
490744618
34666215
1320741330
282643059
4636768817
147543162
1058237736
1405748826
708998418031644674
580422411
1376730776
524807407
2497838698
436727036
1712555870
1478297786
2760142246
514161086
3253773825
2965000805
3311188835
141260866
465584625
2427072883
1610426412
482940177
703327398859816960
3313238927
2588051975
3114706373
176075973
999469686
2923272508
1498271646
612807193
3728578817
83386342
147885727
3115905790
3221567302
745916794100125696
1037077783
140351552
773869687465803776
1036981194
4326503175
724630872964665344
3086955695
102485345
251094642
433192015
876660793
2605945762
801532114139250688
2344932977
792341976138051584
2370596331
1898454535
4038647320
989485837
790620156963725312
2874455566
1139871650
797840909626998788
251663248
775737901812416512
810711224
3418726954
20230534
2420367649
2299647769
595663730
765958811093962752
280918637
203595715
1133516726
398678429
773983087348899840
1328976937
449849375
460233960
778993138954305536
2807459157
1102037316
396141158
1014910104
899385834
3315326793
428304986
2479620311
51140493
1890582806
1166191856
4073563527
928609825
292439152
1221818034
458236217
783023868378279940
1253719668
364189418
154896410
768545345223753728
1056211513
778312959734976512
1283861509
319714191
259271842
1101713905
767783947220713472
2549528592
1205594306
2923267265
582717492
798743088206319616
584739670
724648551561728000
434505068
9820132
125070146
1209522866
1387662265
82093783
1126191505
1283446118
803591105413545984
716857591738015744
254969508
2517301839
3169131753
796033080335224832
2282008813
798168259346530304
1916781434
4579125253
3309946937
1337596044
768863741354053632
982932835
793787252040142848
4702970784
499227001
578363640
2271436581
310698229
224940210
744518687617593344
313199623
1570059619
432009958
503288686
3012321255
3306953649
2706476465
271135852
2386642032
1386751423
615962268
2361360169
1470343742
1063780303
442950090
375773693
3025368046
3297277417
1262576665
786291541560164353
447854508
2858833809
1717274785
1857148146
706517290842513408
465082146
787211216355782656
4824798082
2252899982
2651274657
867633500
801934415526002688
121544552
3198028097
203915389
2508603779
513481122
244705592
925110174
3346569904
411018458
3121299317
1269539851
753351020265218048
459584150
4170991971
829358672
2182403667
4212866417
792134704363347968
1479828265
2391369431
1397232085
407296758
780342597458034692
307895169
897054630
1285792975
4166695155
2319542538
3368385652
139715784
39423598
2464168508
409474239
2651374166
754289348770689025
1139368074
1642789244
1638143131
344552830
2891799633
94421751
158017561
1434038420
4919661688
3105871258
2199795114
712647058709155841
1667689482
777777871
33672617
368574158
566142199
91854812
1080423679
2349060598
1040976385
401650330
585968039
1289238409
1179962942
430724086
213588883
369749865
2543019165
766056010406649856
369728921
305481008
4688664552
406469071
758291580793094144
2889104050
516802751
1229273522
946249914
1565976750
68128678
706570580
914574283
739126296987508736
4905992363
800750620818800640
595517608
340965292
710066832552628224
1093512139
88650213
62901570
50295560
716326404707713024
796490271630434304
3046529709
247505099
972414750
33994488
731252371226042369
258861907
798876490796593152
559513996
804080566949859328
4235169676
548256134
510548559
4827636455
1373138137
1292743813
702592567830028291
1870641289
697888828955168768
631875191
724303327077502976
1394750035
12514212
365089731
2388851034
478026574
1334712547
430060194
710498404531630080
1161058597
579271577
2450147531
3028103830
561058451
12167402
558975152
45514913
3026489927
1379254362
2804233346
2818986705
1154934108
753690812983238656
2464335277
2872452713
766066296618414081
741690938683215874
748764531455762432
797197311201972229
561375612
866679978
4893474419
2376644398
142590818
101445331
354767880
2910674200
2973508025
3597402316
1305916776
2445102772
733743331218427904
2316972126
704968903622008832
796181961513504772
417111368
954210997
477548046
859927674
1084193910
705813420973621248
760240948488044544
717965900062793729
1114146019
520251134
440404937
797906158325534721
761303645518499840
438849246
1296801535
259205516
490623980
1498709755
98586308
324563788
2341083257
165556057
768560791347990528
3222700497
4358642595
258037247
462338725
1082400372
632742781
444084612
1433806334
603484908
541527026
293608717
782622314261196800
1627031726
1215628212
3036352179
1039581457
315787968
3143810488
424241865
390423729
2354395787
2440183745
721338196639014912
565467907
1025054731
17268435
545384133
776453763624214528
1895353393
1128760278
472822594
1007560902
1168797480
61984934
3122280521
714246326
3243909749
231967652
778900450812764160
57060570
1462179565
440128266
388512493
4375454417
14966017
1326556136
2162439406
863028571
1037411684
792810525533044736
51390659
2363490707
383140361
742397759991480320
710829874773155840
783741519564005376
423831266
1721405378
214034070
484257494
136294036
406523890
326152237
1479702782
489562627
354284014
3345161205
2329972429
2148602272
408437002
1229121186
476836933
313331114
2312130859
3212201980
789699968
2909929737
3201052948
195734767
322933929
126747525
1060230338
104239528
1228391671
374510131
3213490474
1135323564
16984207
9584192
221179969
1311687600
708755015868006402
1021306837
799504971502944257
3228177251
2811563782
2351775654
1476948512
59165953
1000210050
1869314520
339672122
3300629145
97442729
702690830
1341462944
427674701
470257543
265310795
203005397
352272919
4549851317
1460831760
2431985092
68464543
793096447914827776
737715899554226176
537662962
2851228124
1300370167
337767301
556818121
4181089545
1641218742
710193656708333568
501029021
1257881796
787432374237822977
2640207038
303662271
4857416872
789443113651699715
418918882
169649919
2797539111
871790466
503452485
2458031228
309178760
251762468
2888908630
325488865
1873008853
1394277882
426178907
755320994131247104
412129293
445050879
396043184
186755816
802207720908718081
952400288
4919837110
2524404516
223404787
1374222312
429194064
4851423724
80008326
780095104132509696
105092185
50244275
2437660149
331255590
369384908
951368623
2725435126
2609688214
2523613014
3791432775
1911991346
723203630917136384
2978007322
2912985663
600136789
746285129899868160
735109884417585152
1568013704
4838445220
838693075
181629711
412250316
987640627
804179086708969472
789390786991263744
789101135323865089
564068843
2590515409
27326931
782874183365779456
418508915
1292204629
373481031
796821388023754753
319060887
592546016
410595635
2322261107
2465017751
362093487
140057440
727758699587092480
1153173667
465763892
2573821529
628610113
2319131287
409352382
522131370
130510445
3008763837
485841893
444048705
256349599
511922371
296778555
2703782620
2355391573
23460272
799313616302440449
368085489
2355657519
1329985766
3436942246
348493456
1048802419
2360744315
283283751
495011205
161450764
247726328
1044932990
2167116718
710046420821286912
793404950353211392
516339626
589218993
291692348
420627699
1105814539
522457817
742532068257763328
716591970106417152
3034643483
716911634871160832
2998053413
771406367471112192
4372999402
763388821677469696
1208853571
2386835695
851233315
138044681
800775774244483073
134554873
3930314836
484135793
464955653
528515428
800800679807754240
2521741671
3130622027
132519914
325739333
2654152260
272350720
226325978
2180163853
553392203
388946039
231857335
1410209468
282545544
2170637596
2975733075
1028662526
3095233408
1263909744
3127330862
737670987504848896
385456063
2219871178
1274581027
275105873
3289975816
394802771
3448617916
635401710
864312458
754014552308801536
2467961561
2772829228
564584652
476051821
803115926002532352
1530015979
1849153957
141745277
476264118
799587629977190401
1386793261
19392607
142341891
94529815
744828787137839104
2767985158
2466589783
721242552469479424
727928106489614336
416540516
344767294
440436024
2198193816
2169041137
791347713614946305
2324434960
101556020
301676560
249862119
141458510
2846982226
1443706704
63766605
3719573476
397085846
3339999905
287247676
784949792
407062660
2366082457
1335942066
2847984473
937667064
761229724685307904
4847651633
102200819
579662557
418267223
2322781029
22075599
593582642
523343629
1957607898
232625504
4204326923
93934681
2785117733
324332181
592489826
1127733265
852675379
462772665
22659500
3110056318
451473769
121424128
804398406286381056
2436608759
986811270
150046203
429312499
1690434842
733383127381487617
316373745
269929523
2314403526
716653596654313474
236565724
1947781513
1929877436
2482396225
152673484
1279935774
2760630059
760806683564240896
765113425882218497
3055322696
161428463
4277251709
238604906
3326878185
2862216426
972589147
484589440
754060114886324224
2336820800
790809578028032002
560636317
3653824277
2350615438
2644978389
732206617341595650
1923616602
475254497
3079236778
1329957211
4869095007
2522802540
1161191406
752969999518670856
2331861340
581203955
123712076
1890326197
401517487
9476932
10350822
701091324
3068039679
2476119007
1471642706
303774933
1037057821
3458373497
297435979
938563370
135861040
2400560849
4885903612
36376600
173389528
773978092775870464
1880399689
332300580
541147498
2906271375
2359406918
61905153
424232469
207034666
99702635
2785334697
2206491557
2957131078
883065655
882872700
711299618219364354
56326516
274494468
99117306
784340188679974913
3092809936
3415194057
294600641
574017966
555551022
2416229854
470572668
3119071163
377429760
1930695714
83654381
349062616
764195579081752576
1131780324
458632561
420543944
1260162366
551331260
293524143
783307585206222848
163899788
986686861
4172212191
332678373
383831798
702931234
426978385
317424889
573970612
493260423
2221404476
4280485636
410764821
726150285870157824
750612188688154624
3244021258
737302538542845952
942307356
7706172
1545817196
228321602
1372461787
48967204
2208172767
740856615415472128
1063011624
785397318
733366019666944000
2277535545
616372545
2438340445
2768367785
3008403862
3392585361
1219824060
2999932538
4024983855
1715437566
554397803
3026614547
3315085115
3345594861
168782371
1169245177
742397869
448631884
3015774443
2812859778
1401604591
2313913262
2901728910
2259346508
986382066
1039964510
559609344
2608779441
2956811146
106768331
133668651
141975784
20021712
594882199
67305532
477757835
358122962
7435572
725882047
1219503126
427804855
2458049437
130459956
376298468
532161446
798448339851313152
2346488962
486456375
370639956
851456364
113902301
39975495
2394803132
4190295975
399374372
940275222
3889028069
420437976
411702181
130445779
1203674574
765871344076619776
1254324948
1579008720
92602577
531726691
63126601
981832592
2495549258
591884349
756156933879525376
1111384315
61703985
753265543633899520
2241735773
1115415468
535496510
16145985
2239737678
1313490145
1903648940
1103389747
252124868
296197775
1339138579
800339370129559552
869965442
730500778637594625
3055829144
2743862297
801700087525216256
1310591124
277410004
1158224455
1044579342
4899340798
841723272
2712636045
247722432
1228335115
1735338012
1369005530
196560266
473960090
342569184
142393098
1367973715
2369953109
4185673192
2883830458
2800443747
3424436500
864546176
2831706034
355782706
794343306
719226699003609090
414646088
499936088
237012591
1016302554
735788453737041921
419951447
522542520
2281936099
1919132101
753581765109907456
460000045
2189633884
3764059997
785129133009494021
2168716042
1189743062
1710348528
615255838
276665800
970095434
4829445388
2994896470
476235682
270461603
1260487207
304661441
482343716
795352135022051329
770466882
4446307913
955314738
1454614525
2572430290
4133259777
120433474
1038092534
4923500123
1370248890
10438412
1013911981
383091099
2288157877
3332129379
930659928
997943606
3939431595
458801307
529483712
1412429815
2375216695
1899976812
305255857
270877772
985118000
1090294315
420538185
991988197
613766004
3310616615
93209808
431790909
3869948417
98633285
2878983657
331136187
1547704086
1172545135
421753222
558032072
1126203068
2416044272
1912039406
789577810637619200
2230346403
754080207817039872
4577632036
733711848
2392084666
2243950814
51727698
14911274
328491544
2196699974
3104344534
1266792668
759968227782983680
3404776456
1270332710
32402183
447863789
356397156
702921914
1059881101
47368925
477897185
1068056972
114695244
3299546625
2435916027
133030062
1043011003
1664604020
358143005
780480247439450112
1852228682
1331128747
703673755286020097
998818928
576472472
410764457
4242264977
400359479
306137883
1209547698
1015741482
803155774096756736
426152264
370583061
598558484
426563108
41391760
1117323301
2950936654
586921074
803115076672700418
3843650115
2480323358
253164055
20517522
3290543183
430437851
109001462
483006753
118978778
3105108137
1307698028
4093194160
199029542
782574373534392320
22799265
80367189
39475962
739538599918571520
38205384
4864187548
2481871779
3257520543
477543705
3255450621
796809654093410305
500243289
953654809
2482305961
772848384961044483
1459533954
796763568
2201641540
575116715
351555225
619258906
1077740636
1238996869
566361704
1160278561
2337395271
795530342581018624
483384295
533176044
428411345
797136508293627904
429177543
803300175955558400
1201691502
1061317800
47154019
2858759915
398954870
104135821
405192597
36612294
430169858
1884023996
3297601040
264674074
3218386990
1314549691
1221719288
1016320381
741220758643441664
3145299803
264351373
580184701
534655010
485582381
3049824545
434296262
13294452
2903029769
3080405859
2708501001
473166234
1460451570
1524796764
405792460
391450948
722794470
1242311772
822157436
418531608
1244162966
4188671596
557803659
1022288858
2359548435
2238143360
3136292848
593487302
389087761
800421412682874882
1062995012
2247433494
532545883
4914230231
297060762
2435370944
116749310
587281863
2246257107
81075901
524236416
588007678
377619841
515548298
797134962453581824
1314367554
405514067
3164390831
1057840633
1250057473
1359735968
3331798360
803958739476824064
2889612136
358808488
2352305154
2295103853
417947467
196109748
118183154
430130897
122497273
2876784275
254179369
3354605609
2490158805
720897240366194688
1020931404
3008007621
2911726889
547553319
107729277
4860620442
132233895
2194894268
993658128
799734010490470400
1407173916
541114609
444637440
4105925825
2903764937
570833587
791628536557793280
4188604709
756798814518964224
2634622329
385383074
2418921020
778321813
413010349
1033506961
585788757
2991945461
1156611540
26982622
54918431
913326068
1277126388
2836615967
4919378483
785934232698904576
4875252683
422829258
1446761334
2749922652
717334646405611525
264753679
2942381427
420314574
493914599
786967430191022080
526552069
769478656498466820
154967452
1050589128
3563789836
46415603
433435963
2502501779
394233849
206993379
187196983
415387207
401258888
3025669096
722848232792002560
166058038
523331583
2895077031
2176575594
1046104886
76769340
566540382
2840979093
783613594810351616
1334666292
763393541427105792
1333631328
2212866474
422521005
69340006
728733122695725057
425919170
2352059977
118714798
281884852
2873716210
3094278383
786233441742364672
3408525531
232590428
451048345
452226860
472335341
389115081
827801822
412967073
2473312438
1368048013
3559416569
784072008640434176
3431535287
343482492
577226307
343557294
2562814182
578906912
114706508
257665435
85525364
134724104
418301345
595781998
3138188655
547050389
57251373
953435533
1295567060
476175986
429928689
3909677536
751715726143217664
440716175
747461500546220032
781405127366303744
40708908
1556455656
432637066
783276237351489536
377389027
4611199415
698226027756126210
863596092
397153198
767596251311407104
3776006296
2764353713
342296335
2184144110
562389461
338959743
722919613
477744348
3324608649
1082984088
2726498655
1456018832
458323834
2373222249
415825377
585391357
304543070
402821533
1016013998
1060544983
4016361339
1372859420
841214047
404892841
474175425
742262878867214336
743514238493278208
2432948813
2186313922
325165914
786718830001328128
609145539
52375621
569492527
51060893
736880955374325761
2150833213
2370915699
704773966850867200
923195227
482107935
753720514510815232
547730771
4474043243
429207788
466789101
370345381
472047884
30248306
2788765798
551808291
2891197923
283152050
307537574
2462541359
3373955686
993545408
52201553
450753841
705535523243352064
776366037566623745
2160946687
721303651575341057
583035300
542327855
51067487
1096331473
489693440
1089413082
794822744840007680
702540775444385792
269855245
490373717
354901534
514377723
964719079
166949118
319116894
784500022410969088
1226128195
1223037354
378565367
431976775
51757652
1012877600
477092880
2373433018
467307839
3515611696
577936933
3632667623
1024451294
1913892218
413364881
1392039763
2572860751
1074173322
2719186852
2978373227
64139825
2207306586
4394434523
425741057
2159302390
2985859289
478591778
1260171894
1308988975
2207852354
434839840
730132426110992384
768585707812249602
46224994
2447675622
761663528
201876604
337321550
443193400
422858171
592647058
1561186362
2244460336
4726174575
61765111
77863297
3408677429
1109365657
3225190005
2598012474
407162151
3024843525
337168538
483304757
28433379
798531277116862464
719529452594675712
1039387388
307278565
396151080
2892216196
1227483440
1134804595
130851801
2786595941
767765638056185856
784105196070854657
778647667039690752
3322620622
365664894
2787549467
448259280
428300383
801520165250887680
963144078
1644683106
524735883
96337794
3243394143
465921722
455991791
1382206622
2935824485
754738926083010560
4229498536
734629633577095169
780100421536849920
591323868
130771932
731108440144248832
2848013902
773684083117490180
940223707
47758527
898011530
1958640014
439268123
66884102
1459429184
2887357012
89747812
721797610286268417
1544093054
2919241120
63650287
396564186
739885032983154692
710864700851032064
34883455
740277257424523264
843757543
336728071
143264776
726721856749842436
379256309
3176594760
751920799964098560
436005961
338363115
585822369
321469139
164680904
1027404487
4720298007
517517175
391945446
1233824197
812774677
303219287
429009401
546203822
3290368415
403444000
336770410
785924885755428866
734074574275514368
781034881073684480
712285514586570752
1080795937
2862264726
776315743520583680
475394911
585674249
1241106426
222599415
591459578
1066344667
1384855346
149609445
2744895802
774571846989668352
1192998770
995160108
326451864
141529750
514280693
373563902
377660882
3022123029
3612539669
2983119910
4416586894
58020070
786498737019363328
2288643866
384340494
2789363694
5427422
291951565
432766701
3588475175
1037713867
194275021
557366826
386695561
248846280
129135649
1344701089
704779333307650048
3082084121
3124079014
1593868626
991024189
426919020
43703232
406437699
4089359207
501691674
2444362003
775681896676265989
48981619
215915420
508645944
206831627
749384694219800576
2889852755
4063380377
1039152966
2533287637
46959509
475234937
1869414950
26760769
802829264
771439311229186049
783020674952626176
451365630
2244571279
440949548
4648250951
752559084881211392
462069435
2898075617
117187684
368772601
2354462598
700690132769370112
514104395
123903173
566896667
364158916
3296210343
96580657
184015853
520291889
290512047
93691257
1372497578
225178719
1014870637
1275239096
1586042605
343458847
780760650079285248
958750693
590188450
7491772
780736770480541696
2975144398
961184737
1345285440
413461242
557076383
467401158
772120295465443328
522987521
214475387
46879002
3072009003
3143655058
1009243501
730866098967547904
348321186
2742709167
212402248
1307442482
2913058996
711310994
719147371045765120
404048864
225490204
875178422
1381419367
3086030505
725937762449264641
495103388
4815678869
2478033566
1679375545
2719499155
4012526097
510652108
163377972
602182097
482858620
82068999
1084011908
606549225
77336255
1553447190
715543732217626624
221767233
2870507268
75882285
288907383
320246595
523382807
419285776
786662183094611969
3117151365
763885171
780124088706691073
752010888
2740139597
1286102366
154487155
191592633
95482042
4925299329
2363057508
51412488
1227261115
406555651
787663494183260161
61292316
3036745805
773143613073137666
2342517254
962462347
955323307
594364753
1245505458
4039903701
4371150255
764140480775020544
1017310213
432857950
520775496
77889072
2431061097
2938273510
4405181775
753921440194461696
4016845217
1201970520
76616277
3224669813
272185225
1092084720
1104139692
3166059777
708385115
1168160534
415063465
782577416548020225
430995535
910304714
2342856875
401687825
1035238824
79139618
702989185930678275
2258041135
3001315397
212592062
4818092890
872466012
1628890620
1011390390
722050091624833024
1012818918
292649689
488478458
2738342715
407685623
2540910636
2241274927
363766849
365973612
21929177
708997585139318784
741592495155478528
396756630
2439123325
3841392257
3102691408
2515047351
1694585623
557827565
786132636473319424
717894055405961216
141217326
2998311941
3399065008
2364035995
722053268587855872
59746019
3621473295
706596340306984961
714376418055073793
3242281907
2816638404
1257758318
396686981
4876627103
375235230
2980207475
467473645
554550990
2350203541
746539553771651072
3019813336
1364124920
2920441331
723392517081718784
1736250799
986586822
962612156
2769312723
3428340375
2948714567
2948897212
1874790332
1341254522
2897960823
1385223960
332522093
4609193302
326144852
2811089575
161260766
2823024909
47398478
50251798
1513014650
878633929
364502468
803299268136173574
89212874
359453947
3140140060
813815496
220627149
728282841054851072
215735111
413217587
802619024894992384
204249074
1005158634
501225131
2331849409
2719470235
4470002068
211191573
4024506411
210239170
3230165817
573872757
757173570783043585
405658810
3044947366
2997687555
773929798192300032
1137449617
3192285299
3300735423
2730306239
436833006
800148156973363200
3403081833
378831710
2398143679
2517359068
2480246000
44886581
2330141082
487824356
422586035
2435083828
1063944884
2243781349
436101698
4822018295
2993303818
2597478629
1849326181
2245698050
465753888
286608996
2343518160
2523568577
2667407360
412183823
1228536066
2477603211
402997564
285222215
1281410628
2940897785
804115086893875201
500096474
1472290938
831665582
1728704371
61773288
1223801485
732773769824047104
414676913
231445495
1136910044
217795515
1054906759
309764770
411622332
3471435689
2267751849
454191208
794302419203215371
293043500
3662356395
359096965
732287754483142657
440129895
58016005
1125646669
767813180491960324
4264651871
702593712489172992
765219085042982913
3347512257
355122344
558859189
117363440
424153335
593478988
1385042468
1099421017
1142378659
2886982929
1066206709
4074742552
783257684971773952
4867031578
793166155112386560
4459087695
464127310
1522300363
147371974
401362474
504973589
460275730
567159863
3322751109
1053839395
2256723448
2539362027
1644456139
1496555977
128609755
3069843927
788478068763549697
3457524023
767600300
406552900
328133320
761729339201318913
697799370297774080
363542054
222531088
481225656
410761921
2542387598
1370605363
1044114469
1086700214
941772781
1926324451
950448152
2521671494
486400626
637254997
1635529807
1275988495
303298353
747081876536463360
970705082
102672182
17715444
170781140
3028064043
985314588
461560547
2714596672
3043396313
756718612426227712
460276601
317975293
424383813
4151187135
465123403
1084152606
4603127836
713737407636586496
1521671185
702267737
537412181
2204128029
2489675953
984646254
33205675
1470706141
3929709202
800817923606528004
772498157636820993
782228826847899648
740228516
465048265
2227239038
3613181357
2319258554
2212470754
799724972210065408
4885373164
529290461
69030213
930194618
359933447
4883586880
781944137952231431
354747398
2741727190
4908499649
271541039
2751905579
2155070496
1679376193
549258092
532609427
4830782164
49319803
610572173
457547376
741379824
932393936
288204711
1405789050
4165015275
483297165
445414490
2885121955
4254101320
113075421
379741776
3971443769
16629945
776016576
2429092036
425209016
448775894
872579222
1566023431
540124091
512170866
252162156
471369382
304538343
1040184410
2516428571
194247825
1058862104
766471224
978514940
2786975403
77823743
1263019249
738666991091896320
3457493836
470178824
750847152
3016732923
783600115604914176
1357710228
490443507
98464365
2191823659
214240583
720938640302600193
2951279819
414047561
2955103529
1262566346
1084044583
488765562
756833104862572544
1234419373
229753610
3306600977
188521082
1704854190
137315106
794582375867052036
1372917788
797123652487696384
4910181370
1036652724
4702133172
2921447206
539157045
236794333
414385318
535220009
751978328
2913111359
278425671
3402750436
756726681122004992
4141927199
284706444
1684975140
550084298
497763567
240248557
467232496
782574940478377984
94528769
783740138660700160
906224444
703163427947040769
963221024
746936386754912256
433287204
702924803
97526668
1454209170
2375645982
259949070
152977521
814747711
84874030
3760514895
26504043
2999909987
2362415546
157950019
1966419620
470003688
43503218
3043362960
4381795217
455094599
1327867518
2478946331
41548247
460611317
309745798
607981040
784447428
2984894152
49475565
1043113560
2887407797
246547123
514478368
1011705998
187452064
961048572
407817358
515589181
328515345
417904049
112805407
105433403
137375100
1362144619
766731574616424448
3837061107
770500091773845504
454833164
496114997
582236593
2254861851
1316630180
425231323
1190659814
1009028191
2245662505
405400711
621761723
374178936
3001239377
479832408
748833146104377344
731923970124075008
710095757282508801
105697772
435173619
4287057201
412230108
90369822
98899503
1117639170
885661050
1324304905
754055560895528960
946810658
258400230
1650508177
1231624994
18935802
421797452
2592480058
243097501
2788303634
1724956302
700817890497310720
1412500075
3369127809
995021599
1854766598
3417233499
773956774932127744
4058886123
753884370944004096
2365532641
1089615589
414388459
2874818752
4914915772
159885894
482197018
775715222594154496
419626195
2407080273
811424202
607517520
754060203868426240
428415112
3350883077
55238295
465631373
3166156053
426064773
448732675
235323455
179096387
3330461728
545448505
3293657688
3347934334
1033544156
31786481
838223696
1506815232
483304367
2584004759
449819882
710519044571537409
4624536622
3342531046
343925514
232908749
2251958424
6567492
763785605713199105
2515219286
803410022243962880
2934397120
3931969841
3254132591
560883286
730492350133317633
3981722723
1036719990
987220201
968459856
2359005711
270623814
702128508835860480
397084851
1735792825
413125855
16213811
3527260401
1160659398
149657257
500551562
437792860
899978641
2464828514
704078981591646208
1540670084
337555221
787748865197875201
1389403092
306272532
3121661467
1858960344
937463430
402863215
705029912265097218
426593578
54565467
1121935962
2998767579
19447964
1089800894
3995124705
2884126876
165025387
3478841655
759717599328411648
498085187
4149937405
3034280366
877917956
1879889592
2222816851
3657009263
255506193
1489965936
4121407583
2190915769
3064945486
431600605
424294051
433426566
467361179
3217218965
804788082398609408
108262067
2999484970
2958168039
569405962
1418976222
417897223
594873448
431649074
1117446373
244053999
1852450694
1120206308
749779490
460533065
353750900
437495062
1461615506
272842856
3377736287
1915050013
61751856
3020271189
1037152033
720266765650014208
199216783
182745707
2351521726
376688279
436629007
47170794
2872974977
4200745175
2779739962
454142762
585768033
4076656275
1222000628
551159089
804808700472991745
788016239188860928
405498561
4203607113
3369172816
2157719841
486015426
851786490
67283912
433156727
278210313
303139807
241289430
261233190
718791150325403649
203995583
2928096323
738311035
460923865
710519954
2324895959
433446505
3251980182
3011035791
257688163
964460408
2748628638
169233625
482482833
2731197053
2802044224
500582673
1055346697
785916344575328258
434280541
3168904809
432670529
576539396
107854945
332885533
712248883678732288
1196515682
81837035
788123704546983936
1215938191
1690321208
415107191
52061182
1059054242
2309104363
736311707962888192
391721080
1014016028
437467869
559988325
337155946
787718454
930443094
700901262
2230782069
2858584827
430743919
1638278257
430565411
2162042326
2830254804
242367360
1261559155
771434547762368512
377272505
401280955
1694632363
313512813
2163227033
794099287894396928
1601594792
947879034
558651454
1699665619
252984226
2853445535
1010820098
6667662
591144361
419739649
2781784450
315846635
3928015222
3688803513
127931750
1510136666
711909518121312256
943572877
1117558933
793410147230023680
2437403432
4264298260
3254705038
529822329
1520043966
4895893847
2940755837
754232386259476481
2359448190
33521233
488470857
781136131140222976
3120070323
797805269539520512
746789156588765184
774133777412923393
518949245
2312712778
2361394675
1021541239
1064232619
3154268397
1101446990
212145625
391620881
1829960281
3103748006
25676606
3398885945
298123237
624543149
93709537
250316913
378498156
1368793633
1163339742
409448246
2534392685
1274346252
747307420276264960
289020114
4540267581
460196865
2728402871
1876212612
