132164537
390285941
4037654691
3369644489
2695436575
729214200925532160
372273460
779336944916504576
366332600
2787787988
1361794033
806094440297336832
788451050458083328
1038332136
170747137
16986506
594548423
179059785
288764479
802140278186459136
4384279288
462876561
296499025
497798126
2480352662
14573456
989351852
1134732668
783616187703984128
776388048561078272
2313554308
369481356
97773643
739689246953443328
553396754
730389738323099649
1540142966
472966889
1605405253
452858854
53053554
1860935300
24006136
4160203479
791154802549985280
562344725
506547572
4187059228
758274506829987840
728695134
1953930264
717488257
549344250
2872007299
296721949
440691898
769651270613426176
389970783
3126770075
784655540874076161
2982641339
74707629
2636664434
1117268040
2404185052
2256124088
1662331873
747863299555995650
223881169
974615749
788617257404497924
299127869
499128183
3200053252
32396180
516416030
192258181
4896102700
1174274426
180317088
728807104790794240
1426298784
1307016348
1871000750
283636579
110091649
4164611393
3433378229
790264879735304193
470485139
419589451
497021694
1198415630
452010658
2574033231
425730108
2199804117
13728662
487630885
382590107
2393222217
1162323121
508825719
498964636
121598739
721981741473361920
2276659249
2159647721
798261254536183808
781046072865087488
1911946633
805808765257875456
3298746532
3420892277
1017412344
461567074
81599206
314453947
2720826652
471328170
254402535
492273305
2328166991
1063725991
2564205321
3115484254
1117120286
1016066683
287153306
3034869375
1037146854
2629123617
899901025
1090175304
781539111052115968
2789842566
3524549843
81646967
493887925
801181281073635329
2776153893
65311995
2744358657
331648841
231414854
2837181195
800743787068735488
1575477577
3055103145
626845548
201249888
3020513836
545008992
802990670159970304
408738224
1372078580
589418956
1412896242
2403776046
1114098782
1562752760
85136516
4811969481
1319275574
1006439738
711206425
801348354760474624
517986135
558842881
2430808297
1065254220
1547029806
462914512
419443005
2927551738
3860964076
781821141858091008
735201639674454016
48090650
1513455144
97925608
282624338
542488894
521353975
767772101503836161
186393484
3312303309
795290773642215428
517397005
3074030826
4835538599
493487401
371749840
104405254
2843387003
2197727347
434256410
337158527
254803562
513144334
209791643
4838990793
805714518294806528
2895724737
379347952
796334964342194178
798875537565425666
634575700
3214544331
1848967950
4154714363
732286939316011008
3797445322
1251326239
3305152361
81689292
1038231816
3458047347
3310955034
477022797
1487030509
706487216428687360
487436113
405594332
418169027
425069661
4876950923
70054648
139765259
634887537
556447537
517635978
482836272
799387885627699200
1365417764
4868432043
855012044
366135277
2427827258
303105004
416583838
483014874
892912476
104430215
1593102114
242339687
2767422555
521337019
542895669
1157792384
2493014217
87964051
1444286834
1747158031
422468997
749954289989189632
1254440240
383790840
2798468264
44395683
1008958405
1374460555
589286587
482349619
3017823748
3491171117
4705505042
385962578
3026213409
2860101424
1598750419
776553725603307524
19388402
3862648197
906349453
2729520336
147543162
264211609
1405748826
378467099
293634665
761205835565522945
524807407
738775045347119108
1139730462
1226139085
2497838698
253289367
790625241856937984
3290984981
3047287645
449098933
764201799217717248
1037624108
2965000805
2999816867
2243103750
804031502229110794
718376903099432961
2247573164
770268919055671296
4908738190
806123647719112706
390324765
328172814
398851374
274835694
1040825324
2588051975
515657617
796449951643529216
258755575
854600858
2513339808
1086641828
429496671
183594012
2970333513
3044943313
416243016
2484225431
58244717
1154856690
83386342
2877804497
2363886035
348387638
1857779947
2243105962
745916794100125696
631133874
1517788118
1253837798
772074670208221184
1421381328
2909622107
2850135335
909082868
753570089094504448
129967230
2316727530
2292740047
432918462
389456032
1671155881
465821727
2480179630
1139871650
251663248
260681094
263054498
56674519
1259041459
702953522602635264
452318028
3065938786
1143922956
557213537
2468306143
801009914546188288
2459731620
1262138317
2807459157
1008395305
266493673
946282471
1419413953
4182142288
133652275
101096955
379265008
1013045366
2479620311
475127858
763044924526825476
2276701689
2353250347
821719770
310845038
581933637
228051072
2220382963
349810156
801846201578586112
1219977643
429085080
728029848
156239686
4854132653
1260045176
583920508
778195022973923329
783604924588388352
767783947220713472
1205594306
2766126468
103068418
314623392
584739670
90513012
1283299418
481929883
464675744
3438570748
892954382
328745344
4166495819
789104165167529984
1366650288
283080198
3326316339
2517301839
254969508
1205274991
3026099110
463727606
2282008813
18403411
110654085
806099731718008832
791559506
3309946937
630335013
793787252040142848
447005422
499227001
417101186
402659507
1150606010
767449120718061568
2716739703
476072457
1116320838
3063738106
3369156047
1039563697
2834429895
875125242
1045009034
1364231341
555997804
240340176
313199623
790627611663863812
492688472
95106953
3696953721
1050697136
2410447644
1384017114
503288686
26781477
2324857372
2706476465
249762131
1324566829
1420699964
2361360169
463192964
2751782307
974511188
585288950
708429391
781315176
370642806
744655172211728384
1327639712
204814083
788464901845032961
987258930
334841817
2865546393
50583397
1282843482
1936456670
780828728230195200
950266993
717367103532240896
779816993079820289
2651274657
2949178589
508842758
150608013
4133217027
523387439
3719207249
955313736
2932365645
1372596200
3481946428
459180066
3374821605
707223648986337280
1100783203
58768691
3217711420
300148270
3413087163
554333061
2957157748
2746586057
421812723
255047902
365065358
707184555887861760
352642644
95916616
359202565
429203153
480481872
357768740
216281928
789482134532751360
3368385652
885184754
1372517456
737601787796955136
628606443
555851815
1316230242
451090526
805673295051980800
2466571483
2332571271
2774751706
1271232085
116470630
2429511807
2843814810
1848219511
619418274
348348465
225168723
935428136
2509301951
3031188244
3906735870
3971583363
870218785
418744756
1128723278
533172194
2866632290
2373193840
2900503457
109325145
401650330
550970730
2385799301
173992633
369749865
1888044751
3291324425
2340110677
3290337525
778177707234451457
297097891
128355143
799758427308388352
780930794420334592
124113240
2322754363
2772740636
1086481526
2836840346
2889925119
774874962700238848
744453072601161728
799992773298520064
1522137966
90849691
914574283
2303466121
283932101
1093512139
452401757
611617045
33212890
1425509702
2979240557
225105585
716326404707713024
2527427191
478620288
788859641082089473
731252371226042369
2543754356
3124736901
806105832819658752
96333128
2945763772
80200885
128978964
134232431
3348196937
802581982035247104
4827636455
1320924583
3833171361
1373138137
380456374
1278870590
540890797
1713182292
752081166384136192
980818578
724303327077502976
738067912439824384
714047317
2970014416
455254102
123235814
3198203200
799936490235105280
2527780688
796246539668692993
486612789
3336714819
3043427426
2751847457
488765188
34257738
1696504896
561058451
1324221282
385028903
776003975921401862
82960906
22900344
73854874
1328664937
766066296618414081
3252748049
985259430
329710075
416422287
2861256964
142204068
4893474419
2375711402
427522940
101445331
256660513
805858685717217281
2973508025
1228034526
2816450251
801858993035612164
1927038746
86544451
455654704
1368152558
2479891578
351137105
1084193910
2319615301
705813420973621248
2813922736
183158267
1327131925
3230326396
535318339
2481962054
457442858
709390501649186816
501811802
211550281
930273956
2335367718
2394225674
3370650735
831981618
803350148143316992
103646510
19643514
1218923851
2408803254
2857162997
747963714
23574816
789028242221109248
3063412516
59200159
70909372
462900837
55251956
474941612
122769774
1039581457
436770342
379245447
72253054
1025054731
2719691555
740153729291329536
412168233
332921113
1008382820
3226558563
304598010
1111297184
545384133
783041518374445056
1168797480
1192672903
273384456
2200783811
207599844
599317794
2941043711
1004781943
797736365647626240
373049578
2874858882
1039313287
229804443
2463100707
491167846
2409382352
45217308
280516751
2507810759
551156956
1721405378
2274799961
2190622501
2410911599
3106260993
398309067
325760306
2437846648
1482397633
515350705
534425432
489722273
748252291959037952
3345161205
408437002
297745811
1229121186
198981234
48971201
789441140932087808
970640923
224226820
1554098461
1034988296
292988864
96327061
914564990
2181771883
4227091119
754694678314901504
580292564
4631600495
708755015868006402
1853678790
2224962167
1064261450
2223326053
2351775654
3299563144
45662302
891432866
255384728
745186804857438208
1065851646
633588652
1278423985
305650360
3038103838
3835927575
724894143688876034
1341462944
3145614550
476757702
412512533
62024752
548616993
2147638752
1103618124
4009855107
221351837
737715899554226176
1105906524
337767301
1300370167
795555849892691968
524809983
2498065328
805042719252942848
2180630834
596568218
1660263480
1645553184
1257881796
4857416872
1259100200
40687613
418918882
871790466
2797539111
4696392522
714002059
1713407298
1873008853
2560002155
245685864
2885630548
2322947462
878913366
1394277882
2593299788
204791100
4348068081
186755816
4919837110
2322407453
534534709
4547668037
417213380
357074444
2591060556
785773375385923584
471935159
91843058
558038204
1925940440
406895087
1324895924
1280953482
2343512623
2400269172
626935478
392626820
417800630
426094795
1180597874
1911991346
3447326777
4865539534
723203630917136384
458624906
740181156
120713042
67006079
614310258
2338719661
813055092
2341857585
24150879
2186988510
3385105642
1076496552
1191081025
593615857
972123007
128151527
84300444
714876220249358338
1477768746
13727692
2411949635
2414256985
477119535
717452216840429569
997876723
2995540995
167566334
186399539
448981774
550588728
379385287
385923471
599824605
2741801260
2319131287
805574809136615424
2936070221
4414946656
244596457
2640520959
129168873
2544388753
340847319
3197165667
3331059982
786208274261667840
425365839
120283895
509703882
2296207141
22785182
105904218
122476603
2226747666
440129638
140391257
1513860781
859582356
800979325042495492
278422359
702614277472034818
1891583048
3982458934
2954902816
557229572
327859220
530990399
3034643483
788686822746517504
522329714
789001282514198528
2716446892
323272905
74728621
4372999402
2971568187
801101308900048896
753856766639824896
106062337
732504227961044992
487722575
762962804412473344
150631104
1111225376
368326748
838485198
432264645
2940410703
712020146282307584
2654152260
717435544175841284
130616191
4570489414
38830450
9808092
4882792689
497996910
956046367
298758103
1712830392
1410209468
427209531
400103989
735210289784819712
4876039581
2610299144
3095233408
589407736
2949402237
1098289812
703703041053224960
782258395382423556
700841898
982628515
2508021147
783315138497642496
2279531083
4193928556
382265822
732317340092780545
4516116863
465661057
203197985
3448617916
1153870734
1386632492
2772829228
340614513
2546652284
227306075
96319859
780148860
863572548
764415856092774401
476051821
2223407550
410245492
748240006867730432
534383477
2942209786
753706268024565760
2179948113
3394261233
2927049323
145802194
106724705
4425345994
788455689421197312
261359266
28072761
836271002
4873475835
3346519665
475725415
2881244285
22757909
2198193816
484164719
955582345
479322001
792796905558446081
301676560
1062799087
2391309921
4824188417
908951064
1365056664
1443706704
3972317955
3130552521
821799522
1610413645
805333672001961984
83555860
2322998168
747451360715616257
2751139073
540128217
456499367
197193073
710525705277325313
2484454589
1098262302
793426944641597440
637292613
326183542
251595754
773563444750589957
121424128
447903314
33706512
1159825830
1100761093
1314231894
1505560448
774699957009997824
747147930742755328
2180545696
455939725
712948986223730689
716653596654313474
464477564
3121199032
4598939601
152673484
574185238
4201687816
2574023704
760806683564240896
765113425882218497
58241595
31443063
742168498911203328
2360811240
532572724
418034442
2607272900
796321293452898304
528673372
1291656504
493169550
2778824457
932699905
791287209508933632
220996437
806115947312517120
1422707112
786545828299173888
2828370125
532222780
770249747252781056
3045043101
134239951
2331861340
9476932
919333159
1183790352
2194877690
1174818342
317661217
1036813327
2871007953
215278944
2218697421
367803116
3292845743
45314390
197056224
3458373497
129552719
2295417636
1213170632
2400560849
4924190242
597408853
4754556873
2990246674
2230254218
78239997
800485850299518976
781867340141039616
1175727986
2359406918
254556286
725617588420644864
898249717
2293406660
2420586324
825815605
704777492909973504
715083557581033472
1097904109
2759396308
488894721
704996147
2513647388
882872700
2222783701
1179291769
545248089
246038998
2451923826
467573735
717100825026379777
3119071163
144942370
1875113508
762618011144577024
3053183649
1960868090
2339922708
2559910725
1354935949
217178397
775636532
127435541
733330743800258560
764195579081752576
458632561
3946448782
2452296161
534489366
2390797348
805682417755443200
1443830137
214255355
387198659
740204367400337408
2401418695
756085177709916161
783307585206222848
2530670296
1417495747
3019629387
2212503497
1734254454
2197080899
3423959554
755028067517693953
1109984041
1248307267
43282628
783232466156920832
130874801
2221404476
1058200926
425039950
711777225222307840
228321602
484850334
564619428
546828454
764853057909841920
1372461787
2166381300
602470204
728897876072534016
1026948296
731829818845728768
3048101109
2191894196
3392585361
711250614995558400
1853857640
363103777
2221874484
176146930
390753281
847193449
720160136468279296
413416371
96666156
36353564
585434485
327066793
4909543941
14420623
1008806545
2956811146
983222238
423793242
321290793
4196215025
3303871432
160578815
1113395882
517201778
368886611
713471756238000128
2652929369
403011403
741571693051826176
2719487690
125975139
769167220396220416
370639956
851456364
495623215
576946442
44673590
398611235
2409273144
2173115843
951365918
2217674274
806117530439917568
1552953278
981832592
858154196
1294174362
2399247913
3043617377
792308866449047552
2467497190
2239737678
334301320
507966909
794652233258385409
2482825875
237816428
226627338
863232396
784608770
471428838
799219281451958272
2447306083
50987647
262194160
372448589
852301178
3314778179
801700087525216256
111357858
67107066
612478035
780698788482588672
953265385
15108909
806118234810413056
1257355178
997910394
4517956354
2712636045
1285333410
1298737056
1369005530
473960090
196560266
415564172
51878989
455500859
142393098
1367973715
4185673192
2883830458
2800443747
230233730
2475306529
237012591
805780207953186816
704664767143809025
3033185758
1360283702
1195176624
382539264
2281936099
1919132101
618151340
1377883285
3039545878
615303191
1037692622
1384265604
293146567
1680697170
1058440837
854521818
52352441
3764059997
1117576526
251338080
1266649207
785129133009494021
2221643012
3432995584
863020105
46120689
170621912
1603537111
2907756975
723538940502913024
2221083463
859630482
868360100
434839311
2197620432
2994896470
540605500
2441406223
800006070777298944
2359323311
296244924
2766253847
4299530902
794234183128322049
107488386
2180853339
3298252493
14394318
724729770236321797
10438412
42834663
496737943
2470692079
3939431595
1556491195
2307862607
2375216695
52332450
247714397
242306600
2819021613
305255857
1106896303
985118000
1020682514
439546000
1013211769
550807420
613766004
565680091
3510108957
475050195
922711819
4011901702
79211525
2173760019
222864233
558032072
295284193
2416044272
741735684445208577
722475496831901697
3357308483
1852186380
2800763806
146811114
2589868045
1913769476
555357391
786474228258332672
743869096324927488
2201369448
1374489680
323702564
512591252
2373624002
568123118
701650211391848450
460161518
3075395735
2495795415
417690170
702921914
785552040244154368
412993265
360868017
204041863
397326726
3299546625
1183448389
783330667258142721
2322849823
794274429048131584
1112700469
561359020
2436005241
133030062
796287775549034496
564148431
632115448
3873918947
2635714649
2494263560
429778026
558745582
489291238
1299375126
541670926
4081241908
484881943
295654900
788675050992009216
437375527
3393504791
778911786405888000
3067642931
359837842
486937527
803979599210233856
776076329519292416
596266065
456674882
501095818
1964575616
2280764604
483241829
1275197720
1451417796
1602771703
85636061
2729394118
1305690103
459438013
1166637379
215899420
118978778
489501389
306205121
1203189763
519402060
953542285
2367661536
4860992891
2607072282
39475962
4861559277
1125077892
789842195775971328
2351487138
467246076
100702150
2448563317
788483606708678656
3296744735
477543705
3032272127
1745966046
1238864268
61741831
487913540
2988086885
474297979
2731905976
916522718
815758254
1376562708
2232029869
1402803522
539026441
483384295
797136508293627904
948799580
2396856942
1201691502
2320089569
495149032
1218487406
929354702
402324365
10280002
2955187899
754282812405084160
861252402
243387192
3399848795
1324336380
264674074
288923928
744169435955625984
2371186828
1067801792
3107574627
99290096
2766606807
978156859
3190082914
534655010
389670194
439207654
81335749
3034434386
706587264562937856
31694616
1460451570
14800149
1041804853
432302964
1617372829
785180126862532608
405792460
391450948
7414282
2174535898
802782433
1694641429
400919857
2549720989
453357659
2949717057
791713072549335040
2234800475
2230228079
122644390
766657539710783489
99475834
4112673143
327379455
378803372
57472352
1062995012
897918854
3673602436
289538124
426127657
4914230231
105218121
291604982
1269110636
2748801657
2525039696
257884666
123920914
710590075
3002943947
587281863
81075901
460959521
400159240
3335209102
435314449
179233827
5660552
222224368
4860111165
859449805
1622970242
770365997891084288
743471279093780480
3164390831
436124417
50233016
4426518575
805591675
417947467
801062327810461696
135211574
122497273
432025754
888075391
53234289
1275799418
489421781
614540697
1074099775
551303014
48345770
1570523761
2194894268
3075865347
2260822969
245715438
1372335043
409089494
1317255619
2768281341
972337386
1152234782
3346430393
728166959427268608
561391482
2418921020
4810630096
96340114
2508437306
1485089334
136971453
26982622
228089084
332389973
73208581
394976514
800464320484098048
785934232698904576
196345013
585588201
3024921597
3053511803
2942381427
2499061952
721084485190688768
373887841
154967452
732098776312250370
539277206
894946183
1201912662
3025432512
2871347159
3025669096
441077838
2901251668
806122470390530048
2187516904
540748776
2494181366
1855275732
387329229
91971468
747720903585304577
3090093706
474032443
178112460
1334666292
1461433142
319578825
46888752
186390637
472003825
718185423571390464
431658112
556279234
728733122695725057
772722230761578496
483725781
114141144
281884852
487403439
436107066
3094278383
781880762157166592
951593118
3389194761
39028896
2473312438
1249365224
59720283
4284146182
2154746892
966734737
2798992084
456894487
433224751
2562814182
565559566
1444734901
249861738
111961091
1288209314
2267387652
66315515
88479652
361209360
289932581
352926719
1462583917
470583844
527516661
2502532474
515638711
367301110
3121892753
3415081205
515635680
4914013611
387762782
2429503261
784614624
736596690
730034081698877443
762326924
4098447160
806080612809527296
3568595656
296215921
40708908
418153325
1276951700
805531788332466176
432637066
423531049
2811521884
426075049
451449745
4229782887
128543506
2565953471
245328223
472069637
254998344
2286814494
2174471289
2509994134
467265498
131450639
1060109168
722919613
1082984088
1392799814
2310569711
1034473320
479810905
3067658783
2653512165
789368501903495168
1173363540
2940999287
1479802314
2436045041
164687938
1146441836
2909263949
780730338
724245672434765825
1158016266
1009901611
762842942
421236822
309265389
1006590187
2167105112
55683027
433664513
2360365059
3291727493
2467489015
328506360
2978426715
93662380
4031416222
2440237919
55527972
1007107039
318939574
3860260755
446937412
712808587446378496
805749735256690688
412410683
291141125
545879796
52149689
105090713
277948552
2270541645
1395765054
3884255603
1511831448
4266162190
2767302037
176053884
27199106
461090191
20221833
2846509326
3773920703
562063761
142743036
781389132216107009
1190283926
2546713458
1160208637
707605903328075777
748154038370377728
1528759902
362550965
106074063
479604138
560533845
2170527625
131262995
4904675895
4222479693
725663887555715072
2950813474
4588008687
416465127
1164447662
270382626
1160328079
2977934441
1145470195
2975094340
354901534
856558687
2986885877
1276033099
480531196
1371763459
96109716
4459166907
797040184508424192
3823074077
96393039
772000488896225280
4850234663
2935626166
467307839
2315349157
1913892218
2420586676
3758739195
2731882690
400258163
722514964095889408
3079210283
164009400
731908101750788097
960666673
1260171894
984304820
2207852354
715574358350163970
8032202
456082255
469886629
437630901
562823508
2189679107
46928097
224310474
366511130
781377673
2411149982
470989221
725071330861830144
798986980159692800
730380067637956610
2380747454
4726174575
752897299186155520
2917517319
2248562482
2973110446
1184516976
310864756
4755949588
770623385650995200
216628732
404934378
28433379
798531277116862464
412482700
3036233567
307278565
396151080
1227483440
788724782162378753
1134804595
107737376
400902983
272941891
739855069110259712
3296752419
357998864
248734017
1402708182
507715196
783659253848535040
241498548
3322620622
805667555121778688
1052916824
4180720792
1037394888
1483155344
1964814212
2902748278
1229651126
255674310
2148135826
2336648684
4891899964
104940172
558053080
519348439
304148663
3495215663
447439107
799898540789141504
722684492
2352954268
4355382796
3973423342
926181096
1325348036
371140710
2787225059
538341709
2407034685
4187567045
396564186
310195119
2609290294
843757543
740277257424523264
4775882567
765240267465232388
620218947
1640766590
799653873338224640
1344131071
1026539899
1569513372
922613564
762981306586324992
490725675
4701923905
2296705165
2178536571
156584886
724647029234905091
806102087314575360
149166503
315140856
526799237
805737774447988736
3089989211
716630573641555968
882708728
4713725061
2945491781
4548508636
610814425
336770410
2889874553
890891564
805827223966060545
488356774
3388169050
441158014
224759837
789773192969748480
3412968784
4892086275
720908865345318912
473938490
1011567642
421810729
3812572893
799729300245270528
612456796
534158772
840370952
377660882
731480135505969152
807581581
1348851210
763479199
1159982192
725810364995231745
2817735960
3079676979
2857413639
2194433942
1283058698
2874974035
85820733
214902703
5427422
3245026150
318549168
1037713867
253571297
2964012705
430253778
73971750
1344701089
1377704858
704779333307650048
3008542859
1036494895
3124079014
453490577
504179607
4747752975
3011001645
1083310260
244477620
729124306928676869
1278858271
791735680732913664
2154514886
2709338195
330833420
587602246
318400179
3381325839
723993776008605696
3860196976
608063632
3256271740
1065319921
271306726
771782482387726336
807361466
3009155722
392272196
589053788
153531595
3018738275
1855414472
2889852755
3123285591
1114503342
589396414
187124848
2410197857
434411738
422574779
806849047
602574015
442005205
14897043
1012961892
515474269
3985072012
271111235
238316666
22038676
289859824
188043254
439258358
1280950585
2898075617
383401806
211153302
2886058330
600847079
725051865159884802
2948848245
944490204
96580657
245378986
184015853
93691257
453871514
160154554
65371363
1264710499
590188450
2949556252
1343975432
420194671
469403750
2975144398
1715498894
559989744
453813069
866082667
2205598141
735221863
503303414
1040758267
459595085
791345703679324160
533311301
1557557558
464217456
1188920809
1316245117
763405961205800961
2836587826
606259626
459452891
38693336
1619917472
225490204
405451598
1480061876
725937762449264641
135806832
236036867
4815678869
497298464
2256453579
732951802363150336
350999577
2933685736
3586852035
1548002420
584794689
3236461487
2507201104
467729351
1035376896
518255877
1190943824
136205033
381958875
2724485722
77336255
391954792
1236195734
408760297
2163623162
482405981
320246595
1110202813
428476147
433636980
404880068
353766961
752010888
577169108
564018393
559409782
2359426044
250774432
424084271
3080186967
417987965
85590368
231883306
266700017
1324250802
796795293316612097
3086975528
318524279
83185672
2319104784
2883758397
2342517254
962462347
467659856
432688797
324262863
60899235
1017310213
779641199040798721
764140480775020544
478436781
2328471661
621968725
759768288381382656
57596665
101573147
1077199572
2428788869
2838629008
2907520191
2161648892
2351310618
806126132055699456
76616277
419518532
29428344
805872672651546625
1249955268
1098245892
27615395
753519234710376449
753336446547849217
4526622501
599259883
1168160534
546202998
430995535
1384894520
281477534
4327300043
1385514882
788723015089524736
402676744
3365915002
1911513092
781954997806370822
766030495717163008
777879171993337856
590996631
2625445767
3293831915
878503224
170341848
2252373657
1910996822
468260476
21929177
495419596
4818751077
396756630
426598968
788474035588005888
788827713624735744
557827565
717894055405961216
1337693348
465390684
4633772304
1285556504
1339993381
1022123316
49634423
722053268587855872
2352371168
1583362254
164780237
1013753576
2635338317
2529344180
728277306570067968
1062812390
88630804
763353589347672064
488895138
753522606200983552
2833897042
2353760868
715894760649711616
215762717
4329256703
461229005
956180245
801422494708236288
633333
624454857
962612156
2948897212
761582724176027649
2279212276
1055931559
426598982
778556999118286848
1385223960
537536062
3031672891
3066014739
944721086
746331587428638720
2822583095
89212874
1849672393
2200331127
2244108384
782126365315371008
345952725
256143387
317209595
413217587
1142481625
2172743300
983013728
501225131
765272653
2359663543
1690264164
1218018804
2719470235
586037920
17565436
3334148349
1513658822
381495457
2189190782
797171228092100608
785818049483907072
72546577
180029912
81240147
375769318
458347992
1320264439
314059678
931488728
999268855
2484303523
435666047
534504035
2461382070
455777345
788467491299287041
2252032623
4918665993
1471608194
378831710
1294595622
1171395356
2480246000
790456224697442304
341335638
774262350291632128
173430456
487824356
480453928
105754068
1915578642
335595246
3102288245
590393555
259869205
154179790
583877210
1729205360
189110064
2440801809
1160345166
710385175
197575905
298912869
956368879
729294897891676161
394241598
410972234
731917270369357824
9113092
402997564
2260295838
2856598563
1083273792
500096474
439318267
709268747010314240
769910951143469057
551122649
3001742419
806116418827784192
139346534
3297589470
4743531021
1895164603
729293681832960001
773161248099803137
3956224822
1170337850
732773769824047104
414676913
733262478235344896
227605442
415509071
479289781
325804266
2768905294
303636190
2929672425
504354294
416439103
3230321657
558390919
3662356395
3347078116
440129895
1586905838
204796616
630264862
4264651871
1456957934
802427458519699456
745339531566661632
183287158
355122344
1085901524
491048774
2400326462
261838075
281547031
398023821
1356673152
788463119031013376
264429396
538885766
3401227875
382085343
357621458
147611968
788368573471293445
1015440260
258006600
761228645008609281
4459087695
147371974
771464957124804608
460275730
492336250
64144248
2858721511
1389988651
796309484381569024
2617511263
1644456139
745709113552867328
3069843927
396218442
4864664511
986714714
785193802352955392
487914598
589899714
697799370297774080
2491075088
773183546966048768
3303758080
94788246
363542054
481225656
2435099377
801445435407798272
444240837
1086700214
4864791995
407093504
950448152
753558289
113573598
637254997
804354408
3601606947
378741753
479864876
10285092
788432145161256961
731569732151836672
303298353
1116671611
2278958635
2364603574
446903999
2749566881
2261631554
805567184244273152
114846706
475248885
735888541079732225
1192260607
420852268
1098619812
2714596672
3418495593
520206776
1085455423
54848505
1241451222
528493399
1438986181
287086333
55290343
2557453016
960542310
2252147324
169387991
324393778
396854036
783612590
1333771333
1267205780
3015121377
489312732
34607171
326226399
425426261
792731002900709376
3937406775
482513993
483434707
855180290
486053278
800817923606528004
96389952
2689925565
916409767
2156491525
634999260
53139843
90902777
517903407
312349466
724699433271758848
2319258554
982607838
786432845111635968
1337654743
128004500
734725512950603776
2382643627
2501654327
335451671
469398862
2832335447
784137711561109505
2437403087
3232946595
714382420
789175269667942400
561447448
2225431370
2741727190
724438831
2853451763
521136839
601368027
696831186820329473
33226107
444115638
2310271175
294482809
4076357194
731342369430327296
4845999597
2631238199
3073584657
612814880
4506785717
439326726
843573301
401237677
1868295402
113075421
57279615
234751339
472418074
2451846485
513424484
2794274979
966699302
341389452
4691712930
435206684
872579222
1871799302
1566023431
633968103
801314293031510017
64356555
173925687
2341872502
492916204
354322711
394729845
736566716210262016
415665457
826996970
989377250
766471224
4256026096
1263019249
77823743
3413291314
1036983026
2183769826
509039455
3457493836
787056705188356096
765230413
376311271
420538798
2571088997
122016493
593817814
114041232
2261701074
806071265073176576
439073471
1889851668
2521114569
434242329
951236598
600280702
126455055
2951279819
500963329
1246860332
1491065850
283626884
2153812941
619969557
17201066
771331033
2194568826
47907492
803590719432695808
968512015
51006810
200288284
789137491190226944
764071712950550528
232231711
1220072246
4702133172
2921447206
1101963793
1226001151
2385290202
2327373751
2913111359
63469183
2437524017
39976483
366252148
2267174346
801542736222572544
426755550
401559083
132600522
1326518220
3171167135
524489307
435575179
2344799433
763094873473945604
2951425072
524632668
418175617
573016883
2519061382
4195937194
725759263025577985
433287204
83865444
4069067369
857753196
745595735966613504
1916734963
900223045
3446733917
3313119640
344937539
2906615746
1068069210
784376729066430465
1857295158
3040391193
43503218
257709473
3043362960
1146459277
989147641
455094599
796473968375070720
434442622
742293529645469696
3131027463
783221700825640960
3305641006
742063342584483840
187452064
805878942875914242
1000366015
2795115634
3165832305
617101203
587958135
457129775
822269940
2873752059
1433457426
371451913
3074122662
418683219
2433831238
2604119560
77207264
1086749148
261171325
3088538206
2777596289
779318437365571584
400798557
1316630180
1009028191
1190659814
22613550
1320130146
805551147176042501
2882526197
782890990269001729
479832408
157482173
3007673747
634434387
1225968722
1490206009
1899723308
1565935926
1013596488
796759446370271232
5460312
2363684405
560462597
2766402312
968523174
805532640208179201
216686073
496112346
885661050
3297423564
1370063970
521306441
2197516867
475836408
400983889
1043191939
373423842
631465083
132092980
1595843437
491318883
1314087421
3430565794
3107605546
462938464
15712835
1412500075
715905436617080834
2283317006
767028974174277636
3353193405
1166339754
962210358
989275308
2412318684
1474357141
586429781
430021582
1900248146
1172372250
2847486503
3445916417
1068728030
2365532641
726295360537255936
334337968
302708364
456677700
447990031
765647763442896896
525752406
4902342166
865001173
426064773
452855803
415437027
1248607890
748861284695805953
2382081974
709468465531322370
788474103334338560
415930351
3066044427
483304367
899952481
1251629106
374492014
1129269444
596157185
4003940735
1492828722
13946942
208130207
1225509780
239779690
469717295
232972471
1063694274
232908749
3931969841
2273516571
4773242133
3394106926
2288632603
987220201
393289136
1109887628
780051591273611264
2993021697
975755820
899978641
2464828514
433754193
898577958
270070566
404022377
385280000
4901996812
802301155
944659129
801810946654085120
705029912265097218
242071863
3002875031
433227573
845781758
1632825432
4773820815
590833841
1334865294
1452410072
339516544
709467172
3367479099
517717792
3994936216
17211295
4895702908
425207661
430637562
2149354589
1220690641
1489965936
1595355949
2190915769
788447717521498112
358703224
915191390
1068878065
3147339230
487751312
413181958
150725695
4871884721
72382660
1306691233
714775585088737280
244053999
1186407192
3357062554
1120206308
782209691787071488
251235949
2265398249
751148634398490624
150961613
469354495
3806382809
2744614080
2902935382
61751856
418615937
588507242
720266765650014208
2413327976
293372970
2905245363
1186190486
33501253
2354548375
713852625867960320
1479767130
295024898
551374959
1099108873
2353012439
352286129
634892475
413883500
3053979329
4039287245
3307165198
2872974977
847114458
402976667
967938882
1222000628
3332293899
788016239188860928
399314100
487026533
634762072
804979919788933120
435026743
560418489
296732220
1189073328
3000542902
22063717
2316274661
584096772
278210313
524597055
525783195
3243244427
3043654139
3320655053
63705563
3163984948
87950192
1367151799
2862461084
232559332
475965087
479625858
2296057788
1715119512
796018298328678401
344390498
717321779904126976
1445687856
785763689345363968
589342110
2776699463
362432939
2786191966
732472848128712704
398928323
2282472413
2465000210
260904873
89651876
771232888381550593
2224402028
4180556788
308388645
1032615842
2929169337
711187023
2227021837
473236373
383318692
711920818582904832
919526072
337155946
353811477
1100350039
255747388
1088806153
2858584827
1638278257
3397077149
774339263752245249
1380350532
34569603
799323363634245632
3394444413
1261559155
771434547762368512
398172550
3676549834
568209601
2306444410
806075480986226688
3020685586
1294725276
551608214
1524322628
3294568690
591144361
16948721
2781784450
488505521
12490782
1106230255
3688803513
800074358538399746
1331997001
456508187
4264298260
409518132
411332075
552291348
341690939
3053074869
418657781
86209782
2365603015
2984790945
2994679426
744590265281839104
3587587647
31255401
99997947
2167899593
1347344792
245054440
2393681848
1719336750
1588631677
407685967
588426612
2361394675
1219845163
1021541239
794961451194712064
3025353091
4738886235
1064232619
811414452
524493374
2362708046
2412375624
51274770
3126162896
1315990226
285099275
831768450
1101913508
701059824520396800
424355891
315914335
3398885945
298123237
318414872
801328171362697216
1368793633
2282469222
409448246
1163339742
1036756046
557632715
790269417603162118
2338806398
4540267581
2821253656
1369895101
783180575452594176
