719887612648022016
779336944916504576
762284905145438210
41115564
728040729088561152
742950892786290688
13382082
18939830
472905491
757989565600858112
413452932
2571330985
3904145790
525285013
934053559
422340734
130103067
434558035
2594602871
859494601
1006481257
1540142966
300744871
256697871
3426419753
543866562
1953930264
728695134
580789807
564876371
4906280991
788748356185120768
273963745
74707629
4173642952
258861176
499128183
485493017
1591945410
868298592
702989036391112704
2406506894
2231871937
1573078681
1307016348
283939901
3157875893
95209458
952414147
3433378229
1336561027
13728662
1546075458
2510540946
779685796936839168
2364107448
1322376432
925782877
1256727248
2693917236
133461180
443187387
427671749
967124340
133241974
1039048494
104960470
504625929
406431687
1219456740
2629123617
3132931045
314537220
1385256108
2170742693
794572110274428928
416922961
416624840
3426670696
413325906
1588323260
4047633629
589418956
2403776046
76345466
1319275574
1040220258
45120224
562122050
1065254220
394598844
711956791513505792
419443005
2219220328
204326997
69959408
1247288606
2525924002
53438498
777522958659100673
705939772007714816
2197727347
484127871
4010873177
191488665
3292008420
594802573
432684974
634575700
529952283
2690461578
1238622974
989346433
390622095
1280554902
443198044
211721790
51232175
1068896102
430200691
312572813
463969453
531851126
2400347005
2753153335
68680302
1320032450
1264951584
3387206505
2345481387
242327193
467736212
340573242
2865399789
632151062
343239720
582622919
98212565
288094317
375276889
20940320
304306690
714553962599464960
589286587
605229354
1178526410
490617625
436640636
3310593215
4250417572
4185660388
2149812819
1481960144
203969960
2497838698
440718150
4870509898
196662571
32492443
3393519423
169112670
2200551363
428261286
978488840
2310261690
514552306
1228029926
561823534
293484907
3292905852
1857779947
402819013
1691392106
704718743419658240
292366987
268182887
4414211859
801532114139250688
432918462
516552856
2589503250
94005616
184489591
2333745212
330020463
1133516726
1328976937
159985010
541360302
52995543
803974869415292929
2518901866
800630640
126691082
2178030123
745500327206477824
202192235
464045620
475127858
411696442
82976875
324946999
95049929
2820617440
1205594306
584739670
2368731993
445660248
444510706
3871871513
107064765
478010145
1916781434
800724388068749313
499227001
2870991377
2562280077
402282664
4888543989
313199623
3125099459
1726358556
2669653330
428931337
95106953
2212485620
1367853685
1386751423
536317621
549202587
989340356
2737028641
708429391
447854508
794092015634051073
2835948227
1116674660
33160759
801974236315340805
427402721
865947528
4833429358
3408538193
1100783203
4830186521
298079436
411018458
686913
3217711420
753351020265218048
3124240699
443775053
779265942165544960
83337484
915382844
305648916
255047902
799976204312973312
2301664084
852980726
1307458242
3971698161
1090481006
362516905
425686235
3404088759
85657467
2319542538
216281928
3368385652
1056095046
3028742807
1384913983
2175721850
1134483002
349319486
2761525565
383831016
703295272265367552
753878412981374976
418701146
764908550816751617
762934873057292288
1484550222
2199795114
1667689482
478607229
2349060598
886686836
1179962942
743853432793079808
1280187702
369749865
3291324425
369728921
170455300
751063251476242432
3001014469
373942178
1229273522
1070320147
2379017327
2365498822
146506001
914574283
800750620818800640
1093512139
2895110417
140418760
795031432464887808
431117026
781030906278604800
731252371226042369
2543754356
709809875002507266
802581982035247104
776479770502651904
4827636455
1114383950
1192994562
2244783936
796246539668692993
58198240
1129531465
462764304
859521930
579271577
2450147531
2941355506
751725458631327744
1259908111
554336117
763694739854090240
1386808813
512664948
784661950286405632
2872452713
1328664937
795764425697488896
3228099125
1233975200
2376644398
246756973
791034319301140480
2316972126
3828401872
796181961513504772
584022845
760240948488044544
802979230409719809
761303645518499840
797906158325534721
761651515325030401
4202197246
390978339
37507247
312577649
2408803254
2333638607
632742781
318660927
803312587362496518
4473473907
59200159
110123858
3129266409
130861875
416310352
332921113
776453763624214528
1934637170
1168797480
61984934
75386921
452831702
57060570
3768512055
3254334755
2675356905
2874858882
2231898250
679763
20515207
742397759991480320
2791075913
770354017096589312
1364981654
834267554
2410911599
3010605299
3189500505
354284014
3345161205
107537459
730123768350314498
1067008310
2317987876
315798667
938748409
406968349
2224962167
391575977
4885464226
3299563144
103047287
1055382594
784666406508003328
751554408
4290118341
524809983
787147484
1645553184
3376276635
300523330
775774416768761856
309178760
503452485
2748304043
74489551
2888908630
939421976
2168565495
2885630548
780749266155286528
2201613873
801092954454683650
1367572112
1128807018
1394277882
373395657
223404787
107057461
909935803
743080755467849728
22674272
442225392
747460891885604865
952494133
392626820
1710955382
3091392485
1911991346
3129006389
455937572
4061034316
2338719661
794287344715235328
2341857585
3302998720
804449929
768146596919926784
1093651303
714837025153744896
798086349316378624
117432140
2253516584
1119665262
574087401
870445994
140057440
275434452
2394094844
3333577139
2186975672
754042522377318400
1416471355
2302034329
277932088
2432410861
705849685190295552
1359566964
2467357784
767783102
522667905
188072000
421266518
1176687842
328715454
252481530
122476603
91853277
318959018
890802684
1891583048
2187301480
4069758477
2509412809
777547178516553729
523138689
416466936
3405224997
522457817
773155625127796737
3034643483
499876766
522329714
3137718506
3008589310
2971568187
1278132380
792230731
753856766639824896
2833760769
1272471145
2878221189
134554873
2195622679
3046288851
136336167
838485198
841735190
488856416
2180163853
385088302
497996910
1712830392
2635373185
201912674
375324341
729313932
782258395382423556
901918932
4928491697
2736523546
799246755414048768
3302069128
1274581027
732317340092780545
4691636054
116750021
38941185
160213845
753901145366626304
3448617916
1070911692
2856983111
709304095375495168
426044440
3700502176
96319859
794581992759300100
792801019625439234
798178882235072512
799587629977190401
748240006867730432
2262040708
94529815
589261384
2158195314
271407710
385614406
850130671
396698099
127025568
1221995204
723835861989756928
792796905558446081
1355024335
2913833871
2635236188
358794756
186976135
523343629
970054074
852675379
22659500
538909656
786870784841089024
1890955496
636955791
1505560448
323846215
1690434842
472185426
82061464
711951029198258177
1390413402
574185238
476754234
484589440
1420443511
3001145196
1230361375
560636317
1172741958
528673372
732206617341595650
1923616602
4869095007
2754543846
3329103785
123712076
761787475
9476932
322699816
3068039679
2495987256
2352343378
297435979
4924190242
173389528
3064824634
2798763527
1175727986
4155402466
4850369241
1699649724
592301376
883065655
804007161139523585
467573735
254242037
2501851306
2559910725
1930695714
1354935949
458632561
4174063036
2401418695
198562810
3019629387
205627167
3906755599
741622785122930688
1672302936
1058200926
1079446351
750612188688154624
3334600017
201325441
484850334
133447001
3247838446
359555283
13631242
4164928408
2589883234
506544504
986111888
1853857640
2221874484
390753281
4024983855
1474855951
2360186105
19067940
1606701018
2484661227
759853330692616193
1007334655
3159816119
1109639072
27660447
528379927
386574852
1464788840
1092248448
1024976264
743924448
233143444
1203674574
1294174362
3424261276
2467497190
1313490145
2365011298
1976027126
1086442256
226627338
800371833363017728
1864799155
471428838
799219281451958272
852301178
3314778179
715561850323267584
3055829144
801700087525216256
1152079687
2211353832
2414797352
304081834
1071260784
1285333410
728188723075158016
717291432382431232
2422131402
27910259
390139303
45094324
2385447985
231753233
215090695
3424436500
614152258
2475306529
393647707
329024184
3071096152
1414832395
382539264
1195176624
1919132101
4370357957
3337636385
785129133009494021
3432995584
14784783
753990621971480576
384433392
1603537111
421427371
152336863
970095434
369179336
486664655
453223584
716188439826329600
1891604736
386433700
2368789219
320737259
2572430290
4923500123
586703393
1435828483
3939431595
3308177390
128688814
1108513123
270877772
1048380457
2743381085
2804109824
3347525428
2913429669
142807042
396583648
781955788130684928
714432268761169921
802605933398491138
982731098
558032072
789577810637619200
1161234596
895733684
487592587
94594903
786474228258332672
791266763891699712
159412548
22651555
471971193
32402183
1250202577
356397156
510529704
3299546625
2262991946
267824934
838292834
2507487144
433236253
1620434077
706086896275955712
227632733
578163085
541061131
109652224
473835738
1283811182
2417471190
415423066
803169294389510144
1042515348
797833478
4928346046
1274722686
3105108137
1307698028
953542285
446929182
739538599918571520
2825238207
477543705
1257106364
1601716938
916522718
2165345631
619258906
745614706891710464
1160278561
554418383
107820528
390819984
483384295
2853317513
47154019
207169955
752768895031934977
25307802
2496989087
1098501367
3107574627
161740961
587948551
802265146164998144
2903029769
3034434386
153034254
1431247669
142434221
2860061009
776102005873995776
3099675839
414978233
394850579
1367905518
785367204703461376
4915455880
798164626844319747
447370939
1071579716
1219056841
487090163
517708388
475325454
524236416
561473002
782271812084326401
2875485406
4143353975
3399075250
4872258489
2754876919
525146253
332959014
491325853
420454893
50233016
2352305154
440105770
883099326
801062327810461696
431884957
1534486934
581752139
713625460878483456
1176499273
1275799418
577236541
2768324587
481920011
4830251404
284448107
2260822969
3416068515
472186470
133231909
474251278
804000933994786816
2207172466
778321813
964333646
3241941287
1475105226
2454267414
16777774
391459729
3024921597
1427377284
476053480
553772651
1639030544
1370308218
753290282020511744
391562318
2895077031
751124618832994306
1114542462
76769340
420135838
774806549357355008
2329023188
319578825
927724410
2291120605
487403439
281884852
786233441742364672
2411282335
827801822
389405560
738345206056128512
995565133
257665435
421758109
2345320392
2743096169
3138188655
728969931853828097
429928689
104493225
454240864
3066052647
1073236824
55817524
795028576903069697
632093
423531049
728295648
2184144110
395172198
802236554362109952
724906599735812096
171844789
851085422
2436045041
1068702612
746263383473799169
1175514218
1316859552
743514238493278208
1430722891
2405837416
526735998
1553409380
256956548
2440237919
318939574
252676505
320640593
1627546411
418552934
545879796
2909504255
767716997568270336
2390930591
2820527567
1070732071
776366037566623745
27199106
80875024
757949254765834240
3309282801
410948663
1425076423
2433235432
748154038370377728
83157992
2708071882
3971957740
2975094340
1261872931
2986885877
514377723
486787100
1022801072
3823074077
1257745957
793899717532983296
17062107
577936933
2315349157
790939624977891328
410959301
2172497368
135932493
289423217
2597695185
218931858
2719186852
426640529
1904885862
1306674768
1260171894
319523764
3058996408
1248044209
1069263193
470687559
345413548
274811473
408027768
236454290
390161953
422858171
61765111
53368287
2980162055
4863618933
2540653035
3304830435
1066882064
3024843525
789866400332611584
1227483440
766147249718042624
1134804595
1858411734
792051353921134592
741762693972021248
4468775656
2787549467
836428490
801520165250887680
529255988
453911215
1130709956
964852682
803573856145391616
2493142851
760392779533053952
767825173097680897
710864700851032064
525853329
3166034463
1480106364
583125254
976652664
47310459
4701923905
759488381051174913
3054231435
407598164
737359266122727426
2945491781
14108472
562334258
890891564
119001227
2753263229
1871381000
4456835435
1063332403
22031608
2244095766
87286001
396685612
1257520999
3296304233
725810364995231745
1386907261
291951565
138772797
318549168
379812142
4855083609
253571297
704779333307650048
469548100
353673948
4858595345
803594927959580672
36469575
117701249
145238837
4664853389
164630659
1678352208
3351926470
239443074
856476714
158891854
73065144
1388488790
749384694219800576
213616021
4063380377
1413220182
2188884396
341627555
585072407
748179751660052480
804008103222054912
1488338479
2898075617
383401806
2714500212
174249848
1150670402
425026301
1426083355
1068080984
184015853
93691257
2719760326
703666667969245184
395224728
1372497578
1275239096
1215290216
1114354382
1264214780
2975144398
789042545963724800
746691972459597824
1267591759
142731535
467401158
46635793
731165050883477513
4120176819
718536182846648321
1876700449
59073202
329923237
1009243501
3332411590
2986141805
4178855201
2761079639
2438650607
1511735094
772766178313904129
225490204
899672546
1100422622
2896345199
220308940
43890673
1169306936
412415589
778089012
273885892
2329849949
504993602
391954792
3350684301
257499288
1110202813
1002708073
95482042
774085705
2359426044
423294786
2342517254
860205385
19592755
467659856
306180757
2774578942
248778954
2328471661
57596665
1053896976
100602777
772308136443076611
778914262689480704
500214625
29428344
2724098874
430995535
782577416548020225
1384894520
2723029636
288799307
702989185930678275
4818092890
796036776158785536
109213867
437358087
396756630
390641455
786132636473319424
1050722125
391486485
2267787658
221745046
331629012
714376418055073793
116439174
763353589347672064
488895138
749307262955614208
2980207475
4830432723
23920366
3315474928
962612156
2948897212
1341254522
797679000
332522093
3331408175
740031002
1192578464
1849672393
2687289798
966592213
3231784599
1522499318
712692752308432896
3305062853
983013728
2331849409
406580561
536613916
3092389516
797171228092100608
211226743
553788916
318446896
411474522
2484303523
340294381
132194086
286307579
455777345
1176935226
1471608194
775421050054139906
303618346
570045852
173430456
487824356
23181713
1729205360
1214982206
1605951806
3045361705
491666102
804024349321756672
336442306
4897885431
250113098
2856598563
3091373500
3395390663
4069173009
3298850979
732773769824047104
1140596424
2177455281
92070043
2472591199
342588019
2929672425
318615150
768783082736455680
2424514454
2292963709
384927198
440129895
802440886370045952
93276945
142227794
745339531566661632
183287158
791301733
141877526
407898601
796633906606964736
434736878
771943296214106112
2171028731
828894186
1061027394
803625598895656960
750020737407315968
793166155112386560
4459087695
526327701
567159863
847963362
710521199584006144
1057930387
396218442
4864664511
986714714
363542054
866186785
413455293
2521671494
2966359733
248145175
452869670
432516884
2278958635
2603715699
904244798
929354545
1681786022
135125831
475248885
170781140
2714596672
382304436
3433009643
2875599153
995411196
459115038
768399420367011841
2941989598
2377363345
326226399
2204128029
1470706141
96389952
368819722
397433071
410627179
3613181357
385512892
2561607220
3906518420
191383270
178685251
601134365
26216423
1070582773
993973322
2289394911
551173848
529290461
394763740
4703605746
2741727190
2155070496
318882223
425286335
4845999597
1048605840
1128810810
318434829
293518432
272940016
113075421
828717014
1369658370
2445645806
469267629
289214112
3108726160
173925687
109573130
2878097184
394729845
435663871
1251862548
766471224
4233541725
400899688
717033742947233792
163793190
1313377164
2906264861
267335558
726108618051997696
248140300
222170521
756540680839782400
1262566346
779271293359325184
473967210
526126151
221066689
229753610
1201564051
946447663
3223777895
789137491190226944
802150000440569857
3405599800
2921447206
2385290202
366252148
782574940478377984
518701496
392656492
2836337523
611680497
957885578
857753196
1374652910
802942235398565889
609501906
2147915990
522135908
3077550544
26504043
891456169
1360737936
3043362960
460611317
1013879910
509309634
774267120268050432
514478368
1000366015
630918299
112805407
81388715
2734471781
553046883
258953511
582236593
425231323
2245662505
752818635270418433
23346817
1693164817
432779927
133693814
2363684405
2637537674
3046231307
63745515
2940585718
2490422221
845450934
453851050
154572149
1183179234
2942129068
3264794374
373423842
31252732
431084648
491318883
995021599
801741532218925056
2221902807
1062966253
579677765
827716970
792614406135873537
43712047
1876846094
775715222594154496
3026875199
1196348276
4897360193
573887459
799115214
3139667865
235323455
2850871143
50369920
150609011
288854744
129515952
318713537
899952481
559760544
3332720836
3613300157
3201928624
2224498087
764164503860903936
1225509780
2419860820
3842035588
1063694274
797157146521698305
560883286
768341665862082560
3055410513
34187758
145267280
2938313507
16213811
2716904270
1709728165
710789773963698176
1178411384
704078981591646208
787748865197875201
789182381706006528
418966250
4630272508
134559413
2250751981
424936746
845781758
1121935962
19447964
2811414913
53345590
2210329063
294529592
2222816851
803336895820341249
3657009263
793825525483442176
258562609
771042114188742656
2657417687
1170061058
3054088155
440247035
729301866555805699
749779490
251235949
469354495
1636129136
312613461
1425809204
376688279
397180575
379280129
345871224
2973337469
119067790
499035724
2169771406
434761742
262823808
3300431854
1127618904
2191000136
493278355
2414500381
290525222
2434259124
756143225165840388
2904770691
2837947463
2870220975
3083483560
257953952
2851968971
232559332
447173595
964460408
39022638
43309580
383052987
739740119477915648
267728903
1095469866
986629687
362432939
1858224883
4330061833
2442517233
1370688006
1580269218
486457867
2766295492
300775565
776146146771304451
3080949134
154924260
302610903
2219899278
1088806153
430743919
2760592882
377272505
4768174949
1870961815
410984111
788082979335704577
1010820098
248142160
419739649
738047163633139712
38438354
1510136666
2455541630
547051962
2964938091
2995507655
3254705038
477187357
719183489749422080
507768657
797805269539520512
774133777412923393
4098439161
2465901637
862825945
525288931
504631659
4853784417
782669007975395328
1257848173
1926516720
1064232619
2316519053
1101446990
2610591821
391620881
3103748006
831768450
353660574
349555564
1078134512
405430528
761237376601563136
707302113093799936
1039546381
2844329429
105846902
474021846
1016682894
1876212612
3131686066
303193150
746638522539466752
304082066
800049301443506176
2597512767
4393094843
4251078683
2257832343
396841926
3034711797
754047942240108544
1630204784
3226068767
703708224168599552
97773643
1361976294
516432515
554179159
987435908
623602877
925089097
4160203479
3020649220
272317881
1207662294
407561109
347935119
600150904
440691898
38732034
1015392134
318438903
2286958994
501706273
3200053252
1359299438
496654038
180317088
2462444372
283636579
3844243173
949651824
402995433
795585541
742969014
123687106
423732690
1365472506
2611334140
4078806327
3405754877
1190157246
498964636
774210914409127937
945407058
3825806842
1176618985
1400622822
174574401
493949099
471328170
325127006
3034869375
63403202
3524549843
50588269
575833305
2831439225
3109897131
2987686264
469245700
2334070474
408738224
284018827
38444157
3310355760
208582433
1562752760
85136516
788758704975912960
703046171703562240
511534517
765965375792148480
429279647
757950065466015744
558842881
3147597048
1547029806
158288741
964810638
1396350326
143813004
210501383
802249485325922305
1946899837
759428777793429505
48090650
3555782356
783427641298808832
1272003295
3145664759
787941432267051008
398609882
2460104746
627128494
2541176620
532163319
513144334
736896977749839872
519270696
222578228
2353752559
2571018160
427673107
1606516021
1251326239
3458047347
972804156
1593579625
403273945
1972687604
2411624330
1015870262
1362230798
4877601425
754957121201004544
2971258355
4858527059
2396075075
1860383658
2756338107
704418409723904001
3405634973
521337019
4445065097
2945995006
1747158031
243276176
422468997
1903628389
127532707
210822189
972884324
900598639
786541347750588419
3491171117
1598750419
461889611
621831392
69532732
2729520336
147543162
1405748826
419474598
3075282753
673203
1259430840
115493128
790625241856937984
1478297786
1942284877
383922811
2427072883
1427310326
50606585
2865677793
3430176939
58052287
917889090
1406267430
258755575
2889628751
1498271646
416618561
3115905790
27228728
2352161865
1171488392
2186626514
2980862283
772074670208221184
3075063987
724630872964665344
753570089094504448
14459385
3086955695
3020323600
1247286475
121160830
766664451223330816
56674519
733309640
799300362930974721
868671120
3313351684
3290975685
464536669
398293985
712713408806842368
4182142288
704588493683462144
2391603191
928609825
390835478
821719770
783023868378279940
801846201578586112
3131729685
512360124
1001956213
778195022973923329
1008738409
798743088206319616
724648551561728000
481929883
1004844222
9820132
125070146
892954382
1283446118
283080198
2517301839
254969508
2845221485
795324018178093056
2282008813
4579125253
1367363988
880480675
1226073056
4702970784
3022681938
697447492112269312
38846888
1065387764
2658993140
1639608654
224940210
2638919492
345460028
3341471524
81809541
252316883
1179711277
2410447644
790099830
2386642032
2361360169
1470343742
3429131512
974511188
1954419870
1327639712
1717274785
3947635347
1158164456
2865546393
2223966992
738805650344542208
4133217027
106670846
4119726443
421914873
3198028097
3481946428
337559945
313196161
118053242
1361815838
191685685
1443750158
3639353537
388902401
561077546
761218843482157058
2914286685
507378569
1073886242
411008647
2392904948
2754393250
296528124
1080423679
2695614433
337185218
585968039
802056233654087680
164223102
143576761
2356696237
4688664552
203574760
543863115
516802751
2836840346
1880747821
801841816794525697
757917606707916804
451428588
54187793
3704155397
80200885
134232431
393609755
2214275961
724303327077502976
123235814
2367306607
423483578
860350934
2527780688
1045369358
45514913
1379254362
766066296618414081
1303573562
568377117
595718865
290093767
715230401489465344
733743331218427904
794495973124874240
417111368
419181815
240710359
859927674
1084193910
705813420973621248
1296801535
417962415
397599288
1433806334
533332467
421171946
2470618681
342681065
412168233
238961289
304598010
40985455
421953606
298986616
778900450812764160
785032312123719681
388512493
514714806
14966017
1355366514
3289847579
229804443
158455570
748385951521595392
464950259
383414938
2319529177
719832994324877312
484257494
325760306
398309067
765901369547063296
4309935400
750670310
396697870
3229432402
1202345928
4342029017
4119906531
224226820
1371698587
313331114
2237427870
1701151104
780092964244783105
3213490474
708755015868006402
2644998883
2351775654
1492135807
29157481
232159813
548616993
4829453499
337767301
804014310066450432
527938655
757150618188386304
734800573023850496
789443113651699715
418918882
793765541848682496
946170176
3870563897
393310803
838513578
2322947462
95270448
255505106
299800009
426515004
1408023110
803924261450694657
626753423
721148434
785773375385923584
417800630
2903545671
1379900528
1894670124
2951637958
888531398
723203630917136384
466756548
492964938
600136789
22009205
802059051064561664
412250316
581697530
347122369
3385105642
1429999842
3228670575
84300444
1274882076
3386078415
1455785070
952533872
1049923886
3295658451
132107435
493367276
1901331644
1137078259
1376724398
1167196104
764848401032810496
340847319
779645623800856576
415052189
1846444333
322528854
2937209879
377931910
283107590
263037408
1066461174
420627699
1105814539
557229572
539997390
716911634871160832
148911684
1208853571
588579160
156316785
29556279
781790534553702400
3684132136
422855621
911093208
1655302813
3928749496
2654152260
408704922
1410209468
405196197
799754734315782144
793414057223135232
2353139883
982628515
3313248831
29968376
14460250
4516116863
1449073304
490602212
4857911091
408676382
2772829228
191490413
227306075
472014480
1583613260
410245492
104446922
1397692812
327609918
2310543444
2845429815
231389443
145802194
910465218
836271002
521715693
276230660
1493589848
3957480201
593523410
900247297
1277793402
544700808
1241026327
147567047
335331575
776187229421113344
133771592
797136442774450176
851318875
2772371265
2346458381
2366082457
2751139073
2338003979
102200819
579662557
3044708182
2283780786
72579640
593582642
352576987
710525705277325313
2650228636
3063216130
14110067
713803328
195057236
1216273854
121424128
195792208
986811270
408118133
716653596654313474
236565724
110218135
4624496368
1114681735
789012950585643008
2481166569
2862216426
1019589049
995144226
972589147
448945277
1368850908
1246162544
141976292
368846123
475577032
220996437
715624015
175783590
1338967328
2218697421
3646464681
1036813327
197056224
59555436
2359338077
1102204278
248339544
2420586324
2957131078
743437317130575874
52999694
462739617
3092809936
142444312
717100825026379777
3053183649
733330743800258560
2452296161
4273172801
532253531
1419854173
2390797348
789589519
1426350500
471401393
387198659
2164608279
783307585206222848
206608050
1919454733
2421892166
352513450
2365210698
3104065438
479363897
491145588
91380029
726150285870157824
2361146452
942307356
550428173
89510180
384516505
2933917370
764853057909841920
48967204
2208172767
68402631
250880308
428897370
1539421987
38695490
452492397
20430345
2999932538
1448237522
496023950
3010643289
97962621
3026614547
761997788662169605
730396590230413312
2393374065
3422769471
3306842937
475136413
4196215025
337505189
1599296083
2987362433
938810556
2421745238
4881267029
39975495
449654063
798573571723423744
45400255
100954040
439386203
2217674274
82389388
501526399
1069422908
507966909
2239737678
262539190
1903648940
2363914417
2560083548
459446024
537389666
999283472
2925163426
1367973715
2231427469
4185673192
2390747907
450555112
1140098112
2498148194
1126411814
735788453737041921
2995908064
419951447
2281936099
1086201870
387345110
102119784
786519390779011072
1117576526
1472956555
796684613452238848
803631325907419136
464020852
2880084795
303347593
416575623
2994896470
777855788882812928
1642833512
499967652
248143211
2298886449
353160476
1653466591
2216179636
2375216695
985118000
3909479494
2989253800
4845403365
271803051
348970276
88053361
942547687
889235600
3022820703
922711819
490372141
371865254
338277664
270449964
789627405862313984
127302531
57282569
2416044272
2230346403
238105558
1900493299
253018480
252045618
1079226488
703695640782618624
420409929
789477506646671360
61141361
3404776456
2373624002
4130639901
999361422
360868017
1077215370
215735286
56341776
358143005
389395835
404045211
1603515306
541670926
400359479
732835893892030464
179568411
488582331
1897585116
85636061
422068908
1166637379
761516705445183488
421839918
756028559823605760
298532531
2869181698
2436489082
144040138
955568864
39475962
2751256629
2594867485
515389487
1949543874
1288260026
2201641540
456907209
999278988
566361704
797136508293627904
744573198163939328
972517489
2858759915
78592524
3399848795
3297601040
510360682
366713180
2819591819
534655010
3543518537
1580176014
2239964759
558085585
13294452
473166234
1041804853
1601862823
382650535
2174535898
756025024717418497
707879681845010432
716944964924620801
1244162966
2321104375
557803659
436870309
715947181652451328
430724357
1062995012
2720583173
2414898811
519731238
406347157
450812323
708773624
145439895
3164390831
800808214283448320
1057840633
2839729055
1712618076
3065583423
1000045820
53234289
442826762
489421781
866611646
1020931404
420634064
551303014
2911726889
776154541289070596
30632987
296371084
134036554
4865359611
541114609
58636171
4105925825
570833587
4188604709
1282562017
4249591816
427739699
2827084763
2706574363
537219277
82636356
3332448431
68633352
703606661412474887
411574224
176712900
2731735665
1062533047
1446761334
221707969
79385667
250624869
1226056380
45532597
3025669096
720592519
2719849839
272475335
2220186288
138800969
4549226901
2494181366
2227791917
801871901006200832
257938594
118714798
803741173210902528
232590428
1274855814
2900373418
3973489109
429141884
68175251
418028983
923055876
706067859550695426
1288257872
3345672868
515638711
547050389
3093121402
440716175
1005116281
406453295
2222069596
762326924
410047799
4098447160
572469988
18577800
1645295228
799543436768641026
245328223
698226027756126210
3015242813
2377048561
175030109
986981292
767596251311407104
763943146531139585
4568818943
722919613
3374386924
1082984088
2210503347
3338622107
2348272160
786276460080209920
164687938
252161195
325165914
2050601
435329079
255182357
763146166620057600
400076822
115675193
934627686
19647604
2788765798
318316637
1673607168
1701836234
788291127384367105
3151825048
312616250
47578036
2165464137
581808635
2328923415
1011151154
1326772572
3052918302
542327855
82881849
799286310699732992
2546713458
432010252
1711937208
707605903328075777
1528759902
1042134122
748183300146077696
471221488
1223037354
1175910032
4868655040
703386818
485067677
729776809575907329
400273310
2572860751
856629102
2210612407
858517812
799352721254051844
748536833869484032
1456631540
477674400
368950045
700412768730619905
792123038439530496
46224994
3086329875
1349113298
2394671383
987294012
599542475
2244460336
636862562
103290607
2892216196
396151080
307278565
4147056975
2786595941
160011017
3030709558
272941891
1183652605
87306292
248734017
451305585
3322620622
799517654746800128
23919805
720515573
1644683106
732186103013347328
963144078
558053080
1109829834
276685772
4187567045
396564186
739885032983154692
790447127637987328
957962750
415088731
740277257424523264
751920799964098560
42113491
227507782
3222096079
3067687355
403444000
610814425
302837791
2182502256
488356774
363158162
224759837
716881918323765248
248137375
421810729
216022037
916303664
1266500113
400663633
986828390
140378824
377660882
807581581
1348851210
794274701484900353
3150260316
2845221227
2674941708
2370895019
579318663
700939605521145856
250615118
81467672
2831366043
2993765523
450517687
1885687531
149097320
608359188
4089359207
1534748126
1101021343
3381325839
318400179
3123896707
608063632
341431151
2986513055
782264091389857792
3954296663
3305521049
1269675482
2889852755
1039152966
4691106229
1430511258
2361364791
412485820
706086767523405824
1328476232
751720869278445568
75883181
775433824419323904
56161146
96580657
474023066
1179385580
575284033
4818612196
31171266
2965116405
590188450
386222471
268910347
379030092
866432192
299034958
172444822
1162439142
404048864
3195775203
238781806
776116078124687360
1260351403
2812961
2275495767
1935534786
1351237069
1679375545
602182097
2496972727
784717763587739648
1040332778
752800121138581504
486759593
2163623162
248146860
403430248
2574560504
3117151365
64692722
752010888
376869096
3036745805
4807013549
751515989716660225
729981130007531520
369200086
2180831464
1036938613
1083125852
3291626026
764140480775020544
408429600
2431061097
267966135
2574418038
1124867449
1491372432
3101800545
76616277
1092084720
753519234710376449
14145846
281358271
2810009016
941567396
2342856875
2168052871
3676997313
29171103
333410580
1091717713
291645099
250321593
722050091624833024
395849453
2284416844
986140489
4894920933
557827565
408964746
380551414
400209582
797138365162389504
272028995
51752772
737724815780499457
490426715
394861796
2823678166
461229005
377903863
1385223960
1845111228
2755415371
89212874
3169603576
313514631
94310323
2824517648
1650688393
1425576013
707915297131470848
2875204096
622020182
929249360
2359663543
231824254
391291922
83622909
500602731
3319305760
773929798192300032
2696440358
264300089
317680130
1469353392
784691339732586496
367692964
2480246000
4923225663
377522292
3096569741
1080507391
727854054697734144
1267447807
18680083
1083273792
746053497750228993
1472290938
7844932
61773288
898256695
599299632
396823374
327663056
444225252
1054906759
2178104040
3966584425
2962475685
1635753799
359096965
590358735
145979928
1085901524
424153335
343370530
413541326
736469367379087360
317144718
147611968
947694301
147371974
504973589
746633514959896576
64144248
2300311050
400904268
785193802352955392
837804025
697799370297774080
773183546966048768
383531511
2299235330
1102216892
485521993
3354137837
1926324451
1639689480
698805851751108609
96538236
2267355079
459473041
1635529807
1116671611
703511639
446903999
2749566881
4885253933
2380592546
509356418
3052476338
1287327732
484854030
70951142
1591737049
418271962
3906733041
2153829339
1586159210
47969711
53139843
407234171
1497687198
370727961
601729374
3088122919
2798863589
2201302628
453959464
734725512950603776
804013588105064453
2832335447
714382420
930194618
4887827675
4112981117
749984254923243525
1679376193
404774640
4830782164
75588319
1037837432
288204711
361788030
1405789050
1454502163
17425302
2960217431
2376747126
14184504
2429092036
1157260398
261825571
471369382
775715225689530368
548276767
581801913
764003692123074560
7278992
706931528484392962
378706057
201789369
774612532036329474
717714341915729921
396467245
2899554531
118178579
778924404617207808
41926516
2951279819
2907795123
1061051426
600066593
2410604455
488765562
1130420497
39018914
780806706066395136
531715709
374792968
2273421414
748139485335011328
752444213682470912
4702133172
1171486081
2852396193
1101963793
751978328
2437524017
284706444
802176344515866624
3036230170
2264779285
428880267
14854072
7955602
634912538
783740138660700160
760872623538597889
725759263025577985
84874030
14650984
1966419620
792840100874944514
710765979320623104
3861211695
606546950
1596823771
315428267
3248666871
130134758
3030465038
1115449826
370747500
2984894152
4757159967
273091826
22901191
973647258
105433403
440202538
77207264
766731574616424448
3521388197
754620296993333249
400798557
1316630180
1009028191
1190659814
432211151
482852345
1432794030
489368395
494273497
435173619
248459008
356156509
975722095
1512694826
932167832
2589277552
98131755
1089391746
621771505
1578013482
1421508788
1412500075
395277526
1204999254
317305371
30420610
2163514121
164636499
588504107
498846820
2365532641
1068728030
703169158318395393
2308162216
794535156291866624
426064773
251105503
1394582718
545448505
3347934334
4841935931
68435756
1345006094
449819882
410910327
486713414
1129269444
13946942
1121666197
389104963
451410343
2546560394
4405998622
232908749
504658270
510611092
497752969
4872050638
1109887628
3527260401
767795023970697216
899978641
2464828514
24026780
898298473
242071863
445626690
1270220318
1632825432
2884126876
311097861
759717599328411648
797327775963222016
755281777
84644743
2190915769
2460368721
1544336527
999773377
915191390
467361179
761223170057723905
108262067
3813052822
4871884721
628186961
377294334
2422875421
1958726070
734381796
390850122
2420911521
1034872262
61751856
794957025994215424
1037152033
211061112
2902922074
713852625867960320
235639028
1092846918
378489654
4030889537
378789262
4244881703
2645983188
4039287245
768133193291722752
71529985
454142762
483199277
710170418955620352
780814827279175680
3369172816
142411196
52337911
4083118379
2928096323
709003050137075712
10611402
344142510
475965087
751028107944026112
500582673
1937739145
49271778
481416521
601660948
448998373
2929169337
2227021837
337155946
353811477
1063634156
2516067038
60898263
771434547762368512
17118582
567200819
2647766302
3027820086
1699665619
966123451
46668313
4076045092
2781784450
3688803513
210389532
56622417
2588246800
527311309
340803178
741751231476072448
1086610302
155687352
796970107503251456
418210914
31255401
2361394675
1492497582
2785214645
294535863
590342488
901142910
57466155
425699035
963938472
463911801
178618972
377199894
25676606
701059824520396800
298123237
2906792414
318414872
250316913
1368793633
2282469222
409448246
506455745
803286709253341184
1379002502
1209210108
1036756046
442675224
36030252
