736166324028768256
797527253458554880
4550095348
533329366
728040729088561152
1055367092
402174719
268899621
3652269263
110414714
1031222876
757989565600858112
2309053094
497798126
357154328
1946489059
2974517662
422340734
194972957
1370769932
2472146552
1007014172
2732373033
237248877
484993582
543866562
226705530
1953930264
306343284
2984502441
1553893082
3044526632
4824031401
764525968623071236
74707629
3028985566
217358711
1369768926
439852615
87661977
1223079336
499128183
601316915
1591945410
192258181
2814599326
1230556524
740649472552775681
266008962
1524453986
1307016348
773602742
2817092706
1728523100
2336431904
791269727830237184
952414147
3227018709
3433378229
2782670885
497021694
261388930
857119807
2322811565
485012318
2249221297
520617010
2364107448
331093272
1322376432
1959291097
925782877
1291795656
1256727248
773029583583076352
133461180
1203919590
967124340
439883787
3398394214
1201461085
255669937
334035737
379706636
1385256108
2170742693
885190620
3426670696
1588323260
626845548
545008992
2351601439
589418956
752821878453141504
1319275574
3298343308
970022552
2344846407
706498833430269952
3355724674
607330213
397199507
2219220328
593623163
2260378864
2303644001
777025956078813184
704594335317278720
790540888237830144
767772101503836161
777522958659100673
795290773642215428
420654713
2613937934
411586879
473848168
332617937
342636977
455284882
1623140270
1238622974
829566312
989346433
706392027278217216
632400257
211721790
139765259
304246483
2376999356
784813620337188864
430200691
3233782181
906475094
22507323
1146192529
312572813
998073350
877434170
3988102589
1244749964
96327375
757853744851660800
2427827258
1318601540
416370078
782574639704834048
788049329403506688
2194307234
2345481387
558031527
541787569
969973250
343239720
2290252449
392332017
2299916972
867757766
1444286834
35214768
538591858
20940320
402645799
775039590784729088
436640636
2158629268
776553725603307524
264211609
2267806358
4829678764
789536032819650560
2896346633
712003376477646849
852570362
3290984981
309533058
50328514
863339647
556889420
36915978
410808584
3294901019
219258170
3313238927
2310261690
241086708
1228029926
561823534
83386342
2236569729
2331003771
293484907
1857779947
735316014
3239016405
710044495748927488
2180128512
257385815
432918462
1495539583
184489591
568860199
35697270
1133516726
1379208858
147501849
3300878565
787001238579740672
442592981
899385834
386745832
702248011250974721
370342943
950411336
2240178557
267649803
228051072
364189418
801841062763491328
345488835
96383439
923347921
1101713905
2763929843
83912604
584739670
405658492
716857591738015744
754283001341763584
399568152
796033080335224832
2319748337
1159355300
6532332
519360327
793787252040142848
499227001
390526122
1245673243
831738350
151652866
313199623
353618083
492688472
2330768437
804512863
2212485620
495466998
944665938
2719244173
4460750969
385301441
1386751423
2259459451
2322290576
801071186461474817
737526030907232256
801974236315340805
259449213
801934415526002688
241602781
4833429358
773082371105157120
298079436
3346569904
3217711420
459584150
1000188997
345535835
443775053
3124240699
2469570907
759346461758939136
2400294800
414660035
2174144839
802559661878738945
709125831512231936
2495079298
2239534579
2319542538
3368385652
2502131693
299780153
409474239
3514615637
1642789244
1638143131
2332571271
753878412981374976
1028897996
2984820215
620859402
592057814
787009091373850625
762934873057292288
2199795114
1667689482
4888317194
1179962942
866911332
3004273738
369728921
1112031457
305481008
1229273522
50773283
2379017327
2424020059
23280841
1478115104
800750620818800640
4905992363
31091958
3566570961
1093512139
611617045
972414750
463938365
21750761
731252371226042369
426842172
48996987
96333128
2972722234
1100633432
482045811
1870641289
796246539668692993
2149265671
2243856722
1382274499
2172960626
1034862121
579271577
192640902
2450147531
1083645529
508816846
3579613995
1696504896
763694739854090240
3978409253
1077925266
2872452713
1328664937
573000953
2336519569
198237141
791034319301140480
2816450251
700762756673196032
425782220
475922296
351137105
953887928
370182507
584022845
1615176902
2933625448
2869334632
1285648478
760240948488044544
740614837647093761
371825725
3020356043
706060433363435520
38398195
2408803254
632742781
473659309
116871279
293608717
3129266409
1148897880
416310352
332921113
1008382820
416340182
776453763624214528
1168797480
279171038
802211792764207105
790846446908112896
2328765859
438611835
419031847
69608788
20515207
742397759991480320
789144305264910336
1364981654
2190622501
3192098591
134206590
4797691731
113361100
354284014
2739361664
3345161205
1006906356
1229121186
2425941110
3201052948
322933929
2413663977
1927224049
109608945
350260649
308905321
59165953
3300629145
528699157
2341635078
1341462944
1157043744
1300370167
556818121
524809983
946023379
3346612277
560401416
1719811099
738932299
354210769
309178760
503452485
3926735649
1479114414
2201613873
4189459767
1394277882
204791100
1427398915
2186217137
3052641775
1246974960
3337540222
309347048
1080493914
2741955700
4547668037
357074444
2501808527
947272602
458368651
2197175103
510211619
558038204
1925940440
37631819
112810232
2277815894
2343512623
1168651670
392626820
452985926
426094795
211126702
17439787
2567098531
1911991346
1620754188
2338719661
704319761027612672
794287344715235328
2156339147
747491522413731840
2768661999
182737832
284683090
1871088685
27326931
2443860315
398049819
1026144254
581285865
390949967
4300561103
2412727890
2302034329
4414946656
2432410861
3005727892
555420716
141896036
800198053
2467357784
2288338998
703875686218522624
440943555
2319707989
243563921
321440072
482456427
4200248956
246089683
4069758477
472222755
491142862
416466936
523138689
2954902816
522457817
77789716
426079148
427510652
3026638931
2716446892
3199220876
4372999402
2833760769
134554873
3334699492
1699586232
2534968364
2935865619
841735190
437710793
49656085
802200796368687105
385088302
1712830392
1022215518
40006630
2540480404
341001184
2975733075
419862356
2224794707
792825362329788417
4928491697
2512832146
3448617916
1070911692
864312458
96319859
246840871
757654248519860225
1637833237
801469835200839684
2953240439
730811617
2533019300
2954019286
396698099
2376140579
3466428077
792796905558446081
908951064
2335353948
938688090
31073250
1041134352
2889010597
407062660
2396753396
40948942
434752212
475175542
2784487658
112790908
2811584671
2647082770
1853722758
2312169774
523343629
315895880
340972113
3413873009
22659500
780047945311907840
701159273296961536
1314231894
1505560448
903853592
472185426
27436503
2661453455
431089246
802293571693019136
1390413402
152673484
755901850382196737
760806683564240896
91598969
2569113408
765113425882218497
161428463
58241595
1402978436
783587469744803840
532572724
732206617341595650
502904251
4869095007
532222780
919333159
2476119007
3068039679
2495987256
2295417636
4885903612
3064824634
61905153
1175727986
108434084
99702635
2785334697
714364362320912385
883065655
405719917
1360369249
1055870916
2501851306
1930695714
1354935949
775636532
764195579081752576
458632561
2357331353
300798803
3697986022
2401418695
3019629387
862986014
2355144468
1132209026
802518957215334400
1248307267
317424889
4365482781
2200868950
1058200926
2845018504
1322452531
560260712
426719729
1372461787
2219416923
17214580
377620042
250697308
765631835086917633
390753281
713988077
1474855951
3041758444
62383022
1401604591
3227318753
2456227901
759853330692616193
2907601252
129265964
4151528837
15047521
3123958103
3474585855
725882047
472308628
783982490860056577
370639956
1464788840
3357277319
1646281124
1579008720
2520000468
771773707085832192
1294174362
392749188
753265543633899520
563558852
374941410
788445931079344128
2365011298
4048087467
83580827
758723224486150146
85793150
781578050865627137
799219281451958272
2743862297
801700087525216256
782188114454405120
452953533
1257355178
404405791
304081834
2622391643
1480266476
1369005530
406980942
517934877
795358524809367554
1349039166
455266241
2883830458
392987772
462829190
4903865757
382539264
423430521
1919132101
492087627
36662574
100991438
3629322863
1128185149
596702756
3432995584
4008275807
868360100
2218143675
450654477
55045274
764752555834474496
284745832
482343716
514124269
795564464829595648
2165389231
3104457562
1104906145
930659928
3939431595
370169443
2762991057
2913429669
1459983516
459308081
1883696546
68943414
68361266
331136187
368202147
624096392
2274450562
3305976862
123983186
1244376643
406920424
1244200904
406549098
196111544
702921914
2488588980
18832833
3052854105
371633792
2212544767
751149104236027904
3299546625
564148431
622708061
706086896275955712
227632733
2184944111
798774739502141444
374385397
426152264
415423066
402253156
739114503758057473
253164055
476555720
4787676166
431480206
442808538
202220813
85099571
2675073532
739538599918571520
1068846679
432259780
2589077888
477543705
1962674090
148785647
702971213308678144
916522718
2760251254
230170195
712308188863971329
539026441
483384295
3433647837
999474469
36612294
2819178244
537290044
25307802
785104448
32170251
776739556745940992
2211388062
2496989087
802587183186116608
4200887327
306318181
92229462
533692413
79036955
3029167981
2903029769
405792460
1431247669
358626243
802782433
403690384
802560596830986240
3136292848
394850579
2917217416
455181360
4416311188
4318424669
1071579716
989841337
1594040222
158367488
964488151
299707371
802126039610785793
524236416
164235748
561473002
469254466
515548298
895702736
613452196
704614221192044544
50233016
2286669109
477276020
39546698
135211574
4759144253
4830251404
3424522888
2435638248
537182749
2556530227
398953619
778321813
2233203519
449635271
3024921597
206180236
264753679
141612687
1370308218
187196983
753290282020511744
1558477968
419316234
954347947
3321893073
2265684361
1114542462
76769340
242351511
347497240
281884852
1157646044
9650902
472998662
765651325610758144
2339947944
501874833
1046168034
257665435
2878090661
134724104
1291622634
3138188655
1979495443
710801352
737934742461526016
779350232052142080
1713152299
539098109
3949073254
8379692
736596690
1389335053
539344114
736168858898337792
3297871286
432637066
248128042
60286672
2639918968
728295648
2302070180
609075599
416386667
3324608649
2726498655
66635426
405443137
4818340347
794650338204807168
989192558
743514238493278208
781763084486488064
2265311957
702432335078285312
2837751261
526735998
2467489015
761901618107387904
1364518398
492970032
4512281667
318939574
4474043243
471334188
3368229117
242092114
466789101
30248306
545879796
2909504255
972579685
3373955686
993545408
321618982
535195516
574072662
1096331473
208518075
794822744840007680
1025103174
2170527625
786244023837155328
2900894651
303172080
354901534
1261872931
2986885877
514377723
319116894
1022801072
764402685617508352
96393039
3823074077
364197662
4463943215
1913892218
358642313
768173977890095105
2597695185
2974864583
1392039763
89177842
3378796144
2719186852
517385690
2885129761
267446195
1306674768
1308988975
3324316822
3431405176
730132426110992384
244936627
484771907
1145835457
562823508
2951587293
3288969585
2650978150
2272916900
4863618933
617201169
607226144
2196005464
4755949588
4863913085
28433379
395562472
1039387388
789866400332611584
130851801
755081325347016704
406633613
800272805304487936
3296752419
989315192
4584262996
964852682
311484021
414869112
419480134
447439107
1564408128
707269014200909826
56392390
2937388577
827585288
237860479
1544093054
1051351939
86054527
802320974
215463197
1063158572
710864700851032064
429715292
567688029
379256309
2511962844
3166034463
799397755705786368
808531951
1107205176
3355048384
3054231435
494827982
2508927513
1332630272
776714498795311104
788600690356719616
4713725061
2945491781
4548508636
14108472
793519957686575104
1230871339
230790398
769978369903566848
1961251566
3043907500
328067350
737280573383806976
2442105406
7111232
795755549614886912
452303982
83819316
441651345
405919398
138772797
1228087620
557366826
704779333307650048
4106012295
470180296
117701249
722731347526201344
794277942427844616
2154514886
3873877475
4121342697
2924378676
345918295
1358611800
1050116880
73065144
2342507018
749384694219800576
129272788
1267263205
3387018627
475234937
2203686361
1456738794
329817290
1116398599
451365630
234339579
2340548342
464973973
1246270873
3930476356
2898075617
148481393
53877977
128879888
4104175103
222175287
245378986
184015853
2847895318
93691257
2719760326
448207683
1372497578
1255611302
743016846052491264
1586042605
1039549512
39240661
1114354382
2975144398
1715498894
2594365060
2305318506
746691972459597824
3386221216
2200075155
2751862871
718536182846648321
763405961205800961
1462996453
725937762449264641
2896345199
2508257327
2478033566
1067982564
527886495
716711752315105281
2866614668
2775237526
424540306
2992689333
396497515
1015907563
493533192
257499288
2149138327
376145932
1110202813
419285776
946745624
315102536
95482042
322540485
3007267479
85590368
2342517254
19592755
914050591
306180757
25851958
324262863
2328471661
842378066
2997506451
264978128
977867604
4405181775
1052689938
483671947
3296497990
134869337
718526010308829184
721937520771129344
1168160534
2955233225
2584756455
782577416548020225
430995535
2273249119
4181920601
4818092890
3367928763
987196016
3207310307
4241291181
1168148899
396756630
1440369276
627367368
708425080645279745
453712873
388860597
783613497749938177
3399065008
4817441236
722164688340049920
1102070556
766601799155449857
2904244365
3051006873
45176195
714376418055073793
763353589347672064
1192428948
7773732
467473645
2350203541
2273437220
804753644
962612156
465471249
1055931559
414634390
2729415801
1264774998
418530644
413217587
437775911
312660734
1218018804
2719470235
3131644312
757974675083370496
877900650
3412690750
329564611
752786587
780501372416425984
1062997310
15979440
717984836401643520
318446896
534504035
408474577
408670406
419478860
428443143
3251331238
589253599
775421050054139906
193825374
2689665578
194766923
361960565
440749601
335595246
739917955383889920
3002999651
498883267
1214982206
1729205360
1954771934
1849326181
37619931
397338548
2523568577
231915122
119742732
2356806462
2477603211
1228536066
721432185790705664
391034680
4069173009
732773769824047104
414676913
146215776
3609848506
989695621
115139827
475096024
447043590
454191208
58528822
440129895
204796616
596672372
1283852282
3408637281
745339531566661632
2171028731
716089916
777145679181471744
4074742552
764073381532753920
4459087695
526327701
288951786
1376674190
460275730
2372154501
531137551
492336250
424473892
2752389489
4864664511
986714714
1163796132
779917675
3073624366
94788246
482042101
3007504107
2247031480
1527761478
804354408
550787294
475248885
735888541079732225
2714596672
1044954534
2992056261
2900897831
768399420367011841
2941989598
414331511
326226399
1302464240
3937406775
119365569
483434707
767040529100079104
3929709202
96389952
409175847
368819722
397433071
2792050237
322005190
2227239038
3613181357
3939868781
432304612
390814833
3145545058
2430727480
57617942
523133624
69030213
305561820
2741727190
560046823
4416648267
2155070496
4076357194
505733936
741379824
2317495928
1227796518
1639836846
113075421
3036266535
415750859
3277940725
2445645806
422872381
173925687
3289979162
209249028
2938158003
1532077525
422962166
353575520
766471224
2703675064
1242349663
508679616
439479080
1357710228
725776532258590721
2724933897
791665194619592704
1893283914
546239230
708587318786007040
2153812941
1129328755
271879224
3012881507
4910860665
734571818846191616
1283249520
96696594
396864261
946517246
3751200317
444613355
2422164068
478077452
2327373751
781359137909248001
2383537682
426755550
4463441
616466190
2344799433
1718379914
3321233530
857753196
152977521
602802570
2612652422
3043362960
433612192
4894897763
455094599
46712564
3304420265
185108209
2343390020
774267120268050432
1000366015
2569703055
2589322103
822269940
1600253772
1278202914
3837061107
582236593
3392159079
38675611
373528809
2245662505
3239105697
28528873
405400711
326774832
3001239377
2310410500
606694260
2363684405
560462597
472989062
801808880955170816
751379826024583168
3640747095
3320285157
491318883
760254962966364160
404709140
4016076567
1118920148
500881322
827716970
2501148630
796058021784879104
712994593269219329
738311371255906304
1876846094
775715222594154496
597696640
776686108289667072
465631373
2949027568
443708574
3330461728
882235051
1052704188
787726419149352960
2188028648
1225509780
343925514
1036788019
2845737279
1278700207
2515635548
797157146521698305
859896331
164527808
2273516571
270623814
702128508835860480
113996806
455042529
800126931463073792
238909679
701338375643594752
2486949783
2823910739
787748865197875201
2250751981
744655865886670848
2936119349
845781758
795968021084913664
1121935962
590833841
1334865294
4118952904
2972718455
2291180310
744497332637548544
1015814694
446371601
258562609
2771181483
604984515
429144484
944447748
1306691233
2823742011
1867212703
2942486068
2363193428
2786178562
251235949
15532171
967698096
216361540
9405912
312613461
2464385681
3806382809
2160731013
586562476
360191662
1425809204
2284202290
72248630
1189981854
747123888
352286129
1127618904
255560499
1334551939
1244644430
2414500381
493278355
324846973
256491020
3262227694
2939040203
3017185311
109578008
746721628843819008
16162692
2870220975
241289430
3320655053
63705563
787557789908492288
3011035791
232559332
39022638
169233625
43309580
482729413
383052987
297599017
290527870
719190663502426112
432670529
986629687
362432939
2442517233
979279446
69896457
42395949
2942440745
1088806153
2858584827
22610875
3397077149
1040122507
414319027
866687046
383359173
377272505
799142071290494976
1870961815
4464016355
799000131483770880
26206149
1010820098
419739649
127931750
1510136666
780498491038654469
477187357
2764299866
268793564
1063284294
32624061
2984790945
591983888
774133777412923393
407685967
1926516720
52731955
831768450
3617778570
502977462
22128223
790269417603162118
2728402871
1178518129
38873697
2850074284
796070566885289984
599247299
2434465310
791407162790649856
2597512767
126000118
396841926
533959367
754047942240108544
3152228475
2480352662
2418170407
703708224168599552
843043616
828812155
950313325
1477168296
925089097
264785023
4224342437
483066930
600150904
769434494789091328
15943109
862592018
50674708
398569269
761928076397834240
109251997
3200053252
1013535530
228335333
2991872159
1174274426
4762981463
180317088
1262157433
96355899
283636579
828554936
111933671
799324496482172928
582973156
366501514
169935992
292417838
179976345
423732690
578393872
858003427
2199804117
97654241
502039896
774047754834313216
1286628300
703981214269644804
121368445
470382655
38032906
3377428947
636035398
3228521201
151246430
3217393599
2828225637
2328166991
3034869375
50588269
538462625
81646967
455612937
20373953
1562752760
707523257
85136516
268850788
321836636
765965375792148480
757950065466015744
281097296
775379869215625217
721375437230878722
13056322
783740711652978688
1946899837
1704844459
4866958593
4186758514
759428777793429505
402200260
783427641298808832
104275102
960087626
2288845078
787941432267051008
371749840
398609882
2460104746
163501750
1438958683
513144334
416372229
386474826
200027753
3404959493
387166314
1848967950
4881271245
549105829
81689292
2306993641
1106149818
377010628
887639833
2429027969
1015870262
4193378369
2243577362
783319162550644736
572056299
4877601425
754957121201004544
2725144065
412478498
3291493733
704418409723904001
521337019
504900046
1194815508
552168790
422468997
3053723635
560156137
801490262275092480
786541347750588419
2427493826
4705505042
14170643
282643059
2729520336
770615305
147543162
419474598
2168547995
790625241856937984
2561421959
3303829486
944519454
418772810
2427072883
2588051975
2242100015
176075973
999469686
747062107636637697
2889628751
889666248
415440185
290585680
416618561
3115905790
1171488392
783059860007026688
1037077783
772074670208221184
1117743096
2962772146
148787137
503176063
564705301
251663248
766664451223330816
533346277
1155342385
401492216
1143922956
868671120
742583143220285440
278156769
2355147860
2807459157
802408960414416896
1155060330
353888721
712713408806842368
4182142288
2245661774
2479620311
800692744230309889
406926271
310845038
1139838132
783023868378279940
882039175
1219977643
780089815786283008
429085080
778195022973923329
2354704705
583617026
103068418
798743088206319616
724648551561728000
434505068
1059984817
892954382
1073285989
391497332
2517301839
2282008813
2350811871
110654085
4579125253
135953956
1337596044
417101186
355608779
1065387764
2817204236
224940210
744518687617593344
2520582142
2189941508
50548118
715632223664398336
575654596
944269080
301894712
320663980
1050697136
2386642032
1162582322
3957207015
2361360169
1470343742
974726732
4910367893
716756039580958720
341097129
2210084110
16087705
1717274785
28820399
2807679262
4133217027
354125985
300148270
1397232085
313196161
801895595237670912
118053242
407296758
399010858
85186792
2592758547
198585878
1675361858
509157552
191440276
798635240889651200
4735890017
268744692
712695926
1434038420
13065292
712647058709155841
1439319032
2257121711
3077658094
368574158
2521185076
566142199
784829184682106880
2687611909
736235688656576513
337185218
730060281670447104
603082591
472954931
350922856
1011745790
4688664552
516802751
2836840346
1880747821
3201907600
121190725
757917606707916804
497384675
154587914
609872484
1494873888
4603979663
716326404707713024
964368552
389348747
3326977335
2433335486
537263615
1675230540
4393976543
15155803
453288373
3311604711
12514212
38103794
792329915228127232
2527780688
860350934
752526583924199424
34257738
1164336541
1379254362
766066296618414081
1303573562
797197311201972229
431901295
4893474419
2258870403
427522940
549217197
2359198747
419181815
417111368
1368152558
2205846352
859927674
1084193910
490236230
855369620
705813420973621248
3335486015
1636528548
732899817232433152
2341083257
19643514
2359496138
317951602
1146083755
1433806334
79813277
4797073893
541527026
323889720
63978273
50286652
2167782040
794906422320447488
342681065
3063946601
1895353393
1007560902
776702932523839489
778900450812764160
1910621256
13106252
1056404035
1263818557
2366790998
592794332
1230010460
792810525533044736
383414938
2486333230
761084746315149312
3041446144
783741519564005376
480612566
2394145762
3468355577
737329919563292672
325760306
95913190
748252291959037952
1026764719
3121853856
630961397
341045112
2781366593
722067166380617728
174978820
1088677627
739128484937801728
779404570808225792
1070288839
758661601797046272
2248023058
2748424515
891432866
778386953846816769
339672122
29460968
2205011249
548616993
2147638752
3965043981
2431985092
403684823
737715899554226176
2358153341
510499913
306777099
1867361222
2640207038
799682512301633536
1107229501
439984123
1259100200
74157617
734800573023850496
418918882
793361599230861312
271518898
1873008853
896261767
4890128368
755320994131247104
309750549
800959920132780032
4603645649
721148434
4851423724
780095104132509696
4842523900
2358236856
785773375385923584
445566718
767679162584854528
2903545671
723203630917136384
454088602
3290663879
102114992
492964938
600136789
1039809685
813055092
4899492155
612314316
738675744
798605625542541313
3385105642
1091722920
325152794
256628704
1049923886
3080451825
252566833
3295658451
84311101
753700981
2369008892
340847319
3331059982
543690939
2355391573
915039631
1951613647
934962619
2937209879
495011205
247726328
1561380732
1044932990
283107590
875517908
420627699
716591970106417152
2704662807
794528604470317056
122363556
216696569
3684132136
851233315
10382002
3130622027
1530151454
408681712
428601367
408704922
3242084475
164008619
2830900625
298758103
2318455535
63119832
1028662526
1883983638
3095233408
92541601
41689819
793414057223135232
614579877
96362233
490602212
336091189
3252260663
786809592
410245492
371174340
2532491303
407187512
74693664
744828787137839104
443562481
1363882460
200434967
836271002
521715693
409172119
3382760081
582087196
2862555916
593523410
229801419
544700808
17876465
539009133
235739444
481457729
2346458381
2322998168
2751139073
462427721
1098262302
1450758229
592489826
788794627042205696
14743741
986811270
2876969818
919658064
408118133
278984976
608125539
894992365
124576769
2280648054
1278185288
220996437
22188018
3045043101
2508295280
405426716
759460766273695744
1334038333
2871007953
215278944
2218697421
197056224
1067756382
2305994433
248339544
2420586324
207034666
2957131078
4299066556
953895188
3119071163
1166877775
766525740829413376
733330743800258560
416607721
2164608279
1046985805
729261198391259137
551331260
783307585206222848
2353756873
319537863
2795617577
522438312
527413030
1192897722
2421892166
415129119
441730292
2328728342
1978729974
2932258043
4280485636
410764821
726150285870157824
776846953296588801
425039950
2933917370
401947052
764853057909841920
48967204
288246866
6832662
38695490
20430345
2176449613
711250614995558400
4806536835
97962621
1254757129
761997788662169605
1441673010
948318834
1310068976
2174691850
4909543941
2361121173
309639034
1114460935
218480265
1275927386
567382670
207122050
588539018
793696853451743232
1641054956
54956018
745025263679963137
851456364
852714110
2824748381
4881267029
39975495
3120931079
553959228
796749112100134920
1429916701
236138836
783976877669122048
2399247913
501526399
1624749512
1008813289
1667242129
1069422908
2482825875
237816428
1903648940
129164948
730500778637594625
339173161
603637951
235877809
747187674
1001303996
318635439
1298737056
887496074
196560266
2229302019
345521560
455500859
219406236
142393098
1367973715
547936685
125153897
450555112
414646088
1299394213
2839739320
2281936099
1117576526
2382351035
3318421203
796684613452238848
385890505
553445128
745207130207170560
2530670244
544245306
983065508
1103450372
4544172989
611831585
2748283938
474274879
539203633
356369571
2917487926
955314738
14394318
766644219930873860
102362492
383091099
2216179636
2425442529
937279710
3310852186
633147468
348970276
624359831
787512125610655744
1933585807
486876996
127302531
421753222
821279118
1408515078
3357308483
2277583123
1399181432
420223099
827499890
4130639901
274014643
360868017
767250170488688640
2892226235
882407088
215735286
37382519
3873918947
3841779982
13899542
767125761308389376
2318610186
2744423703
2792094531
55049219
456674882
179568411
2950936654
1117323301
1897585116
245960120
487564934
262100774
1166637379
421839918
3034313507
204479365
438176540
1402391311
144040138
230453692
703817284
1917393390
2755069611
954041064
2482305961
2903479635
772848384961044483
796763568
151109371
1288260026
3008182149
2731905976
999278988
1006685844
479764945
375333702
3446687776
566361704
1299807378
1732672866
1552786279
797136508293627904
3360251476
55360087
1065907650
104135821
3879187997
4461491152
3399848795
716194484200022016
510360682
885303356
1353760267
264351373
3543518537
534655010
1397960005
1120118342
3347530847
1036611673
13294452
1725431600
473166234
1041804853
327024457
7414282
3395984483
418531608
1244162966
392324691
1606595466
2238143360
724325815756967937
324254835
495412522
1041823142
2561253733
604899762
1062995012
3299633446
3023835220
532545883
2404302998
72549997
122520593
947223368
2763778095
3164390831
800808214283448320
396928527
2824712309
1000045820
1611260352
1357813057
118183154
428068433
2876784275
398946027
521614836
30632987
3375604709
58636171
579999373
570144271
27961102
1031198407
353640576
96340114
2798224784
3096539158
461839912
2569050558
2516146196
7475252
768385224375959552
3372717964
401258888
3025669096
787567284
722848232792002560
422646984
2220186288
431042454
3330193977
2752094872
420404152
694638444807610368
214892045
118714798
1729765459
3094278383
3408525531
951593118
2177615174
1220811823
2154746892
797104188434120704
2211437562
3514403363
242776975
201412456
385604119
42084305
527516661
840555816
2914144864
357464260
3338378788
2218411411
2558496329
3111732579
116190223
780171107018088452
4098447160
2811521884
2572838813
767596251311407104
233900481
1198246940
722317619022471168
1082984088
2671150011
1336067024
804058015
778304305434595331
3793353617
20968074
382052171
588553042
955794691
247343955
311662324
609145539
2541011284
2613980914
2336391177
736880955374325761
260119817
22169209
711066251
2153653584
2788765798
1673607168
485569820
704431464524423168
3173819499
15191260
43339000
796796368266391552
1607823997
2160946687
1158214129
1148239141
3237012287
256443765
2259216822
3052918302
1160208637
4204183834
490373717
480531196
47161489
96109716
462026678
1223037354
4868655040
703386818
2603234317
62019002
467307839
139512031
2187901177
513413652
2348760096
743477715790077952
3145265249
939425341
4394434523
532609504
2985859289
3079210283
486509124
1062583370
556307020
8032202
439908934
792123038439530496
185760677
443193400
730380067637956610
2244460336
103130700
305476350
328935079
337168538
798531277116862464
2892534323
307278565
396151080
247694065
2786595941
160011017
272941891
630063443
784105196070854657
188787298
1058447358
3322620622
3368018859
418717321
1219276116
46887047
3293156833
35804051
756480048958406656
2172152693
4187567045
2570957394
720880802939023360
2216513304
843757543
1104562232
3377670292
3176594760
799653873338224640
746986333877469184
1001971634
520580726
3124013698
3221712009
4082854757
391398732
1092670394
358111700
476224626
777383174125019136
2679377412
3067687355
3243488463
403444000
475930507
361840414
549062047
495311077
224759837
563948994
141529750
1266500113
168796358
986828390
807581581
2983119910
1348851210
32957744
976952545
799175088423706624
1350769627
2831366043
2343344779
417094530
808338949
718039167830257664
303307834
4561319014
2231463645
786280190129283073
407891527
1091626734
341989260
4786498851
3094312457
602574015
440737015
242958381
532229126
4873807691
188043254
763844678005432320
2354462598
3304637962
1692143298
725051865159884802
96580657
2608189724
2338370276
182777606
1179385580
2151127567
4184744968
1123116956
958750693
590188450
1125112531
1216209774
2491091820
808878834
988029930
2355246666
3043540575
16246240
1439358858
2242163899
2817862802
485634584
401753108
2273694722
404048864
430193635
776116078124687360
535447658
99532524
445699557
2765052793
2953019709
193205321
212163360
1040332778
752800121138581504
1346566790
2571630204
752010888
413916151
424084271
484106374
127091412
354832020
2393979222
796795293316612097
77554140
4818775001
128859858
484665449
1070923920
2369514974
729981130007531520
1246472766
2180831464
268805462
2263606787
776306961604284416
2431061097
2228667795
2373588490
2211358579
382029804
930328482
448754383
2907520191
76616277
2534379143
1092084720
3202971339
1427233322
1103569482
4783916222
469103936
2168052871
1324201430
251345771
457700602
2784216706
3365915002
231187717
435722284
385361791
57249412
557827565
1441836270
202946046
786284020988579840
79190097
51752772
54939844
2961761943
313160816
490426715
303278808
554550990
106164453
325094307
3129371745
29695669
219361447
113092215
455091874
2785559012
428364426
1385223960
362706589
68362418
4609193302
3031672891
385132187
585988043
762774778767892484
313514631
221538086
475222684
263046135
424269965
622020182
758782876473229312
8111252
411073767
17565436
573872757
410891592
773929798192300032
1137449617
2227479807
458347992
264300089
1329057858
1314735973
15123812
399624734
3300735423
381953555
139188966
317680130
807579925
2676171233
719993478147653633
367692964
2480246000
2190313025
1218998124
433717645
4197183543
995769296
822184940
802227674001326081
295064979
863791340
790456782263054336
3326859207
703721705492107264
402997564
1472290938
769910951143469057
1457994523
831665582
4743531021
417147552
253714436
266066911
2885765296
753178402497044480
1054906759
4195440875
3471435689
2962475685
3662356395
359096965
1219022928
1085901524
1747593649
398023821
786578626523308032
504973589
40302122
64144248
1269055614
2300311050
540239814
837804025
514631537
1260160800
485521993
737964567737864192
416433824
757599598395482113
2537460423
1044114469
1926324451
1116671611
447893897
2907953530
200502085
321375506
2380592546
1085455423
437792046
74399982
2909939349
407299582
1474185410
541150443
412371227
1591737049
1521671185
253175429
1065585522
1472636252
35721171
772498157636820993
634999260
53139843
35000018
3046671413
2817088916
2765505605
734725512950603776
784137711561109505
714382420
504235049
930194618
4237848425
4887827675
747838930398101504
381510554
433789331
2939273031
444115638
731342369430327296
1405789050
281966090
2385369457
243216805
379741776
2300997220
2247093145
2376747126
966699302
9437162
46194698
485987608
72331470
472130584
471369382
1464197947
378706057
389962419
3327805900
765230413
1435611025
1540545835
500574143
98464365
50373692
3151943686
2951279819
2871244143
465960856
488765562
1130420497
556771177
748139485335011328
4702133172
1171486081
2353554590
39976483
284706444
2505630769
467232496
116450737
801860821257191424
705779961290948608
83449728
783740138660700160
4200779861
2519061382
142003790
318487854
814747711
612573173
2362415546
470003688
94402971
43503218
170215269
3004185915
3131027463
727770559107485696
3476555055
2748504147
1115449826
413855425
385094385
1002163952
773161233033924609
3074122662
1464258434
2279399816
2304513812
2254861851
1316630180
557943026
796759446370271232
3520510275
114158160
485031544
455291448
912833226
1222653246
484047462
422035414
519619381
3293224625
3167163237
1225629091
773956774932127744
498846820
2365532641
970440781
1089615589
62004025
2515438775
2420044737
4914915772
303713268
299510970
2368832677
1394582718
545448505
3347934334
4252857562
838223696
471232887
758168423167819776
22609483
1384148768
1491175380
389104963
151205711
2546560394
1371655940
232908749
504658270
729765344278122497
2515219286
2921663932
575500709
1036719990
497752969
4284959421
4872050638
2224559949
421973725
1109887628
3527260401
767795023970697216
425067394
2993021697
975755820
55793308
899978641
2499272229
937463430
3000601366
705029912265097218
50584579
116517401
855409861
918993840
995642131
798181337433829376
700406264937971712
2190915769
528846336
788447717521498112
712920058918543360
915191390
276697615
1598253523
3217218965
545522033
761223170057723905
2999484970
108262067
903701676
1192735105
4871884721
2822310640
714775585088737280
244053999
2422875421
585405745
29482112
426712009
82119861
1037152033
286847155
1112852892
771053343787679744
2451856765
724573957781856256
634892475
3311089743
760729745948565504
765577612441817088
3047862489
1875163214
454142762
1222000628
981657781
161609363
749611364
3369172816
261233190
2928096323
243545857
731346214030069760
2731197053
416534525
2296057788
482783302
4060369233
4746168976
252088941
332885533
448998373
771232888381550593
337155946
418578991
2780354471
353811477
499571765
2516067038
771434547762368512
529759031
125851628
3027820086
1342623084
986286079
251309387
216722162
841930033
1106230255
738336313892560896
466379768
2588246800
713744729981263872
527311309
3852711633
2940755837
193261391
2853575920
401546671
1638100706
405102464
2527788012
13821512
1452474535
2863193461
484784657
2157178129
89668286
1725220519
1458889328
276497372
2958702779
2361394675
1037526320
25676606
552976390
273316238
701059824520396800
3398885945
298123237
1368793633
409448246
442675224
146522828
757189171148681216
768424410978156544
416309230
311694861
