136198914
132164537
779336944916504576
762284905145438210
1361794033
48334852
3631168101
2768557727
13382082
2511415512
630204487
268899621
777089880417501184
3652269263
179059785
437573164
757989565600858112
2454976539
428876092
65335565
1395049230
14573456
3904145790
1946489059
422340734
499222248
194972957
434558035
3044957079
2228600094
3980680961
144987828
423572671
501034763
452858854
801449731805347840
484993582
696595370395172864
1197078822
419339559
407701503
728695134
370172207
800698016768233472
782809034
799203458150793216
74707629
1223079336
258861176
440756482
499128183
1229478864
1048291818
4069278623
1230556524
589997252
1307016348
534732052
95209458
29703078
759714475696021504
2150969605
3433378229
4655664915
870395221
425730108
488844512
13728662
780816250066743297
316376052
402871629
2364107448
1322376432
1913370296
1256727248
799606780070363137
534669109
133461180
2895641883
712266973070159872
2504129001
465422938
427671749
219226566
489275706
1039048494
1734567211
48706030
138418305
2629123617
781539111052115968
437635996
584529887
318230976
314537220
950543234
623993932
731569869360115712
2356927941
41094956
432948268
919502593
3426670696
77183970
1146384506
590037686
501934382
2403776046
752821878453141504
463321795
4811969481
788674443052711936
471281332
4494073469
419443005
425931009
593623163
743420210422648832
377955629
704594335317278720
1079858408
767772101503836161
1934445032
795290773642215428
3006299993
473848168
1229714630
191488665
3978799463
2376897325
2995826032
2333203880
1623140270
1238622974
773428955214995456
1139825378
1085405436
51232175
2376999356
730725966142672897
2226850327
1489541214
312572813
2263697361
795593003742220288
817417645
3387206505
10281812
173636963
242327193
723484151794569216
576669912
2981642447
1619769668
1079395843
154906294
375276889
96198967
1447003466
3062543201
436640636
15822470
319518186
602903174
73598124
2981519823
418169040
2267806358
464755043
266222825
417046350
2539288132
3957645843
1481960144
196662571
2249135604
390065437
428261286
2402581961
2834174511
507697095
170066749
83386342
253631664
745916794100125696
1517788118
402819013
773869687465803776
144778464
710044495748927488
704718743419658240
2180128512
1619722123
1395249704
801532114139250688
432918462
94005616
4038647320
2874455566
573607391
100478960
2333745212
520404945
2192271144
2887988230
2372192396
34551795
345475530
413194935
1104598880
464045620
410828204
3363987292
2342101993
228051072
324946999
437533038
462495614
64522965
345488835
3768498155
767783947220713472
1205594306
204112751
787177370646175745
265385204
2319748337
4859340755
148130804
519360327
499227001
1347929521
119005809
3063738106
222858054
1039563697
458721979
488423574
2950133739
3289742169
731920891735605248
313199623
725269025144619008
2669653330
2212485620
1384017114
2719244173
299543588
252565001
126970118
253550542
216654360
3154269976
712259639866486784
3025368046
577023890
131989358
1116674660
354305408
801974236315340805
445567589
150608013
241602781
2938095405
4833429358
771607371936215041
411018458
753351020265218048
61046134
1667419908
554333061
443775053
779265942165544960
303810430
780342597458034692
796097962384433153
429203153
2873683379
497382403
425686235
4860336394
2495079298
2319542538
216281928
3298098616
4427473216
53059344
299780153
2774751706
1241030965
116470630
2814619524
2826544688
473772424
41361889
2199795114
870218785
473072448
492103152
1216455108
16112979
2349060598
743853432793079808
369749865
369728921
293643903
1229273522
1580199242
558661103
219005924
4905992363
800750620818800640
611617045
2895110417
1076649404
1525830470
3246313708
108958320
731252371226042369
48996987
56819005
721280877121138688
3335316244
776479770502651904
706097800040357889
397346687
2466369240
1192994562
1071485604
4251035097
2450147531
751725458631327744
133485233
466494379
2973508025
134440982
2816450251
2316972126
3410104307
1285648478
2940240305
1497919640
761303645518499840
709390501649186816
438849246
706060433363435520
3063964024
603531704
240389081
418709964
59200159
2517909115
4058624363
752858490985734144
474941612
258758131
315787968
285745764
137656374
3226558563
776453763624214528
257398221
57060570
369014375
1068918859
582904239
3431319455
172382368
2675356905
2874858882
145561037
1019585222
20515207
720617956540026881
1150658946
2791075913
539341789
834267554
2190622501
2410911599
134206590
1482397633
536451917
3345161205
2922966989
3346548844
1229121186
955733516
2460919525
1228391671
40695219
1064261450
2224962167
1011372067
799504971502944257
1247142956
528699157
791781135047127040
1341462944
203005397
541171533
556818121
3881560054
946023379
932478324
1854556328
1933850857
560401416
503452485
714002059
81656841
2885630548
2980016638
488785798
107057461
357074444
2591060556
595267886
2414269818
18721974
951368623
3064138162
26295447
559883501
794287344715235328
781114803465191424
299551316
22834067
885406213
564693328
304005346
1871088685
798086349316378624
1247343212
306438236
2723369673
2906181117
425387616
1095548834
870445994
788796021153337344
727758699587092480
429910422
731873041983115264
4414946656
466358678
133240508
3005727892
479698567
2640520959
543546376
799313616302440449
949372327
8672382
890802684
2804808647
240401072
293739484
3034643483
773155625127796737
4372999402
2386835695
377374276
195701841
979190329
2833760769
134554873
3088789403
2400285224
3155712406
838485198
719961865317715969
2981473816
319782293
2423095641
9808092
385088302
1171310611
1099059128
1712830392
40006630
477569509
802052868119416832
1187171011
375324341
700841898
901918932
58868395
285012814
4928491697
2392285089
396691435
492121189
205694039
799587629977190401
264858209
2262040708
94529815
221902171
103334447
225811646
106724705
2767985158
396698099
518944270
739927804427575296
22757909
465693092
1355024335
1035803582
2913833871
822200874
1006044900
49261294
132281409
821799522
72941679
407062660
2847984473
3018290121
978557845
417461282
944606934
1315379233
444716468
1194825259
340972113
22659500
771257014240489472
323846215
343306128
109960399
472185426
110407655
1065238962
802293571693019136
2482396225
3238508633
705801203687530496
152673484
574185238
2884254329
3293750699
2244030673
296536037
765113425882218497
442324308
261757783
2881464153
1172741958
732206617341595650
2859396261
791287209508933632
3291291190
4273349056
4869095007
2754543846
726428495413387265
123712076
422724635
187491410
1890326197
2900789860
3165917453
303774933
614400280
2352343378
770611373713854464
2960680120
4885903612
386087766
701388779114930177
246522096
288229813
173389528
3064824634
423024537
2742178024
1175727986
801867970603601920
244443250
803909156595974144
714364362320912385
1960868090
2501851306
443613583
957611622
2528310757
775636532
802664860744089601
458632561
4174063036
1104665330
466374664
740204367400337408
420644527
784398418949074944
1672302936
726543135136964608
2221404476
788739391908970496
2845018504
573648634
2341987590
234329462
484850334
4160599461
1372461787
4184406562
795235929472516096
487099777
2855036206
629334187
139870805
548688275
721463115955748865
390753281
3041758444
260317931
4685548933
981343717
2385584221
3227318753
2456227901
559609344
388284615
27880740
477757835
1007334655
429974408
41544005
491327107
803502325029605376
736806615609937920
723010411063349248
769167220396220416
4415027475
247209095
384437761
1077736116
2199379837
1186603358
63126601
4657568061
3043617377
563558852
3169965514
2365011298
1086442256
2471307470
391661534
471428838
799219281451958272
469396491
852301178
801700087525216256
2978233996
16307913
553684583
452953533
63123584
2376465507
548714946
798918553462337536
1070392579
177942819
522116554
2422131402
45094324
788734452528717824
398032197
1929781434
733695386846662657
435285639
462829190
1218936162
382539264
1919132101
1680697170
451148670
3764059997
3629322863
1266649207
131849009
4646366962
863020105
782501678461358080
1603537111
490598678
3399841755
1871503172
2218143675
868360100
970095434
871317662
55045274
3347777716
386433700
794234183128322049
2173027221
795564464829595648
1579500278
383888615
1582784514
305255857
472149764
710311520
593709833
748056440481394688
420419717
613766004
506200939
784398647471595520
93209808
1277311314
3434631431
1014091514
773054104549593089
331136187
394021004
558032072
832829629
575451587
1063299554
2825355747
403544693
3305939879
471971193
356397156
169393661
352304658
238641512
28311464
3299546625
2435916027
1475936965
564148431
1664604020
150993426
372433086
209007993
706086896275955712
312217465
1003998769
461019019
748041847264710656
1283811182
415423066
803169294389510144
191869585
140966820
803115076672700418
112474043
1068681522
1088675498
2330564455
496258522
2923022765
118978778
1511107916
1119822385
953542285
724617007379931137
618138331
1063009350
481368611
1061905068
3032272127
477543705
55038103
351555225
2820700834
757415958
1160278561
2338483821
483384295
2872332023
3065958947
1020102560
1201691502
473021625
2938235393
1055808912
591386247
537290044
2211388062
1221719288
3107574627
161740961
233955771
417767903
3235420653
976243140
2420183036
405792460
773490325776134145
1943087478
348141611
481409710
3003737465
780004838604173312
1022288858
2221318495
221026693
356975403
2322236449
892707241
2800186939
2978019477
742027791990968320
353732760
342077520
1219056841
1594040222
2209975810
475325454
90139268
4927335563
2795593730
561473002
2386014801
895702736
356182393
3399075250
409090466
704614221192044544
4039568062
745330568590659584
50233016
537353861
791583592799404032
2352305154
49968874
1176499273
2490158805
577236541
1068928062
1006905228
3186952517
3435602351
284448107
603770814
993658128
6067292
368485266
735765372293382144
409089494
32982389
791628536557793280
2821597763
2435638248
757477214690697217
2207172466
778321813
334777310
56111212
603320014
2228813671
787276284246290432
789870840
813501954
202166644
521674910
4105236988
229298725
704462391938052096
206180236
264753679
3197562329
476053480
501225684
388480192
3390886840
1370308218
3395095977
4024562895
419316234
3187555726
995283966
3433856577
76769340
2839533015
2903656685
3384511240
2629227623
798416925466521601
396459358
404088514
189676947
1227624775
281884852
82902889
487403439
97240151
2611313426
2331802006
1249365224
2339947944
603486900
456894487
1487351570
2562814182
725066954394980353
257665435
2305217011
2743096169
3138188655
466001142
728969931853828097
806546406
788458787032170496
4437690677
429928689
365932392
3081602615
2525599681
14638233
498145030
730034081698877443
601700840
2228748954
715284283749974016
2180427250
2397844595
1556455656
230254846
423531049
4054106297
595878183
2221319742
595354243
978937369
131450639
29478533
1034473320
479810905
2858430935
2380531864
405443137
1068702612
382639791
743514238493278208
799340178854866944
2434254386
2301029686
1015943185
2320769211
702432335078285312
2837751261
2865435733
1553409380
795600271762198528
397874065
97699315
829417766
168043894
991096194
469750828
4474043243
252676505
370345381
412410683
30248306
378621183
113667004
419861596
774166047830061056
776366037566623745
1070732071
1425076423
574072662
722550098278879232
1295555042
748154038370377728
24252705
35740848
456782206
558020613
354901534
2717484025
247155813
2986885877
486787100
3421640121
17062107
577936933
2315349157
1913892218
1392039763
426640529
404961989
331763256
457889747
1904885862
267446195
500001834
532463016
434839840
1248044209
742048419208925184
41480658
196171265
781377673
2650978150
422858171
61765111
4863618933
607226144
3138893175
789866400332611584
130273357
431916167
423349502
4888820951
549605964
432374589
4103471667
3049633374
334768369
1382206622
2191680460
3121940993
725773249846599681
1909146774
447439107
2937388577
2895469174
84046970
802320974
525853329
4775882567
523314125
3166034463
1640766590
740302141676523520
1344131071
565658427
976652664
4701923905
3054231435
2508927513
252661420
2724131603
4548508636
2945491781
14108472
890891564
4781710275
3359085957
1066344667
1063332403
334388390
615369614
326451864
21455190
16314502
731480135505969152
3296304233
39454080
469502626
36047644
441651345
3049129313
318549168
3070135450
253571297
18476734
4106012295
2351364017
2193007701
1111268454
43703232
436602508
117701249
3677974647
4867636829
145238837
4664853389
164630659
720232920653434883
1358611800
732642010633474048
410735674
3387135933
722067507679535104
394305101
484648514
213616021
1725558426
475234937
526915612
515474269
3216517384
1488338479
299535779
2876484350
3367845131
2898075617
1289664930
2614952764
2631427167
2714500212
422607723
539865019
1426083355
4075384109
953332236
2719760326
802225040
1372497578
114268888
2350321508
2311558334
32545774
2791515574
3101946463
39240661
2359694207
2975144398
1264214780
2594365060
910294460
2205598141
3380255259
132303430
2389180814
503303414
1267591759
2200075155
3072009003
2751862871
59073202
1009243501
3332411590
2986141805
164213527
38693336
772766178313904129
89412025
784801242199490560
2382128702
225490204
415135980
405451598
899672546
220308940
2708544953
510652108
273885892
604293321
221767233
75882285
391954792
3350684301
1930820899
419285776
322540485
2359426044
855213282
1276570771
266700017
19592755
914050591
467659856
306180757
1905601525
1017310213
2328471661
299040343
702750694
514604251
2997506451
3781434735
3661485195
226532072
488768033
430995535
1384894520
401687825
791200692803366912
3207310307
1119430706
110190828
2625445767
164272724
2241274927
495419596
365973612
87136437
396756630
28724819
1377373874
1086972710
786132636473319424
50355444
2592816870
22129679
2267787658
766601799155449857
45176195
706596340306984961
714376418055073793
503199826
448933522
116439174
2803289796
23301182
763353589347672064
2350203541
434180931
1377932563
962612156
2948897212
181907487
1341254522
1334417106
326144852
2634373528
2371533117
618148740
132811097
1067802307
431157210
794118522901299202
451991982
803371786993893376
1264774998
413217587
964906940
406580561
493493351
2302778172
283215401
4470002068
3334148349
1887067255
757173570783043585
211226743
798072438445772801
377430097
532499775
716296157501251584
472689582
136343557
474997578
436833006
1471608194
2398143679
438418495
361960565
341335638
826963154
334238732
1249848746
17734126
252472868
1849326181
460297979
2791795096
336442306
2850169402
2221331347
2304599724
2192692641
2874163817
773161248099803137
4069173009
3298850979
2330865256
989695621
1030985215
342588019
60577301
768783082736455680
538152625
58016005
61470955
417778429
142227794
2266647094
422502823
3291092002
2476155712
1250116818
792003256788611072
2212226706
51522357
764073381532753920
2973189238
389386670
46361600
973884006
567159863
404550647
2858721511
847963362
914026926
1057930387
396218442
4864664511
3197297225
725708427696181248
793787716727140353
4883029437
363542054
479677859
2355253204
2668627297
248145175
804354408
728192491929927680
1015433946
904244798
1956425606
1681786022
181318754
170781140
254607958
728107134714437633
995411196
537300588
595882332
2941989598
326226399
2396523013
743039255472164865
1470706141
780354047131979776
79279200
3293573594
1476718243
2974902359
56487920
131846946
3613181357
327406661
2527690677
448039159
212019576
783287015865511937
533073973
2484439702
706005164
2867200594
4882825911
220806987
486274892
49285071
3322548533
2155070496
288718876
457547376
4845999597
2317495928
932393936
471463027
335544532
396835736
2792238116
272940016
2825034274
4791885441
166161984
435206684
469267629
801314293031510017
173925687
394729845
766471224
163793190
400946488
390721955
248140300
2153812941
708587318786007040
779271293359325184
61032141
3033238948
2822957753
802150000440569857
100303468
491284250
115029557
2921447206
539157045
709396907412615168
366252148
4350748833
392656492
983253218
2344799433
189265027
202256562
590813398
481304796
745595735966613504
609501906
742698912839041024
778693643976581120
602802570
2612652422
257709473
3043362960
1724559264
735980645273489408
1350411
2451545234
460611317
47963163
389436565
1000366015
112805407
30631198
149060372
209228950
144585161
427739095
770500091773845504
1052908075
3392159079
373528809
123589310
633842141
1693164817
2310410500
46612370
2363684405
217513723
2940585718
3028306714
331886813
453851050
1034710201
523370083
456984448
946620907
1231624994
837370934
414926221
431084648
491318883
1314087421
1294265473
15712835
2638214938
1399394359
1562890188
586429781
801741532218925056
775299421705732097
3016707491
456677700
419626195
755720283445661696
3166156053
235323455
3330461728
3874001362
2841136744
416269140
899952481
484283827
3201928624
746278399056969728
1225509780
408503503
2251958424
599147815
763785605713199105
3852803728
768341665862082560
1088498461
22495498
702128508835860480
145267280
372280583
2372023345
429565076
2942054782
433754193
3024020530
187419451
944659129
194196738
1121935962
2811414913
801081193315835904
411406380
258562609
771042114188742656
1379009540
423726669
734163322950582276
372937945
403299956
706057101
17053149
1337403674
1003659794
196111778
793805935609339904
3806382809
2515144546
489540781
152179876
352286129
2973337469
517611091
2872974977
1479816176
2416068015
397444524
710245497194323969
109578008
67283912
2417673871
3320655053
3083483560
3011035791
232559332
964460408
724477963
362432939
381419274
3654961996
2442517233
110439086
604477428
2538706456
154924260
18560683
430743919
2869471262
236333273
2577527823
377272505
1063955917
250649897
41893618
407777608
1294725276
745689833331359745
248142160
781520339780116480
419739649
36125471
134799784
50755916
2437403432
2995507655
477187357
93707333
2764299866
2386237696
2359448190
3345251087
495386998
32624061
591983888
797805269539520512
756897730069405696
2878015269
780796439353962496
1448008590
54225347
4439231793
1021541239
4901869978
1862079170
801919542230470656
1101446990
1433919019
1078134512
2234822984
424355891
733566498
28355287
624543149
556978533
4860759339
8266162
707302113093799936
1041994945
481227308
790269417603162118
1876212612
471859605
1562681005
989797758
627550484
291019658
126000118
575418498
281104969
1041640260
347296989
1630204784
3244671317
803886566301175808
3226068767
2261595209
16824428
472966889
483028649
625000187
2354695262
58033969
602216944
3020649220
725664950
360518583
1637600173
428169348
88725905
440691898
471211037
2508896446
501706273
3048324111
178155347
2253510097
393342562
1352301782
180317088
1262157433
3630722294
3310422237
283636579
418758587
229089974
795585541
790264879735304193
423732690
993135720
858003427
738604906114748417
300763581
870169790
1190157246
2234366108
945407058
714415509790400512
38032906
3377428947
3252980355
464516274
4738062017
2948729416
471328170
2364513843
958322611
2427311741
325127006
307960634
325998469
594409446
4919338605
3792736767
408738224
552711664
1412896242
1562752760
738092501853216768
97230100
762749251088678913
438281116
341048101
398617489
329937650
3087139251
210501383
2569507486
464538447
4186758514
496437886
48090650
1045330356
3555782356
783427641298808832
96355801
1157534816
3312303309
798570804086763524
489437535
2740845106
409444860
627128494
4092809355
513144334
2207285738
710162008180662272
796334964342194178
800665008384315392
754593317313216512
427673107
3458047347
991893961
760795645871583232
367391294
1972687604
470349216
754957121201004544
2904990087
459657997
399508912
2396075075
4858527059
3291493733
2356846439
2767422555
792494732
3405634973
521337019
774596984997117952
419544191
803474330277576704
770279483609849856
127532707
1903628389
3244676116
38573759
120846773
1492509740
949949402
385904680
5440232
786541347750588419
4705505042
754269659998855168
4714030515
538302788
69532732
2729520336
147543162
2281381593
580422411
2569072195
2445286363
673203
1070413645
1942284877
115706591
383922811
789571062845571072
1405186506
2243103750
22616851
2865677793
2242100015
1406267430
472175554
2904311573
100453216
1154856690
3971921128
1171488392
435148896
2186626514
2755001196
772074670208221184
590756317
508680506
470081458
3075063987
1076119734
2737983467
3049334202
790584598816256000
148787137
121160830
47606468
4733150242
1908263497
272382855
251663248
81318149
86396588
810711224
186977143
88689757
56674519
1259041459
2360749273
81099715
2909491005
720714143280545793
604249475
3313351684
1327701390
785089989692493824
82138891
2382604415
791764138498387968
4845010499
785445474291638272
2479620311
2276701689
3043905536
1230470216
69565598
107246102
386189180
801846201578586112
471987010
939663067
75155781
481929883
2492225128
464675744
823400821
28954941
367090986
9522032
745226947828027392
803591105413545984
732136568421556224
22005584
2517301839
254969508
544270231
3168011729
2282008813
718386886172110848
4579125253
781834809408651264
3309946937
512049031
1367363988
4702970784
417101186
697447492112269312
767449120718061568
1065387764
2658993140
224940210
753935465712087040
3152326126
3201433623
1183242804
430033435
2611778665
1179711277
2233113344
428305866
413786539
717786945624154117
2361360169
1082505781
1316440566
551962283
803269530147553280
2190405945
1327639712
399428387
1717274785
2865546393
2351850546
191473946
2223966992
79155963
1337288432
4133217027
148556286
858249276
1372596200
1249983906
2273700867
365065358
707184555887861760
1172313152
3639353537
12069882
1852811395
515410436
554257940
117758336
1063230986
843237384
581185063
3034201259
1848219511
1434038420
144116076
3031188244
331684462
725059657295912962
4472007209
52777649
14060262
762727876286410752
467439918
146738509
1151698543
337185218
585968039
3389194037
498871656
75502517
706570580
4038670067
799992773298520064
1880747821
788740635952050176
1292021606
451428588
769636951104360448
225105585
525733847
795271477901791232
428515597
435136836
47585054
3046529709
1004973133
138364373
728594389824622593
80200885
128978964
558089202
1675230540
398710212
702592567830028291
947954232
724303327077502976
169939494
2447574735
12514212
1958200020
2527780688
1161058597
1164336541
1155119443
2922945611
1080030872
1379254362
776003975921401862
2404016685
22900344
379726678
803869420271628288
740973386499825664
416422287
76615199
290093767
101445331
742343719207227392
101014254
1084193910
250588334
2808346126
705813420973621248
533552599
389516614
183158267
2341083257
2331085157
190624049
4797073893
86997587
323889720
736745744
160471953
712303381574975488
61177217
788719661391159296
592688115
72253054
342681065
4805642373
721338196639014912
1025054731
304598010
545384133
803884627400282112
803910342061490177
40985455
56959678
612067046
539343953
488339106
778900450812764160
2355945550
936708194
2821520249
52344772
38405320
772569713268359169
514714806
14966017
718399714325094400
1355366514
2463100707
748385951521595392
462336529
480612566
318294517
325760306
132662640
489722273
297745811
1566553698
313331114
526765918
974830003
2998377094
72009402
2289505911
1926958856
1638026958
2240836459
2296153657
754694678314901504
9584192
627332001
2644998883
2351775654
339672122
266667380
470257543
3145614550
2827734168
1068648510
1059528432
465337259
985135417
336835921
3019669299
514237368
2305531562
395548966
74157617
418918882
2278995820
2322947462
2375661338
413203150
721148434
1707513894
4796018405
8430272
705852604807581696
3019772284
522122019
767679162584854528
888531398
785913407803428865
602094087
526622783
22009205
3385105642
779306269190553601
84300444
13727692
88014506
3347451616
801845830483382272
373784603
717452216840429569
1049923886
796720508427452416
1264930363
613917828
304669777
186399539
1871797381
961283478
409352382
370278925
2376999684
753700981
2192231341
515310308
3197165667
428243916
788509551716859904
44206038
2937209879
711833597980835840
161450764
399004979
283107590
2229049953
888296226
263037408
128948359
1105814539
3072811918
1451746304
305480329
399964269
3012818477
129117661
282114224
156316785
2951313046
29556279
499085030
588275518
2492097985
3118963961
428601367
775301877512675328
1410209468
282545544
799754734315782144
1028662526
763274024675897344
2315738313
845313296
982628515
800699105118810112
280242927
14460250
245051615
490602212
865077301
361341817
336091189
3377613693
468454344
2772829228
740477506164297732
472014480
104446922
14210532
2845429815
466383201
836271002
526837239
96350254
544700808
747013354116489217
1194951343
747451360715616257
2734867583
1647790712
2164878096
3063216130
91820766
121424128
2436608759
1601063588
1326332772
775294620259483648
789480289944866817
1351750926
110218135
1929877436
796340446221963264
789012950585643008
290597561
723094218734862336
1375651812
1843782967
3930597082
2336820800
773074386
1146147427
2280648054
364452238
792427445232214016
715597025404968960
1055140058
1161191406
2776380137
197056224
1127685474
2400560849
2215404901
3480199816
1880399689
260408682
743437317130575874
585999327
4299066556
945483500
2925397426
142444312
381440559
717100825026379777
418236949
1166877775
1032404179
3053183649
733330743800258560
2800729570
238990492
2567298888
4273172801
4155844545
551331260
756085177709916161
729261198391259137
2584361935
783307585206222848
483258299
332840450
43282628
1017508194
1948986380
2810679525
72119746
2959917485
1978729974
303451363
91380029
770594211758534656
726150285870157824
942307356
2311916317
411614013
2540926930
2209268871
23823353
1026948296
1539421987
20430345
98149280
4806536835
1715437566
1464235538
2174691850
4909543941
593547387
4196215025
2479999514
7435572
418662548
743041027712405504
486456375
389473754
2504881172
801534625017450496
398611235
1429916701
186388096
1258981104
96987099
757875200050470912
262539190
901626978
2560083548
2565885655
799232527
1858061390
435810111
757870675482800128
619798896
2925163426
2392944265
586398719
219406236
397507930
777565323344113664
2489764008
2400484641
414646088
1299394213
735788453737041921
2995908064
1369176474
419951447
145351696
45199793
434379062
592520341
914256042
1220896010
46120689
1042252711
444515250
385890505
2497086351
49044510
2994896470
1545029150
750732259108487168
777855788882812928
4446307913
955314738
1642833512
4133259777
865360170
766644219930873860
248143211
2298886449
10438412
369400294
14128105
2346832778
2375216695
2819021613
242306600
3310852186
92973348
746943549661450240
2409152520
889235600
872652049
3022820703
786909552906268672
371865254
391241388
407636372
57282569
2416044272
2359541056
1363738694
3357308483
2268685606
316374588
3320495819
2541569407
1392080886
63388759
2435906219
3404776456
518637482
2373624002
460161518
4130639901
782137993649848320
723258299483885568
317188499
274014643
1068056972
101212019
56341776
4483480636
358143005
2635714649
1331128747
3664503135
81315998
2290036284
329299177
770967421540761600
955521362
262100774
1166637379
215899420
430437851
298532531
1376818658
3745800203
791363997505359872
2424988655
955568864
565500674
2347290581
2563503384
45960215
2482305961
234390068
2201641540
831827472
731733318157373442
505745312
1238996869
566361704
1264043076
2337395271
147343659
1188924241
2861099262
454173647
42295123
430169858
3297601040
803266483816112128
1831592647
224594895
2271564014
4578456569
1160212783
534655010
1580176014
3543518537
3121456870
1115263734
13294452
545978235
1041804853
323449293
142407091
3395984483
3144136294
4188671596
791713072549335040
319885436
4112673143
479645953
4188419789
361809583
752420126981517312
4260050973
32469851
708773624
377619841
493239048
192353315
3542464695
744961229853167616
955821968
3164390831
2285114260
1121521046
569820566
725949864
3117770661
2597273655
1510780328
293750330
1125816168
2687036433
1705500134
13159862
2951739670
2387987256
353640576
4105925825
570833587
1132467116
705451641
3346430393
136686643
3036835001
2340552066
424142793
3332448431
16594261
1156611540
461962554
634629867
763658919042551808
2353301002
1565672671
29411886
717334646405611525
762658396881428482
79385667
1374923707
491225607
4227664641
295799719
3372717964
433435963
50590345
596634369
4594810093
483809978
249723261
3364379494
52549356
2354818038
783613594810351616
484982241
1461433142
4775464589
2375316746
344954159
3031516836
3350423657
470917159
788472720036073472
3094278383
423290810
1368048013
730673331851132928
2154746892
2318485496
902140578
418028983
548247476
749570773321474048
509098508
797171468002033664
527516661
547050389
454883271
472869908
406453295
762326924
4098447160
3568595656
84875263
2217330908
2324049793
185547132
245328223
2686321421
3338622107
91348491
786276460080209920
402821533
325165914
738956376903405568
736915646773100544
3979935923
529561745
1726668865
19647604
2788765798
2732314444
280068726
789737150753435648
985080900
15191260
3084541967
524224872
460176241
762186331011375104
2328923415
721303651575341057
1017749708
1322710969
734197338596618240
1011151154
758323644854599682
1711937208
707605903328075777
4575887902
4835282529
24866247
490373717
713149162209017856
47161489
480531196
773146998648307712
849988268
4868655040
1280347904
62019002
477654724
790878167783370752
329963766
2985859289
1062583370
21293399
4192474587
87467449
588587293
592647058
627749758
540895773
368929485
3404259215
614962997
1365046711
463748796
4147056975
272941891
778647667039690752
3322620622
2943733317
720515573
744819568909029377
1229651126
521564908
2148135826
1337343271
35804051
2878091469
3236330173
310183103
756480048958406656
2538895314
1148226661
379030927
4187567045
312963871
396564186
405869845
310195119
1066657957
277665560
3176594760
799653873338224640
490725675
3124013698
227507782
803628976593772544
96233686
73085144
493854798
718137526783967233
429009401
781034881073684480
380351968
248137375
912659479
141529750
168796358
986828390
377660882
725592726025154562
551849106
384340494
4359734896
2588802520
2374166250
396216950
2775753903
267819814
8407812
3825308554
131486969
4089359207
3381325839
3860196976
3256271740
1517691259
2986513055
2319777925
3009155722
529402617
3305521049
3771913815
485985971
862701492
2889852755
96368478
3094312457
602574015
431987028
783020674952626176
151390694
772477797210161152
4873807691
1328476232
188043254
751720869278445568
763844678005432320
2354462598
319271486
123903173
1409736301
1580100704
743109926759829505
2987000517
1014870637
464556427
418814614
590188450
1871175972
453964141
420194671
427794432
1361634884
106699882
1310353159
791302394864959488
526868649
25975653
204701915
269425726
2745157399
485634584
908380926
404048864
3195775203
535447658
776116078124687360
2275495767
62973851
760749655554744320
991498111
2953019709
2330870210
3236461487
602182097
906442878
1040332778
483352788
752800121138581504
715543732217626624
1346566790
343442484
441643347
248146860
486759593
1367235362
1030716133
403430248
713628144545230848
704249890793193472
752010888
1581655399
452082534
518077571
796795293316612097
519519154
402803669
484665449
270839361
3130801499
594364753
729981130007531520
2180831464
369200086
764140480775020544
2511976193
77889072
708302967234039809
2373588490
1080972302
317117163
7200472
1635629162
76616277
1427233322
949414074
709356879093358593
1150375867
281358271
443344809
941567396
2168052871
443832737
1021660854
788723015089524736
1301064319
773507831890845696
2784216706
1419010075
3077650311
800370508793417728
1091717713
291645099
795413094306578432
736363884815212544
878503224
368935338
77737902
741592495155478528
2342688345
1314728936
717894055405961216
465390684
4633772304
2545730562
7912442
384214851
1430162268
1339993381
722053268587855872
51752772
2163487923
821204528
113092215
256444181
115034368
1385223960
507639440
546255035
68362418
778523278830862336
428915501
792729282544013312
89212874
3169603576
313514631
1142481625
3117872572
586037920
83622909
408246656
393352465
303873878
1688883962
795327852870778880
877839043
2189190782
408370356
1137449617
3217797526
3165299303
4031130172
789228796008333312
317680130
844743386
591758075
367692964
979023937
40851070
1566803234
4197183543
3102288245
1025143716
729294897891676161
846973561
2667407360
747327834494898176
402997564
366235360
1083273792
746053497750228993
1472290938
300386004
4743531021
109962743
1037995544
898256695
418789148
2190019526
477025365
1586905838
13514762
145979928
746759531045195780
140943542
2778061603
429847277
424153335
355193943
788368573471293445
1378987628
2921948057
1362473617
1597871846
147371974
1300356919
1536031052
64144248
36624443
2300311050
121451902
2601914321
1277668488
730087390719713281
785193802352955392
949565683
561338710
1343245195
1102216892
341605090
1370605363
13812612
498050516
431822373
698805851751108609
1171761254
490641679
1116671611
383901382
2206299803
1054666776
703511639
2204460909
479551600
446903999
2609794984
799642016888012800
169958761
1085455423
2450265194
446090752
16377508
498950135
1474185410
70951142
484710448
398832307
713737407636586496
781174832130093056
821776178
792731002900709376
1586159210
855180290
772498157636820993
2682997773
2555242896
53139843
1732490672
388718346
158813892
76634165
734725512950603776
706561823605202944
2480728985
2832335447
62448239
714382420
3011800271
930194618
2866250985
779066811941781504
724438831
749984254923243525
40701365
4773966268
1364214068
294482809
382024852
3351913779
415618260
526240914
445414490
281966090
354780310
1053096115
4221550048
802503264080199680
2960217431
2451846485
299897209
619178676
183283202
2429092036
483368442
872579222
1308112182
2350521307
1566023431
700592900544053248
122016493
3907053811
454050209
2951279819
3230974558
795912820592410625
585397603
1665968257
746004773753724928
478647183
16627700
3457705635
1635582812
1220072246
4702133172
1171486081
423372441
2318932138
284706444
2353976618
550084298
497763567
802176344515866624
776734605353291776
1450171
3601765336
801860821257191424
112741355
634912538
435575179
84130259
541112195
783740138660700160
763094873473945604
4069160140
2719001525
97526668
78971533
1005609122
481359440
84874030
2550130319
263702718
749593867
3545192475
43503218
2221331701
4381795217
315428267
49654941
1691920314
220603109
727770559107485696
97220033
22901191
386732636
42478291
555309932
585436880
77207264
2279399816
612374141
317769975
1190659814
2990123956
2574266145
2359746495
479750594
4747267396
230749847
854310253
317628440
2589277552
18935802
98131755
734839351
392008215
466582888
1412500075
1218862927
395277526
426716463
2226755805
493164077
904225238
164636499
3445916417
702417430677753856
1094933798
606592795
1089615589
493054513
1201274174
714555676417265664
2873157276
430811207
441851951
172170794
1394582718
834021516
3385590159
545448505
3347934334
1005025986
838223696
415930351
471232887
95630884
483304367
3419529063
133267422
1016109914
4003940735
389104963
2546560394
781930651528392704
437559979
4405998622
232908749
510611092
2369214387
1449586740
2725223452
1236246583
2851304413
4773242133
1036719990
3394106926
29416653
2396793506
421973725
722086969094905864
504980671
3527260401
2993021697
614407423
1389403092
3036587481
782482968581378049
1858960344
2159523644
708832844995555328
705029912265097218
50584579
1086395671
17211295
775000178558431233
1857838688
2405149593
274915400
1159915009
711625556509511681
2190915769
528846336
702597457490927616
749486426543288320
469273038
45095424
108262067
2999484970
960924277
150725695
719640403591434240
1885969158
2429025175
2346440818
431916684
734381796
423435597
389430038
2413327976
4228909960
2278888628
724573957781856256
235639028
33501253
713852625867960320
2432208854
634892475
1145911274
288151881
402976667
871793340
1222000628
168732280
405498561
2377259598
395993825
796061968486502400
142411196
725728464268066817
278210313
763963049896095746
31791814
2327342227
2862461084
775632857993797633
4060369233
785763689345363968
4339037296
2468035339
332885533
3010138109
514395905
1690321208
2929169337
230849160
3437538514
466680328
114332714
406820061
418175268
798504344178003968
4913717650
1005966932
484111651
3557409569
2806208458
1368738852
2647766302
2436755911
2623809318
1140264841
125851628
216722162
308401253
2900782241
1106230255
22609411
246379326
88017073
874365966
2588246800
801712182744514560
2886915633
340803178
396743688
2527788012
53200070
418210914
1230788334
2958702779
2616680851
593519995
2361394675
868692835
2785214645
1084072584
212145625
3047714690
285099275
25676606
1101913508
1697331835
318414872
2282469222
1368793633
372178559
409448246
598279585
3221453063
