331105395
1696619809
1367265864
762284905145438210
533329366
380526746
13382082
2597512767
409605782
2333218958
1011859734
4842610353
281104969
3094969685
489546240
757989565600858112
700397967262556162
396841926
496211634
68689180
2789236959
1384264394
3152228475
2480352662
1946489059
384444944
422340734
326854012
1009689127
97773643
1262007300
2228600094
2437647053
2261595209
215374702
1122091063
204395937
1540142966
628183914
452858854
625000187
53053554
602216944
210376076
44578781
1452224784
86197337
360518583
381544806
1197078822
728695134
4461906317
800698016768233472
344753854
2249068752
1923984086
440691898
708270672817082369
2984502441
1199579786
773200264635490304
777543896519892992
22015813
495090591
753748221315473408
74707629
951890166
708527089
752617406191767552
4891433775
81622960
797773134669680640
499128183
615152166
261910864
412171975
309933569
192258181
1070320532
1487727384
428262591
180317088
728807104790794240
2231871937
398618779
1573078681
3310422237
1307016348
589997252
519389973
279198457
701425649169338368
2336431904
791269727830237184
2150969605
3433378229
751315632134717440
3427709602
88203349
2353177690
454048091
423732690
2872502326
452010658
255220545
136673570
300763581
382590107
487630885
3301496026
457775543
742029848982491136
756108398974951425
4772904255
945407058
1557730285
184881757
3727387875
50346361
1176618985
3377428947
133461180
1583259805
775959412087193600
712035142508945408
3126510327
778468643008950272
1014884664
3109698387
439883787
4340457033
133241974
1039048494
567391977
1024520136
958322611
3115484254
1032573726
428311657
584529887
3292850147
2170742693
416922961
2744358657
4069821075
70093849
3055103145
471836919
709479074029240320
76383375
552711664
1412896242
1562752760
2447246306
539942362
1368863274
3335064958
2178600592
801348354760474624
3147597048
4895277075
2351660264
3355724674
394598844
389677492
2798103882
802249485325922305
2380463039
397199507
4186758514
496437886
203827028
1513455144
423280813
427326829
282624338
3555782356
790540888237830144
767772101503836161
2990106417
186221116
371749840
398609882
577362844
759133067500019712
4256715496
728682515603542016
4092809355
513144334
2207285738
191488665
796334964342194178
2376897325
432684974
449280374
634575700
1227799914
1848967950
800665008384315392
771960223309426688
1623140270
3458047347
989346433
397593095
1698522818
94562956
443198044
3288467218
803561426208063492
4792934663
700397826824654848
139765259
1015870262
4871860863
2376999356
795412198466195469
461867800
325473654
418762191
1362230798
4534673776
463969453
4888364871
252580188
4868432043
785767683325394944
242922585
55286165
193093990
2756338107
534338579
1467415374
796442684940427266
521337019
3405634973
1709866242
582622919
42583638
4827366741
3244676116
1907033220
25110317
3017823748
345037144
1492509740
786541347750588419
420254187
436640636
1044907412
4705505042
602903174
355465240
754269659998855168
4714030515
4772785649
1012822723
2729520336
147543162
2281381593
293634665
580422411
520377638
2400349604
3957645843
1478297786
3290984981
3047287645
590296051
3081135833
2243103750
137791432
462113829
723777820309217280
410808584
428261286
3294901019
1381974631
1331086867
1251324499
373908687
3430176939
2402581961
2310261690
2293440428
515657617
4266188127
1154265726
1086641828
854600858
1676734230
2497163614
561823534
2363886035
518934318
2243105962
1852433868
995341382
745916794100125696
746325002627190784
2186626514
772074670208221184
884891647
3239016405
425257616
375088326
750292500364009472
709291269135187968
1076119734
96220057
801532114139250688
3313650268
790584598816256000
552941521
756071598730477570
2874455566
1139871650
573607391
766664451223330816
3085202518
81318149
56674519
363616037
761203827806789632
2370601775
2173172716
2192271144
1377887738
51361757
3155345943
2763483839
619306530
507777679
1727798580
3005296665
370223450
4182142288
4845010499
799776892664614912
4172823213
107810622
785445474291638272
702804480
729064394567651330
795584520024158208
2479620311
464045620
475127858
1145616823
4839081676
2276701689
1139704651
821719770
1075896037
803156673296732160
371781632
759349593859653632
364740628
2472017715
1967540029
22842432
1219977643
1283861509
64522965
1601362758
4854132653
345488835
60672327
2217600713
778195022973923329
493640854
1205594306
2549528592
798743088206319616
1163239069
434505068
481929883
3205107655
1229409494
3326316339
2394671973
2517301839
3169131753
3026099110
2282008813
3172262025
2319748337
718386886172110848
1320796586
3309946937
603543323
499227001
697447492112269312
396143318
3431703052
169054597
808852884
2658993140
48312239
224940210
488423574
711343781644255233
430033435
760755097882198016
731920891735605248
49318571
313199623
403270396
599807864
1179711277
1399215715
2212485620
457608453
2410447644
1050697136
432009958
1384017114
3306953649
2282351922
2386642032
126970118
216654360
2783770189
2361360169
2822217403
126741105
1425553855
2361641823
795963213724663808
327417226
708429391
434394574
1444422062
479530384
2322290576
1717274785
1116674660
1158164456
424252914
2865546393
2540965137
801974236315340805
701046240788803584
4133217027
523387439
4119726443
801457403808088064
4833429358
1100783203
3217711420
1269539851
1045188410
550061396
1037697188
2469570907
1065889440
2182403667
3324571887
2391369431
708210116303196160
895560445
1117905661
780342597458034692
2449822573
3000440278
553752390
480645077
2319542538
1076251369
485762114
231433929
409474239
711229634
38177107
337073996
270844902
2332571271
2774751706
2296173870
3034201259
228010525
1434038420
2509301951
2169027857
584086024
400393067
2257121711
2974477551
316393390
1104348871
1080423679
146738509
3179223957
478305030
51271311
595396304
2892694835
1179962942
1666144496
152671788
406877049
2340110677
3291324425
369728921
2292001289
3177211792
2772740636
2850037264
2594797000
1580199242
788740635952050176
616206373
2530314205
470917335
37611038
1002788786
2330261468
560447930
416165363
4920528677
2676887991
732223871529668609
435136836
507195444
400703537
2348272833
788859641082089473
222499457
80200885
393609755
2348140042
4883535952
4827636455
2459704421
2621271975
748103713995227136
484570274
2377659242
244869589
1870641289
361787988
23921022
499910613
3385886236
123235814
2527780688
1291556816
478026574
3648147982
1382274499
462764304
573977989
1071485604
579271577
1441091340
254957138
1045369358
1447215498
44159820
45514913
776003975921401862
554336117
1386808813
4927697577
766066296618414081
717268101
471117838
2448102733
290093767
2973508025
2816450251
801858993035612164
1927038746
1368152558
740270661147451392
614572996
351137105
1064357792
1084193910
2808346126
705813420973621248
3057893184
717965900062793729
421903161
1180392648
1636528548
617544283
761303645518499840
1120077589
457442858
168417198
1300646329
417962415
2927207759
2986947023
856718436
3063964024
2359496138
1082400372
418709964
778703906356330496
1433806334
79813277
4797073893
541527026
237392330
116871279
59200159
335385772
1215628212
449850313
517185905
397997207
386489421
2327133380
478949778
3143810488
592688115
72253054
342681065
719247245892259841
319822986
332921113
762290549168701440
1111297184
1128760278
1192672903
777531818933452804
3243909749
776702932523839489
1449796104
2360794731
778900450812764160
60283424
934476271
2355945550
4070811365
50597132
627845498
2675356905
2891246387
297971382
2874858882
863028571
2463100707
2304414910
1443295188
756820331331919872
742397759991480320
3128950269
485587951
2791075913
310907747
2767836851
202220952
733456147353640960
3192098591
1154197549
455722892
325760306
515350705
748252291959037952
750670310
225452143
408437002
141552396
1229121186
630961397
4119906531
313331114
2697659090
97071131
4297885697
3201052948
2289505911
1464208735
1228391671
264565063
4555440435
3213490474
6598872
1443322674
1007254188
1106947946
754694678314901504
2480796040
744500821337964544
74485176
708755015868006402
2224962167
1011372067
1853678790
782558833835147265
1028060143
2351775654
494245231
1065851646
1492135807
266667380
3038103838
1341462944
470257543
2954613465
548616993
1658559944
303365029
206330375
1059528432
4009855107
465337259
1157043744
3019669299
615969319
514237368
433694235
2715490961
996812454
276195384
1100813652
3432636791
207952142
789443113651699715
418918882
435064725
1167459253
776144281
309178760
1479114414
2888908630
897377131
744871559098146816
381611850
2278995820
801092954454683650
1367572112
306920440
799174229488963584
2593299788
289400495
755320994131247104
62275794
2921641162
445050879
437337751
309750549
3294587596
761637479141310464
432427502
599969384
4547668037
4603645649
721148434
4851423724
349749435
785773375385923584
595267886
2197175103
743080755467849728
3436666103
398848980
1280953482
2277815894
43957174
2343512623
2754675007
417800630
3091392485
1710955382
426094795
17439787
1911991346
1565597845
769427987754254336
888531398
752429886954930176
723203630917136384
2491534261
455937572
712407447219077122
1437778471
1360090130
1620754188
802530080639643648
2874742024
59292741
597926584
2835121973
4838445220
2270277205
581697530
24150879
2369854366
4919921847
3385105642
445889943
13727692
3067467537
2414256985
1119665262
2906181117
325692761
744620207365328897
409309523
863050874
784018784101212160
608366393
186399539
763416023458582528
1938496747
550588728
2774661425
2995947293
961283478
712940094
34272560
2446828928
3005727892
153700119
980910583
3870837869
438339383
2849577231
2469092594
949372327
499700281
72042051
585991438
126883491
2937209879
726711067750088704
161044379
854501780
1044932990
727840452150464512
490218504
486077820
1267294986
1492293990
750645206224076801
539997390
708278449270628352
716591970106417152
3034643483
305204306
522329714
4744618343
3241512717
326316197
524427275
412260592
4372999402
20432064
156316785
1598877840
803417358572421120
2833760769
322037405
963073442
134554873
1111225376
3046288851
421024001
2335615140
838485198
2817028622
75802704
319782293
970232540
775301877512675328
9808092
385088302
1410209468
2486332769
1712830392
40006630
4320259347
4081124067
752801595180670976
799754734315782144
297884272
2610299144
763274024675897344
2482432463
58868395
614579877
2347482439
356923000
3236058285
4919817923
783315138497642496
1162661400
1169430086
1274581027
712224248916480000
490602212
602824888
462779268
3448617916
2772829228
1222974884
961108988
2350743580
800433282433236992
799587629977190401
1420323073
2942209786
19392607
485044249
221902171
94529815
236739780
565676057
1531171376
800826550304313348
3394261233
261421785
3435397192
2466589783
850130671
501881606
721242552469479424
836271002
518944270
127025568
3946391800
440436024
229801419
747062212347461636
2738271195
1355024335
2913833871
1062799087
1661062764
799289013907681280
695753
2321258784
755102530527457280
1443706704
616029220
1194951343
234819447
2322998168
747451360715616257
557250105
1563173221
434752212
802183609822146560
631003668
462427721
3398561680
593582642
2647082770
2312169774
3063216130
592489826
22659500
793426944641597440
637292613
1499706972
121424128
2436608759
1505560448
926117844
775294620259483648
472185426
47698840
3049067538
2482396225
311475243
3238508633
789012950585643008
723094218734862336
3055322696
2344839862
1375651812
1843782967
150172108
2961784235
796321293452898304
732206617341595650
791287209508933632
44847173
4725196222
715597025404968960
532222780
1055140058
22188018
448300756
123712076
228030987
761787475
2508295280
742094210447335424
68239562
2900789860
435138644
2476119007
1471642706
45430000
215278944
3377125691
2400560849
411608254
9055772
3480199816
3064824634
1880399689
2359406918
4155402466
11534652
2420586324
146010269
99702635
2448581509
390754622
845116070
1097904109
425422965
2785334697
743437317130575874
593358218
4299066556
320253490
3119071163
1960868090
2501851306
3130769177
458632561
2800729570
10939652
500845005
1260162366
2390797348
1443830137
4155844545
756085177709916161
2401418695
479054996
1286694829
49653884
3019629387
2197080899
2540030877
406584242
485546674
1248307267
565713026
610278959
2810679525
2959917485
4829874545
1472353806
2291193420
1672302936
1978729974
2221404476
443230830
788739391908970496
2269268087
2845018504
200091336
2311916317
764853057909841920
527277129
1372461787
48967204
1637660911
242660165
3299490593
739729140887216128
801701662041718784
250697308
4164928408
3148116022
208996172
421155334
204797204
3392585361
2870709817
732478040748363776
4806536835
1853857640
382358973
372264289
1715437566
390753281
4867693204
374447222
448631884
19067940
386145254
593547387
22650622
3422769471
2984362528
386753792
2484661227
2956811146
759853330692616193
412371895
4196215025
479865593
117065803
16109886
1007334655
429974408
482178515
3151359832
1537494991
439131272
803502325029605376
427804855
207122050
39273093
2675322447
486456375
769167220396220416
299398861
1024976264
217481916
3083652537
940275222
796749112100134920
533042914
233531154
420437976
3244161467
2409273144
384437761
709437969241866240
2217674274
1624749512
2984075727
1069422908
1296276722
1313490145
2482825875
237816428
1976027126
864629371
2471307470
2363914417
863232396
800371833363017728
375035919
216884788
799219281451958272
129164948
2795848579
631767111
767870049579364352
2743862297
801700087525216256
270050737
2967886673
554988167
459446024
2376465507
595356862
1298737056
1369005530
1228485109
219406236
398032197
1367973715
125153897
796287659106832384
733695386846662657
2498148194
248453535
1598796361
17777533
414646088
2239697994
1299394213
735788453737041921
1218936162
795749937157931009
382539264
419951447
2281936099
1919132101
618151340
1065330810
2229154276
4544396435
6477792
136039207
1117576526
100991438
1266649207
385890505
384881122
485877476
449896218
3399841755
723538940502913024
517422975
206671784
275037373
91899366
859630482
23806811
396532066
3574771937
220750726
777855788882812928
4920828160
408587774
955314738
788932831
133692338
14394318
4923500123
78553388
766644219930873860
2470692079
2216179636
424529280
529483712
1556491195
52332450
2375216695
2346832778
2740676513
305255857
270877772
985118000
2923673567
72657937
1420759189
4845403365
96804648
536600780
1084399818
872652049
425728632
922711819
490372141
773054104549593089
2892298719
222628269
1978367174
2801467724
624096392
2230346403
3357308483
2268685606
403544693
3302920433
755743415183302658
818183167
169098018
1040080075
2373624002
4130639901
802512718905409536
1059881101
782171126168481792
2836000053
1068056972
63425786
397326726
1413719647
3372528161
1231603440
2262991946
56341776
215735286
469483334
1043011003
790164996667871233
486890861
358143005
2402307408
3610537156
389395835
299020216
61162279
706086896275955712
114254592
3664503135
1261316370
526460648
390004968
1089420056
422625426
316466266
3298864072
456674882
574414160
13725552
440382143
1280190198
85636061
347879345
454730135
2916512591
86021779
1134644042
307904463
1166637379
2717902222
430437851
3377153333
761592049183363072
38150616
279211405
1203189763
255143121
323769270
519402060
2367661536
39475962
63419089
2902258413
1063009350
847497841
3386138019
277375609
722918044880805888
477543705
1962674090
3032272127
15144611
1949543874
4602580341
2482305961
2201641540
2780166346
438476133
1160278561
1377162560
483384295
2347188528
3065958947
2872332023
797136508293627904
454173647
803300175955558400
2734920292
55360087
2760582813
144430939
564443638
2819178244
10280002
199323838
702963716
334622726
754282812405084160
1306718947
3399848795
127599374
271890712
244087105
2496989087
1221719288
533690230
3107574627
743029209564651520
802265146164998144
14770559
366084580
779645231285301248
2803713648
2816273194
13294452
1460451570
545978235
405792460
391450948
62285010
2583970914
348141611
803536150371696640
791713072549335040
384192964
493025647
1091835762
2221318495
99475834
2869098909
414978233
787718928638341120
4909156781
1041823142
2414898811
398777579
1150497067
2247433494
479645953
532545883
800788482478116864
2748801657
72549997
1594040222
2201591408
2184002018
2567300479
460959521
4927335563
802814151164825601
540669424
2973738196
757200887597113345
708773624
2787274936
493239048
1268297346
955821968
403799808
4415415509
436124417
891828164
3164390831
3898304356
50233016
470301475
428068433
161322335
1702989278
135211574
122497273
1176499273
53234289
293750330
2194894268
733316908477493248
409089494
784318068889559040
4188604709
791628536557793280
474251278
705451641
3346430393
3433354012
2340552066
1217652116
4850084878
2207172466
4810630096
778321813
3332448431
453812693
41068452
280959875
2176219136
26982622
461962554
782252594974580737
785934232698904576
348428503
240260928
4910656397
717334646405611525
4655248997
4473417269
283507160
79385667
476053480
450639758
373887841
721084485190688768
4227664641
769478656498466820
3372717964
234371367
1370308218
206993379
310865669
3025669096
492928982
49544302
2397083955
1052389141
2220186288
2176575594
197913402
242351511
566540382
694638444807610368
484982241
2541601227
424887657
238331462
779388069921292288
271510857
546859105
111063679
281884852
487403439
104450083
1652723858
2611313426
501758952
827801822
448761968
516918398
1249365224
2154746892
62469494
545063550
3384381916
765484843580948484
429141884
590049424
1274976956
456894487
727223148677087236
2562814182
2420100298
182767371
385604119
2575367380
14324681
1218028574
445822246
715134939155578880
2385838316
3138188655
547050389
70209996
790544776923848705
429928689
417150886
19484936
515635680
425182697
440716175
3949073254
730034081698877443
498746167
116190223
386685841
747461500546220032
4098447160
715284283749974016
1556455656
432637066
423531049
4611199415
698226027756126210
595878183
2377048561
512932071
2221319742
450121688
416386667
3338622107
479810905
260834193
2350347318
405443137
292197467
2436045041
1146441836
199348405
461895249
743514238493278208
781763084486488064
325165914
2754433686
494475884
22122572
1015943185
968870299
735805314776375296
4321424481
3222667285
507625656
3610762348
395260015
1919237072
104485125
2440237919
55527972
505705375
482107935
400076822
412410683
4795079603
1228038684
2788765798
2998672889
4008172121
425236969
796796368266391552
381943815
1675944013
735727292526166019
499186279
1070732071
436809285
2929361351
782861338066427904
757949254765834240
503250310
2328923415
801787932109602816
4813244901
574072662
335241668
707218166250864640
781389132216107009
1028180126
489693440
47176984
1291022089
1042134122
80867890
1069206085
212500329
2353564274
2396560902
1382823301
2977934441
2986885877
480531196
321394308
486787100
319116894
2417843232
1022801072
182411035
947689230
2979821813
3823074077
795971425127591936
849988268
4868655040
1243135074
703386818
324024931
297923898
62019002
477654724
2331609421
2874898612
3758739195
2394909651
400480143
331763256
799352721254051844
1904885862
410852015
1062583370
960666673
533019074
1260171894
2949441737
532463016
1468326630
1917243626
1331730614
1235060898
2809762856
275741325
443193400
2650978150
764870336894603264
2272916900
4927333755
3072520637
2478013027
61765111
4726174575
636862562
4863618933
517400567
486949275
2416492224
413141346
475827565
103290607
261386929
4755949588
3024843525
2987907160
396151080
2892534323
969077816
4147056975
758933464460648448
2786595941
821879334
1112761910
504633298
272941891
1858411734
784105196070854657
778647667039690752
783659253848535040
120812398
717443451361603584
1052916824
417275168
1644683106
3072664510
1902963848
558053080
1485107682
2712331625
593883870
303109666
3437837573
754250997267070981
722684492
498255199
708312172619808768
1164174092
371140710
760392779533053952
2787225059
2937388577
827585288
4187567045
720880802939023360
1086942073
764748993440182272
790447127637987328
310195119
843757543
479602890
441863803
379256309
2511962844
808531951
564360716
799653873338224640
1344131071
1095937459
565658427
4701923905
2980878029
1183376743
2178536571
1332630272
315140856
254625981
1092670394
303219287
718137526783967233
2679377412
2724131603
403444000
4548508636
734074574275514368
166567376
84664898
718178467293097986
1080795937
363158162
1047094759
618357689
1063332403
909925344
22031608
1167316106
3812572893
439245001
765943894756458496
141529750
2965770017
986828390
738027168895275008
807581581
1348851210
1257520999
782171272709021696
725810364995231745
407741779
2194433942
767996964118097920
3336144413
1370106768
384340494
2789363694
3049129313
138772797
795977260910186496
365064255
4829963293
73971750
475667504
1377704858
704779333307650048
469548100
4106012295
2408772318
3825308554
456453383
43703232
777975546848407552
117701249
22907119
4664853389
4089359207
501691674
303739576
3352828348
3381325839
3860196976
608063632
3256271740
430216359
345321374
460226131
2942183974
1517691259
14919483
126583546
231003363
1002800005
3387135933
73065144
4063380377
434411738
386196967
1725558426
765969613305815041
476144741
4532996063
463009167
1095354780
1488338479
561204740
962670878
1346676926
763844678005432320
2898075617
723807407261011969
271879647
2354462598
2614952764
148481393
950435516
278273822
420931672
184015853
743109926759829505
3908391321
2719760326
802225040
3064476580
2351400748
720157781324656641
502663124
238268991
4818612196
438921677
143934900
243627014
409787762
1400701532
268910347
718079776
2205598141
3380255259
1267591759
1337519239
1068604638
459595085
772120295465443328
2200075155
3072009003
2751862871
866432192
4765393854
1316245117
593742754
743901080
3332411590
763405961205800961
755384253442121728
435135749
2742709167
4876680137
463347621
98491122
2382128702
404048864
225490204
535447658
1960528369
1100422622
1856678760
3432845669
4706326756
220308940
2478033566
4010262106
80032149
4003846217
3183670121
510652108
2537053148
1218962124
2203488436
1231473788
788825081552244736
2943507749
1040332778
4889189339
130949265
514490964
493533192
2163623162
1110202813
403430248
43891997
703215154897485826
3117151365
64692722
752010888
1095383269
95482042
2359426044
250774432
51412488
1357713108
85590368
266700017
2393979222
403468828
775752972093497344
803495902430294016
3130801499
621220399
306180757
729981130007531520
2180831464
76012420
764140480775020544
1482223236
2328471661
842378066
2431061097
3014211569
3781434735
449940001
474926682
226532072
500214625
76616277
798807953671266305
719504576446132224
1092084720
28314890
14145846
782577416548020225
2342856875
1370300701
403338653
1384894520
2843887516
2967510047
3676997313
505768568
788723015089524736
400781881
55505261
2784216706
1318108844
3385699887
781954997806370822
105902569
82314799
572426495
164272724
2241274927
267098925
495419596
21929177
741592495155478528
396756630
1154012262
791638184178442244
856906760
1359279234
440724583
711875747183521797
557827565
417252855
465390684
2545730562
987269881
722053268587855872
2267787658
766601799155449857
164780237
7332612
770157263118036992
2721619085
161414985
939651692
849599682
2816638404
763353589347672064
488895138
2321180143
7773732
3436645745
3317374379
2307296066
761582724176027649
2871036920
455756647
1385223960
740031002
428915501
2613366894
1192578464
617069188
89212874
3169603576
752117556077473792
707424884
44093281
431157210
782126365315371008
734404005544251392
17644344
1264774998
256143387
413217587
1425576013
2302778172
929249360
2181217378
516743613
418221631
1010807990
3043464539
3334148349
3230165817
573872757
427267244
211226743
773929798192300032
580761582
2727207762
803539173898653697
4480184295
1576436762
15123812
797782401090985984
596228713
105102290
609404111
589253599
1934154674
1471608194
2480246000
44886581
1566803234
361960565
1915578642
1316655810
805519117
359541795
577098234
707825864
583877210
1330971246
3748740376
2729744770
628772007
396722221
353492673
701451907441827840
192235112
402997564
2940897785
853678268
2221331347
2477124216
1472290938
500096474
475784411
995189316
4743531021
758680435161530368
37434853
773161248099803137
2893239249
4069173009
732773769824047104
511961726
146215776
327663056
4195440875
325804266
115139827
758304360543707137
768783082736455680
703927942192173056
602018574
420427133
519863811
1635753799
3662356395
590358735
732287754483142657
59872650
13514762
544502107
599651301
3408637281
481603544
422502823
183287158
1085901524
1353602473
429847277
424153335
84862444
385252844
244551370
1617262098
2171028731
3401227875
952150290
932888491
431894814
1135800156
1035262315
2921948057
378212883
3348932435
4459087695
2846403071
46361600
4425384496
526327701
464127310
147371974
236939562
2372154501
567159863
3395020235
2858721511
64144248
2300311050
3069843927
1057930387
396218442
1076597023
460605987
767600300
98212000
3555027683
3564664455
435880626
1343245195
1102216892
793026146183053312
47901347
737964567737864192
713449513088888833
2521671494
407093504
637254997
1221335432
977016020
1171761254
3233822843
1116671611
3160204145
2351632040
738839237919944704
596662110
424281659
170781140
267174899
1891849693
520206776
446958662
1085455423
104919938
801046891
270249473
728107134714437633
184018328
3004768510
94300919
4603127836
484710448
24868978
2787707316
707205388081430528
1591737049
595001996
804304134
2153829339
3937406775
743039255472164865
1352568188
2288431546
286264929
33205675
780354047131979776
368819722
2792050237
1427556781
53139843
292275504
22080195
178685251
103056844
786491581503156225
259347985
561917560
734725512950603776
1103554206
2867200594
546146776
2437285398
220806987
714382420
1432663974
69030213
930194618
2866250985
463313162
2780267589
2225431370
2741727190
551690279
796311583077044225
560046823
2155070496
4773966268
301105251
2429443561
1926741584
712308565541855234
457547376
97911351
71530179
932393936
258382452
843573301
2351753245
468585900
1905524532
272940016
614654143
870599125
828717014
4415743515
2960217431
966699302
166161984
483368442
469267629
801314293031510017
485987608
173925687
109573130
2341872502
546077690
453821249
1058862104
1406189706
766471224
382148214
2195551592
544359861
396467245
2334086092
454706789
2396162744
50373692
2951279819
41075939
500963329
272756812
2153812941
714096155152486400
488765562
254032141
810395744
510182816
3435148533
597787450
3135173073
1070714532
188521082
305236970
526293847
493347883
4617627196
1220072246
121729205
4702133172
910266067
2921447206
3289084404
696658225157029888
468586800
1101963793
2327373751
39976483
726165740324290560
366252148
2250936137
883001814
802176344515866624
3036230170
511750340
84130259
783740138660700160
334321591
988334522
330392789
4069067369
1374652910
259949070
3239175100
421166716
78971533
814747711
395216654
2362415546
4878708910
79991599
157950019
602802570
89271619
2612652422
890639928
2221331701
3043362960
43503218
257709473
727607989583089665
455094599
129223592
220603109
727770559107485696
534616483
760831854987583489
62334247
798766976323620864
1045647799
49475565
494453703
96782626
3762450316
1000366015
630918299
371451913
415373883
421009926
4121762391
1362144619
553046883
2279399816
468689162
717746924414181378
1048968648
3392159079
1316630180
1190659814
28528873
1008326401
326774832
797374091959406592
583980924
801485466054885382
2882526197
45393303
448048809
3007673747
1225968722
4812464489
30427244
1317191599
4857980363
796759446370271232
326370210
417860399
2347350496
885661050
787973235417686016
453851050
317628440
418863047
720282686556770304
837370934
519702233
491318883
475021007
3320285157
288176791
1421508788
3207791139
15712835
411076021
1412500075
2893060011
2741753878
954189332
329600452
426716463
1204999254
4860559857
1620517057
109940040
1854966962
2163514121
729433847398584320
498846820
827716970
2365532641
289839081
775299421705732097
414388459
2429121827
363650198
4566225075
1412675324
2744135452
428415112
561184772
4897360193
4902342166
425425345
235323455
385952157
3170325538
3347934334
2382081974
760935300189356032
3874001362
490771270
2956287347
899952481
48291322
2396639005
410910327
787922343784046592
3332720836
1129269444
4003940735
244654932
1225509780
764164503860903936
183609969
781930651528392704
232972471
232908749
717647109114224640
504658270
241520591
2391598947
3931969841
768341665862082560
4773242133
1327684639
2286620612
968459856
424123129
497752969
786144533050494976
3175658951
702128508835860480
1247099534
3127610290
1939212175
604023898
3527260401
2942054782
790479581044154372
614407423
303122543
2464828514
433754193
704078981591646208
270070566
404022377
199264427
490520691
3036587481
2879472009
242071863
4136582308
705029912265097218
1175548862
2400072632
2489653825
1121935962
2811414913
764816634963980288
878685505
4895702908
797327775963222016
1857838688
801707005887082497
793825525483442176
2752533784
2190915769
3064945486
28526655
469273038
915191390
785481697462718465
409401116
2906554709
467361179
1156640863
108262067
39019040
2512905313
140772582
4871884721
150725695
2335372808
987504266
1418976222
1011351750
625092660
497942532
236362651
729301866555805699
1120206308
1852450694
1057565262
4408172060
1020682760
420146229
164267043
4134072261
2888891609
423435597
588507242
430718992
391521149
455556244
1104275185
2172507394
2515144546
617228017
94325428
439362823
489540781
1189981854
2902922074
2432208854
143393752
325145422
719080627757322240
13680802
558591392
119067790
596663344
122327232
2872974977
1086424626
4076656275
1222000628
493278355
2434259124
3046618084
109578008
725728464268066817
486015426
3000542902
1072138536
2904770691
278210313
2870220975
3320655053
1032742711
3083483560
271702209
257953952
243545857
3011035791
2862461084
1549289318
232559332
1087160287
2359465576
775632857993797633
2961876645
4060369233
3044594085
723606205
2875231648
785763689345363968
2157181732
576539396
362432939
1848435132
332885533
2792943238
872297844
2442517233
604477428
1886161784
2459441077
2842549305
53634013
212962983
273051883
458712981
337155946
154924260
1267065014
418175268
1100350039
2219899278
509344089
2858584827
499571765
2874907796
777478419424608257
2808138563
236333273
730066756107161600
253262674
529792091
1140264841
1294725276
3233336236
986286079
1010820098
1009171508
22609411
38438354
3688803513
1510136666
711909518121312256
2455541630
1975163550
2995507655
2588246800
340803178
2764299866
4900814871
1151876744
2359448190
1251748020
2389771008
1718923932
418210914
4791845897
797805269539520512
605695196
19441340
4832053377
2296150485
3862086448
4178858601
17496032
54225347
4257422674
2842714109
2361394675
1021541239
118123086
2979813760
1068963974
555444893
29388186
524493374
1037526320
2860979986
791392103876202496
1829960281
1078134512
2234822984
2180748462
1609040186
3398885945
485594129
1368793633
2282469222
409448246
6443392
719855009928716288
1007261041
83115466
707302113093799936
2344018723
3095355645
36624024
557632715
2944718859
790269417603162118
311694861
89463988
