736166324028768256
779336944916504576
9667572
989129461
926261881
60655447
799248233981759488
753880591205040128
352164101
1565958488
281104969
288764479
2436449369
3431896313
379283355
757989565600858112
2348635034
4384279288
396841926
405631474
496211634
490640451
296499025
497798126
485505586
767831797853982721
3904145790
91789302
3717111075
1946489059
934053559
853635661
53306660
456876418
281170467
801449731805347840
625000187
270348042
452021768
210376076
23921542
811565292
783983079597694976
1953930264
3906213625
803276193835470853
440691898
301472434
3901613302
764525968623071236
773200264635490304
3438905411
799203458150793216
1015392134
495090591
504355470
804712411
2578134970
3356485570
2256124088
803329186618281984
223881169
1223079336
467389922
766299046378102784
717318984958402560
109251997
3200053252
984716708
272822756
2755562078
591076649
2948661737
496654038
1291867831
376640823
723480201599045632
2991872159
1230556524
180317088
728807104790794240
4420194503
365065812
1234070258
145815793
1871000750
1307016348
2986001711
283636579
293614669
776049461244129280
2564838466
2336431904
3001084382
3427709602
798238417834377216
467472024
407747764
1272905017
2872502326
289021157
452010658
3034510817
2572093630
700124342
939455448
858003427
13728662
771387619360043008
774047754834313216
951552866
2807355797
2364107448
2291700139
498964636
1913370296
2693917236
404409239
4052171860
411196574
133461180
443187387
802299785906683905
742317666015285249
3228521201
3217393599
4622374936
87967184
3385597569
3398394214
1658632189
1039048494
133373778
703299786720591872
254402535
958322611
439357588
268749571
2299766748
284698211
1037837900
719945822348144640
437635996
562947998
584529887
2789842566
2872414576
2379119342
1385256108
1080490561
885190620
759675705647063040
2393280564
3426670696
708722387848720384
271990882
439252014
753877865645674496
2886911452
129455752
1562752760
539942362
168194654
85136516
620824335
978137395
2436142487
236104398
1006439738
511534517
765965375792148480
429279647
517986135
558842881
444099350
4842804531
3032909475
329937650
964810638
1474220623
394598844
3087139251
585455321
1946899837
1704844459
1039453975
397199507
88873456
69959408
4186758514
419743304
1092058644
1034417863
3241562675
133657565
759428777793429505
1045330356
2303644001
704594335317278720
2585597700
790540888237830144
767772101503836161
3312303309
795290773642215428
960087626
736832288361709568
536244238
3097765179
2206083227
2328579068
55303604
409444860
1426157994
2878408107
3457594222
473848168
532163319
3555797841
790650964004970496
605614784
500714041
1062983670
1623140270
1038231816
1238622974
3123304071
967839474
271838807
2760622125
744598818365255681
1593579625
2429027969
700397826824654848
51232175
430200691
2369954001
2394069525
463969453
312572813
512506306
4877601425
405832858
527373314
104430215
788049329403506688
1518874812
1139418464
521337019
711096762900025349
419500576
540066448
582622919
771404383263289344
501273149
98212565
770279483609849856
4624659274
280543999
383790840
249318832
4318412477
846559483
2902692352
722093177923059712
786541347750588419
436640636
114438400
602903174
4250417572
3303841109
73598124
776553725603307524
2398378464
1926529471
1012822723
2919549233
781752355351953408
147543162
2267806358
2281381593
136342937
328482006
220763153
3909032295
4351705817
389100223
790625241856937984
3290984981
3047287645
417807769
2200551363
2235126648
433711652
418772810
462113829
50606585
1381974631
3254009057
2310261690
241086708
176075973
2870842681
183594012
4833610773
2199548284
83386342
3216441514
3971921128
3292905852
2243105962
1171488392
2186626514
733707640161861632
772074670208221184
2755001196
82923151
1326880621
2850135335
274138838
84887445
2180128512
753570089094504448
96220057
149183666
148787137
432918462
516552856
4038647320
1006198212
1908263497
125655107
251663248
766664451223330816
81318149
775737901812416512
728178382006005760
3198957963
1133516726
3304520524
1327701390
868671120
2468306143
2841380837
13573252
1409217584
712713408806842368
389093783
2391603191
778213728978399232
3642908355
2479620311
776421220451512320
51140493
475127858
787296414695092224
536628613
185274610
466378912
69565598
722850803464015872
2549955510
3382294643
801841062763491328
728712127
133207676
345488835
4612076177
1205594306
1036560565
798743088206319616
724648551561728000
827908404
2572209035
434505068
481929883
892954382
2173032754
3871871513
367090986
1126191505
805286678
484228064
550398209
752244313875251200
22005584
411432358
414597993
432937614
2282008813
406857025
452183386
31499282
2966682251
1346509117
4702970784
499227001
525862024
2452912347
697447492112269312
2821237936
767449120718061568
149096219
3087203878
3431703052
1009031245
1116320838
3063738106
2658993140
3347613405
431963287
2520582142
1103777761
45300696
430033435
740672271619084288
364452450
802875456747962368
2611778665
313199623
791545816322306049
3342581884
1179711277
944665938
2456837270
2719244173
365962308
503288686
4351434929
216654360
414719178
2361360169
2417069802
794092015634051073
753569175944171521
2277608809
2210084110
417961167
1717274785
3295966795
1857148146
833471496
1158164456
2729953324
2865546393
798969768875360256
754537377402683392
1936456670
2393710947
801974236315340805
2651274657
445567589
375704282
801934415526002688
4133217027
523387439
3719207249
865947528
801457403808088064
944687335
354125985
337559945
3121299317
318852504
459584150
345535835
3088804402
4170991971
4181848462
3124240699
1163037217
2364563704
759346461758939136
2182403667
2391369431
548738657
2746586057
365065358
218923278
407296758
707184555887861760
62325493
727039431295795200
796097962384433153
2592758547
1264916744
1037602873
100961915
85657467
2319542538
2666051378
115887435
2502131693
3368385652
1060017252
3028742807
3007418795
479942012
715828512
431810837
4864217043
1638143131
1642789244
2332571271
2774751706
3179240423
2296173870
2732288357
228010525
158017561
533059229
762934873057292288
3906735870
2199795114
1122236275
473072448
119178709
793894788156297216
2257121711
478607229
2298394045
705835156054134785
492103152
259428725
620351637
337185218
401650330
2150701203
164223102
2340110677
369728921
61152350
3290337525
514440497
4651751608
1880498311
758291580793094144
1229273522
414970005
424915583
898312652
757917606707916804
3334814139
800750620818800640
37611038
2330261468
1093512139
1109134129
795271477901791232
272444320
2355249940
2315044228
3361637014
264760596
731252371226042369
728573094806364160
3704155397
2785158801
703310684
709809875002507266
80200885
1464925662
164225784
633866067
3360296693
519330046
1917418159
791671139521142788
522438498
2447574735
1305597956
1852391984
739543389721485312
792329915228127232
1037942274
2706219342
796246539668692993
2544957299
2334131475
710498404531630080
573977989
579271577
1034862121
2450147531
751725458631327744
356404890
1447215498
1324221282
1379254362
2358348371
137273382
753690812983238656
344941448
2872452713
4878244774
766066296618414081
748764531455762432
741690938683215874
4158359753
568377117
726121006981599233
273072683
2376644398
2973508025
491620674
1192730816
3410104307
455654704
1368152558
306496514
419181815
1912110691
3131557655
356159314
2948863234
2452102818
351137105
953887928
487711174
1084193910
436152269
760240948488044544
705813420973621248
387585601
2970015723
1636528548
371825725
3335486015
1180392648
1114146019
797906158325534721
438849246
831981618
2341083257
103646510
4358642595
603531704
2408803254
447965111
632742781
91652757
1145390935
1433806334
504894136
1090118378
323889720
533332467
754296809883832320
2800128455
3036352179
712638482569625600
258758131
2480550906
794906422320447488
3044664286
592688115
72253054
2354395787
342681065
332921113
1111297184
40985455
1007560902
2743778128
3122280521
776702932523839489
3124933529
565630731
1394005098
3768512055
1465205899
3254334755
1025169505
2675356905
1263818557
864186162
541759113
723894311046270977
145561037
3904501518
2889760683
55590913
240118613
586401250
729704804868599810
25105210
2394145762
1280566146
2190622501
3192098591
134206590
740562673566396416
354284014
748252291959037952
851471263
3345161205
1229121186
789441140932087808
627320497
722067166380617728
72009402
412134662
754694678314901504
729221180985618433
2644998883
2821366407
1476948512
891432866
955750106
1333369999
1341462944
66739125
184007492
2954613465
2205011249
1658559944
548616993
160249410
3068826741
3965043981
2517333900
537662962
764435675227774976
556818121
946023379
893289350
433694235
53773490
946170176
393310803
503452485
4494003293
20940460
771404187074699264
383800270
2301639524
204791100
1394277882
1246974960
1080493914
346676055
411699016
595267886
2813995582
2197175103
3879969267
442225392
1280953482
500873160
951368623
2400269172
3064138162
392626820
559883501
417800630
26295447
452985926
801754
723203630917136384
1437778471
484627636
600136789
802530080639643648
4904659217
772134035736948736
2966503372
52668867
2768661999
746008230757867520
789101135323865089
13727692
778242639783137280
796821388023754753
2872071959
2253516584
373784603
717452216840429569
952533872
477208895
2995540995
167566334
2964119115
427891518
102769657
916487064
1219049394
385923471
961283478
2319131287
753700981
2898953543
1175424128
340847319
2249959502
418241458
296778555
47880910
4148271653
799313616302440449
437734783
1106167964
1048802419
453815626
1176687842
243563921
421146026
711833597980835840
247726328
1044932990
278422359
702614277472034818
1891583048
888296226
447286306
438473019
2353092296
529431381
870289915
971840395
737320028270415872
420627699
1105814539
522457817
313323905
2973540729
405662253
773155625127796737
522329714
2716446892
771406367471112192
2971568187
4372999402
2214539367
4836437745
2386835695
313652711
489300960
765416956921057280
337644410
322037405
963073442
134554873
3930314836
1102254506
565784508
98921343
764925639254237184
3130622027
325739333
428507062
2940410703
802454590608330752
553401472
748173713787465728
1410209468
1712830392
427209531
799754734315782144
1028662526
470476105
1098289812
845313296
65494640
982628515
4928491697
969698706
1162661400
4516116863
1390233025
409944497
132506609
3448617916
864312458
754014552308801536
227306075
2546652284
492121189
410245492
373419503
704330777190907905
1429966902
2845429815
142341891
94529815
2835640580
744828787137839104
3394261233
271407710
2767985158
490733693
836271002
2376140579
22757909
440436024
459219907
1221995204
2198193816
755117100805529600
611553781
4330442187
1661062764
486511597
1066758002
1006044900
1640181332
4157166017
756132907530481666
553940585
407082246
784949792
2920480029
850998049
2751139073
761229724685307904
2338003979
434752212
462427721
498915523
385930662
1015149367
523343629
541988677
1098262302
607563239
1216273854
326183542
2172768409
195792208
2436608759
613696917
89164664
110218135
1114681735
1169506849
536941243
152673484
574185238
701319974833491968
161428463
765113425882218497
767399388385841152
3326878185
2862216426
1017233557
1420443511
290669539
4615130548
1291656504
2280648054
115359949
220996437
56405358
396697179
532222780
2754543846
2508295280
742094210447335424
571304184
3165917453
2476119007
3068039679
2871007953
546658485
197056224
3458373497
2295417636
444668246
2176117600
829507466
471922221
36376600
3298997074
701388779114930177
482969926
717393342686961664
3064824634
3361200257
541147498
2359406918
207034666
4612811716
463489461
2957131078
428588499
3841727477
882872700
421245685
711299618219364354
2374479791
784340188679974913
4299066556
776255018181722112
320253490
467573735
774888350314561536
555551022
3119071163
2553584834
1238504988
1166877775
3053183649
2501851306
1930695714
3047493292
2583026273
2233502635
764195579081752576
2357331353
2800729570
3297456253
709061581867454464
1879755822
2719566132
416607721
567278450
735175269695115266
387198659
3817344621
233546601
1176193080
483258299
986686861
1472353806
493260423
2932258043
1128044090
443230830
702770643335561218
1058200926
14967240
726150285870157824
2845018504
2361146452
2596945387
4608384377
4160599461
484850334
4818871595
701456941894266884
2438052497
803142542946693120
1372461787
1637660911
194619416
4626223881
716575881909706753
1128476700
51167606
439601337
411010417
250697308
830081490
199656773
2349895098
20430345
4806536835
711250614995558400
1853857640
2221874484
376871430
761997788662169605
36353564
2901728910
14420623
473209868
2361121173
3044658312
3227318753
2780597242
591663175
2608779441
3422769471
2484661227
759853330692616193
527221660
392688646
380209326
615793623
41544005
429974408
797117758538477568
476769374
494169487
630524940
1539407683
161719940
2883671135
34251220
745025263679963137
1366710674
1464788840
794263031450632192
3791205203
1203674574
450937091
1579008720
1186603358
4016459956
3482551995
717997888526270465
506451531
712717967524499456
1615047745
501526399
2677701624
3169965514
3226713256
2467497190
2239737678
1069422908
2365011298
237816428
1976027126
2363914417
226627338
2904229025
800371833363017728
712949762857762818
1103389747
375035919
296197775
799219281451958272
262194160
510430173
2743862297
801700087525216256
1310591124
302648075
2315538860
727493346806124544
100970534
1257355178
837483788
595356862
2235047637
2821329929
1369005530
196560266
342569184
747013422907277312
1122033812
142393098
455266241
464991280
2440253132
125153897
493919122
4611996742
733695386846662657
14340947
2489764008
392987772
435285639
1066757623
414646088
735788453737041921
2995908064
3034427037
419951447
3037077532
1195176624
2281936099
405384428
2298937636
1919132101
2425812439
1037692622
469584786
2189633884
1065330810
1680697170
1116398478
52352441
1117576526
3103929401
3458620516
1351818931
426201682
3094759553
464020852
206671784
983065508
868360100
450654477
428304452
1103450372
303347593
1064087622
753581604350615552
454052150
2984790724
785037931476115457
2173027221
1045853672
793826541771698177
4437711454
1642833512
133692338
1331721332
14394318
4923500123
555195323
766644219930873860
10438412
1272944370
2470692079
2216179636
529483712
413873933
570821030
981281880
2375216695
305255857
985118000
270877772
2989253800
4221091641
3310852186
714814345100791808
613766004
420419717
428349357
3510108957
1960098824
343428085
2492776739
127302531
715914627
774150166584500224
558032072
2416044272
230054388
974656363
443248991
27606971
253018480
1079226488
2392084666
1357377793
2173725232
3305939879
3404776456
2373624002
3131554253
274014643
839626670
47368925
1385372534
360868017
705608478
3372528161
2262991946
3299546625
2918273481
1043011003
790164996667871233
2889269897
1664604020
3610537156
451610877
843617216
2495071257
1299375126
470382637
393629424
1209547698
1283811182
4228521213
41391760
2861197613
1109152964
803115076672700418
402253156
1354437403
210194817
253164055
1166637379
430437851
153342663
796033040443129860
717970219596165120
1307698028
1071451754
191245909
405239257
4861559277
784525968
789842195775971328
2347290581
1140071011
773553530296754176
3251732422
222411571
3056828201
1962674090
477543705
2313764153
982667311
600926417
2482305961
772848384961044483
772136635928633344
997130850
815758254
801313759
156729839
483384295
488618381
34556545
2872332023
3065958947
1732672866
454173647
3360251476
1643119441
473021625
2858759915
1065907650
999474469
3879573977
1040606185
411323343
350184411
2819178244
1596129524
754282812405084160
537290044
3325251946
2211388062
556650372
3107574627
749624647365365762
534655010
779645231285301248
1120118342
2903029769
405792460
1226101082
908126539
1431247669
61419304
382133673
2365791415
3136221652
320725662
400919857
4924594492
4188671596
257575426
427372566
1091835762
99556902
356975403
198234611
2359548435
1151711312
414978233
394850579
801762901769981952
495412522
2978019477
2917217416
831129830
508124611
2435370944
203768804
1594040222
631399903
2360517815
410972345
760930917204590592
2487938827
561473002
2977350736
580042949
4011769781
2740364534
426177940
2338484714
3399075250
855967868
698085001380937729
2754876919
955821968
832669237
3364660727
436124417
2924455714
305673340
2889612136
417947467
970462951
1357813057
118183154
155938369
1379519166
351495967
400701610
157738396
489551817
58636171
2851471793
2922077789
3859630461
2527431917
749911474496217088
2903764937
791628536557793280
4188604709
570833587
4249591816
2865314139
705451641
2207172466
96340114
37756411
431305780
789737439829065728
2490233792
378056903
3332448431
564934521
746297770559012864
763718509805305856
387294426
2233203519
41068452
411574224
397853516
3003254493
481314037
461962554
800464320484098048
276026459
785934232698904576
1051389715
29411886
583894749
221707969
2942381427
772030120097935360
145349852
79385667
491225607
2320321929
796633775908200448
3563789836
479628118
1329503420
3390886840
1370308218
753290282020511744
2901251668
2981239307
373472218
954347947
4759055535
318599082
763333333023649792
751124618832994306
2265684361
76769340
376221364
694638444807610368
484982241
2843769504
794560492337594368
281884852
145771436
452226860
927916422
2416067982
251407688
2504371264
730673331851132928
478622166
4622433142
29220705
2252352675
2703729438
398595735
422085981
418028983
501874833
2562814182
14324681
280401262
422939255
604520390
1291622634
1331603618
2877945867
3138188655
734083116919365632
547050389
781880881900380164
713448101785288708
57251373
159562066
429928689
291763976
464477643
66161873
747547777
725370452210794497
3949073254
440716175
3542046735
3069657982
486146467
801146620364685312
730034081698877443
2179568746
783753179095789568
4098447160
3568595656
40708908
2397844595
4316205317
1556455656
716244045220212736
2852162818
4703595042
423531049
426075049
122331177
3015242813
698226027756126210
2377048561
767596251311407104
297548565
3374386924
1082984088
2446945421
3338622107
804058015
479810905
1034473320
839698230
3402336711
585391357
4909482065
773903945391538176
2436045041
1040460186
4140337577
1949663004
474175425
743514238493278208
781763084486488064
609145539
702432335078285312
3294561682
201654791
2740786029
829417766
736880955374325761
707656621795713025
512049329
335435063
704773966850867200
55527972
753720514510815232
482107935
318939574
4474043243
1037579658
471334188
370345381
30248306
2788765798
468304135
268484630
2909504255
2905182705
449678892
1607823997
1148239141
757949254765834240
174345617
1011151154
3052918302
1190283926
2433235432
194268217
1096331473
489693440
707605903328075777
2708071882
222408719
131262995
4204183834
80867890
2353564274
3481510162
262745999
557607196
76904458
4121972601
28098604
964719079
486787100
2348566523
4459166907
784500022410969088
3823074077
1713647664
1223037354
560169622
2603234317
710189239233875969
490219106
790939624977891328
419021368
1119456882
3145265249
1392039763
1074173322
425741057
410852015
731908101750788097
486509124
960666673
575420129
897446522
8032202
4445896233
706217983862054913
383639966
285009953
2189679107
4860684421
2411149982
3233660728
87467449
1007282528
588587293
2272916900
537571703
422858171
2380747454
3384893884
2244460336
4726174575
3408677429
752897299186155520
4863618933
1737093733
476998460
2401743697
173971465
1219349184
404934378
798531277116862464
307278565
789866400332611584
4147056975
2786595941
784105196070854657
783659253848535040
93953682
429054107
720515573
881002346
96337794
791521154
2764988225
3072664510
1064141546
222442719
2974524532
2206549446
754738926083010560
447439107
1438089144
3973423342
426749264
1148226661
2937388577
425154943
1958640014
139441237
4187567045
1544093054
720880802939023360
609790313
396564186
1262939593
906269360
4264256531
2509117751
4775882567
740277257424523264
722387472848695296
260786308
1172609270
2941915384
3166034463
795355429798891521
420538698
490725675
3221712009
465011484
72058480
3054231435
391246325
1332630272
1092670394
4703946294
81637419
753933800929955840
971404916
403444000
3194476737
14108472
3344669734
488356774
3143144909
542762392
2470612327
585674249
631972232
455796667
149609445
1384855346
2744895802
2480644661
4142762261
3257937245
87286001
377660882
2472634306
48473114
731393402
2983119910
1348851210
73875150
794281566834921472
2752353844
407741779
705395206368174084
1370106768
1901541684
291951565
130181213
318549168
3060221337
3588475175
1037713867
1377704858
704779333307650048
2408772318
4858595345
758984403422810112
619856478
406545803
2992982729
2910818007
4091800402
3091352443
2725236881
322207188
1199673588
906080510
776138045682806784
3381325839
3860196976
460226131
2986513055
3351926470
1408430185
508645944
73065144
52784170
1333341758
785040640245653504
213616021
803211879560736768
2387199067
2889852755
1039152966
386196967
475234937
442931558
484647669
341627555
1369853450
2203686361
759712744044056577
4084611940
4648250951
299535779
798955641012441088
751720869278445568
763844678005432320
2898075617
2731631416
2405490719
2210428876
739907534518157312
2631427167
1409736301
3349425333
4104175103
3663181830
93691257
2719760326
896112570
1372497578
1275239096
780760650079285248
756326148527755264
1563561278
1361634884
2975144398
3182253213
2239750970
102736428
256230769
2203605371
2485680491
4120176819
840370526
3208155737
256595208
3332411590
1009243501
269425726
419318448
606259626
2318216051
319185099
415135980
722824948482375680
1480061876
725937762449264641
2494320428
2478033566
3183670121
784433148742565888
2765052793
452327968
2953019709
2933685736
541178236
527886495
1231473788
539174332
973551056
221767233
391954792
1921174561
343442484
376145932
66631998
2574560504
3117151365
1475844757
629531659
95482042
2729327680
424084271
224837196
3086975528
2611215314
83185672
484665449
2342517254
19592755
914050591
1245505458
369200086
2180831464
2263606787
3369517217
77889072
2431061097
842378066
84554070
702171804417323011
144226252
4405181775
706363546
3296497990
226532072
76616277
1092084720
398911818
753519234710376449
258800738
2868040007
1183534806
1168160534
421427868
941567396
782577416548020225
430995535
4859352526
445817762
2403957681
773507831890845696
54853399
2895666573
1318108844
4818092890
781954997806370822
1642762838
1558587134
1008729344
2222011724
2638291813
4888778955
368935338
2241274927
495419596
708997585139318784
396756630
2946017621
301460166
1154012262
3415404322
440724583
2515047351
2758218200
557827565
22129679
22887971
793170005672198149
533298709
380551414
66969520
766601799155449857
803320215379542016
528480384
164780237
51752772
546791475
2966618765
389920206
2982639635
2816638404
738878628998582272
763353589347672064
23301182
712430076311314433
488895138
396686981
2469186961
2350203541
784461318531215360
765296385700880384
3047652054
763025898736082944
461229005
398710426
746960805288099842
3007527855
962612156
468628926
1116999974
163818204
1385223960
323146830
374006406
68362418
3110560259
476811892
3031672891
310226600
3169603576
2959959556
313514631
494427022
782126365315371008
3295208099
2765669721
2262100917
1425576013
315766838
622020182
3716455887
1053223004
802448379762667520
794174439072133120
283215401
3357091883
215187433
4470002068
238718282
2186436367
999889903
432329081
3230165817
573872757
773929798192300032
430188772
3816198827
779041092847202304
1901258058
4432360889
1967120184
418253203
1047455850
132194086
139188966
436833006
1176935226
2569816533
4918665993
378831710
775421050054139906
1346055018
2689665578
361960565
433717645
554504621
422586035
2228739276
1915578642
429391019
590393555
3002999651
1215433375
2243781349
746985479992709120
1885749720
3045361705
3096569741
793101117844520968
2263675613
51033515
2523568577
1267447807
2477603211
402997564
398959448
1006183458
1083273792
500096474
946012470
4743531021
1895164603
1900191667
564038388
82065633
773161248099803137
253714436
121106879
266066911
773136946696708096
749664710
732773769824047104
599299632
852421039
142643965
107971199
1618658132
115139827
1056227316
3471435689
3406855018
2962475685
1949046042
768783082736455680
416439103
3131529981
513450320
770253758630592512
298191851
440129895
2744519609
3226046643
1444738142
1402688845
183287158
1353602473
440152678
424153335
796633906606964736
1201957429
771943296214106112
2919306970
317413018
357621458
932888491
317144718
788368573471293445
1378987628
764073381532753920
2310559129
1304437381
464127310
460275730
2372154501
567159863
3395020235
495785040
64144248
2300311050
3069843927
1057930387
396218442
1161001514
418837513
986714714
837804025
496477841
1163796132
485521993
737964567737864192
416433824
1044114469
1086700214
2355253204
941772781
1926324451
407194493
424164438
1251955484
637254997
303298353
1116671611
1015433946
2278958635
252585311
3362768073
481431712
799642016888012800
112799591
256467449
267174899
1192260607
461560547
565252532
2380592546
2714596672
340148698
509356418
2450265194
104919938
2932010800
1287327732
2557453016
465123403
2992056261
3092183353
2359413432
354364814
2735797127
4603127836
412371227
3018829461
747892541400428544
3105484471
401374007
2740757854
2377363345
326226399
258952134
3937406775
2153829339
912221263
968087256
984646254
855180290
767040529100079104
172279801
716422928
409175847
772498157636820993
876541483
53139843
3308327224
742013658268598273
3613181357
385512892
453959464
614694618
432304612
3169206307
987577201
488484539
707252292408512512
51759517
2832335447
69030213
930194618
4237848425
2780267589
798978150772441089
3763150757
354747398
3322548533
2741727190
789449060696612864
514388722
978277717
354349202
837437688
2363670784
189613925
1405789050
376101198
966699302
130111210
3392212198
425209016
796623849097924608
289214112
109573130
173925687
492916204
394729845
3010735091
175200284
826996970
1532077525
1543158968
72055505
4655621236
2703675064
715668574292074496
720897887014645760
3986253868
2261701074
769848270478802944
1357710228
454706789
706768881625513984
3344250513
118178579
596711825
799992817007345664
214240583
222170521
414047561
3298492639
131450947
711302461097689088
2271999013
2780048603
708587318786007040
2153812941
784073844772438016
1130420497
508781270
3135173073
3345309321
188521082
291902330
4910181370
317879179
4702133172
2921447206
906331746
1171486081
539157045
2494115132
585845073
767689615713206272
2385290202
425254477
278425671
4141927199
781359137909248001
1024778318
284706444
366252148
426755550
883001814
468764094
1055060012
3601765336
3171167135
369702714
763094873473945604
334321591
906224444
527574803
571133532
2786310392
189265027
725759263025577985
481304796
433287204
1374652910
857753196
802942235398565889
3069527349
78971533
970548324
814747711
113050066
2221887969
710765979320623104
803254192622145536
2612652422
907687309
3043362960
43503218
4405643841
495951549
199230149
3119809342
408749628
4867831151
4885620221
1282926986
534616483
1643542148
2984894152
246547123
324523414
1671189985
2392107573
112805407
149060372
3074122662
77207264
190796308
766731574616424448
2279399816
593788361
2484596869
1316630180
3239105697
261644814
405400711
2990123956
961953667
99726049
3001239377
2878690973
2882526197
159463958
738690837027131393
489222429
557943026
2329940551
796759446370271232
2363684405
1933284714
496112346
2190513360
3028306714
63060955
453851050
473220410
946620907
786215749035720704
765908695054155777
3653319917
837370934
425780142
710440429
1551103609
531137922
799413733541998592
491318883
700817890497310720
3430565794
1412500075
4919443492
3417233499
183638480
771813207853916161
586429781
2304164031
391283845
773956774932127744
498846820
2365532641
753884370944004096
3102666957
2735109711
2209486779
1112182046
775715222594154496
2831354135
419626195
196444688
794535156291866624
1065109687
4897360193
2844436766
441851951
4902342166
3166156053
2195938336
2754851246
3500831
288854744
3347934334
2721197602
197370410
597720862
95630884
2780021099
449819882
2565231604
3826564636
899952481
85360316
410910327
4624536622
621461220
244654932
3342531046
1225509780
389104963
476290271
1612919144
232972471
1036788019
1062986299
581968820
3064914777
4048414942
4503725746
1327684639
2879350949
968459856
85852670
2396793506
3527260401
1109887628
1223938933
437792860
151572582
759827175360962560
1178411384
88008523
199264427
490520691
2373805427
480242083
1035424027
937463430
549362239
3002875031
590833841
1121935962
2811414913
3995124705
801081193315835904
413809101
2992529410
4895702908
1151495287
3034280366
3657009263
744497332637548544
3711823575
793825525483442176
446371601
2752533784
4893362397
1128420954
798053129048756224
3064945486
4193125767
1544336527
2352984616
713068423127908352
263125418
1598253523
2906554709
1045560134
2999484970
4632511637
903701676
1192735105
1063034107
431649074
1418976222
2822310640
24346799
2307288968
440247035
150707800
749779490
721598010476621824
2422875421
2800841139
1057565262
3806382809
3318915569
1410963865
295592416
426712009
2320036413
410719288
360105746
211061112
884874205
4000802387
724573957781856256
3405485543
1092846918
1498547887
443871593
378489654
2914562626
325145422
345591693
394837520
2270460548
454142762
526274706
405498561
2792078239
476976196
3417586493
2434259124
725728464268066817
3144494615
608217046
432926462
53868926
2904770691
241289430
524597055
261233190
857508649
1225148376
510942285
3083483560
517869996
257953952
232559332
976618278
742054546487271429
1652968850
785124249707089920
1389022441
416534525
2296057788
383052987
1104209216
2961876645
297599017
1464632462
448335186
555960810
362432939
955289912
364925203
448998373
2588366118
76620420
711187023
787718454
1100350039
38658249
1366886233
430743919
499571765
1638278257
3389132949
777478419424608257
242367360
1261559155
1063955917
383359173
2525069528
568209601
2163227033
794653620956495872
2430601185
386933895
1699665619
734456397824430081
38438354
3928015222
3688803513
254354362
614219170
538561359
711909518121312256
400383332
2437403432
2995507655
4773912928
728267401
772827890954141696
552291348
2940755837
744252966501236736
32368034
3023266619
1249898532
2834342109
1719985794
2527788012
53200070
392117332
591983888
797805269539520512
774133777412923393
1725220519
809434112
3291933754
407685967
3862086448
4853784417
54225347
2361394675
1021541239
4229274312
1257848173
790999460495159297
2711832192
801919542230470656
217534298
52731955
4610380588
4179625401
2719761311
3103748006
1829960281
465471132
285099275
800998519
490342535
2443006233
2234822984
760168608890818564
3244606739
791992604640604160
3398885945
298123237
391896780
318414872
481355521
966529369
1368793633
409448246
1119007478
507474473
324818479
83115466
8266162
2987972555
1016682894
4047428260
164225638
1876212612
3246837742
