421974447
3358321371
2850074284
2557719974
1404124812
4074792743
366332600
627550484
762284905145438210
599247299
62022464
3041069908
506170223
800049301443506176
799248233981759488
762573760037871616
788124436406923264
2597512767
402174719
1474213489
4393094843
4738694260
716332246513360896
3185042662
3398698065
757989565600858112
396841926
3301531378
339066423
1389042925
65335565
497798126
752185006517346304
1179157244
934053559
3303278242
422340734
499222248
130103067
328168761
2399785188
3140978387
302720976
180768349
746305585642110978
33502178
2237096859
2732373033
625000187
438236543
529317309
780154938529812480
751074752803004416
4160203479
460372157
26499377
210376076
706446857803796480
4398733419
728695134
3906213625
296721949
440691898
248662100
1039420669
761965418395336704
722105587635499008
2513230784
2315137362
3248002781
4824031401
2258992916
135612352
337187902
2243630040
14575613
2287024507
467389922
766299046378102784
386576472
61996974
499128183
3200053252
1229478864
74544145
1561360807
554237109
1551619392
1048291818
1260275882
2406506894
180317088
728807104790794240
1262157433
1154788808
2462444372
1307016348
712941879113949184
283636579
1056228325
48987948
701425649169338368
111933671
2336431904
364237197
2150969605
58440383
3433378229
1373828755
292417838
3056927199
423732690
497021694
452010658
462701585
2827724028
1190157246
931280858
1346574637
304945509
484010722
447231795
1322376432
498964636
595372301
803526977231712256
1256727248
945407058
481575282
3400696882
1914960499
801545224808001538
781046072865087488
534669109
1176618985
3377428947
133461180
1243979124
1583259805
2504129001
443187387
222311955
3126510327
729909979768074240
3217393599
4795701676
451430534
1039048494
573081544
447816724
2328166991
43313918
619084943
784331797496631296
1024520136
268749571
779211695239655424
2629123617
437635996
50588269
2236793966
2898840951
2589653764
2170742693
575833305
755865615836020736
885190620
1159837046
2840111003
1027581487
2958027549
304933975
3426670696
1186844724
794473839526813696
55533513
2987686264
1176925574
590037686
408738224
733743405751271424
427420906
589418956
4472452815
3310355760
1562752760
1596483368
85136516
191933406
978137395
1040220258
3159339067
801348354760474624
765965375792148480
517986135
3298343308
1016105090
570728506
183166373
190688480
964810638
1330005582
1012066934
1126319712
210501383
445039548
1946899837
2149606038
425931009
1521455803
3082802711
759428777793429505
2699111971
2759114062
804732323501670400
423280813
783427641298808832
8858022
801536179145424896
1157534816
264941030
741213667576926208
960087626
2288845078
558981012
1120123548
2197727347
4256715496
1348840861
409444860
1077211
627128494
254803562
473848168
2832177977
513144334
736896977749839872
278520990
3978799463
487822448
401238652
1655311418
634575700
398939919
449280374
786594969884778496
2995826032
997982544
3914047581
800665008384315392
1251326239
2371576541
2306993641
1238622974
143805886
136225328
456874284
390622095
428648797
484071732
367391294
2773268453
768014298
1492549380
3834367960
430200691
312572813
736617948257865729
463969453
1374076440
791309619478032384
512506306
572056299
709232802
776357522
2427827258
1642443505
902528365
1567861014
1318601540
3063043545
521337019
171447577
340573242
2945995006
1194815508
343239720
582622919
1709866242
770271033119178752
459517718
203717084
715593055789826048
56473208
383790840
554353486
436730674
1320523968
2216107671
589286587
3108090405
781749446908477440
504573386
4818219711
436640636
3491171117
602903174
438700919
776553725603307524
784751473678815233
497249239
370206198
3004054431
538302788
2563382859
418546477
2729520336
147543162
1405748826
2855662803
136342937
1105726136
2774316855
1376730776
96874558
540264278
464755043
1160871912
385864055
1086628860
3957645843
3909032295
612576300
4351705817
253289367
1478297786
3290984981
2990072992
764201799217717248
2169813478
2965000805
2427072883
1073360574
592806834
393392832
3259953670
482940177
419108716
3430176939
2310261690
2588051975
272406559
999469686
1228029926
854600858
864703938
2640435005
3728578817
83386342
2363886035
2877804497
518934318
3115905790
260372319
293484907
1517788118
1037077783
529606550
773869687465803776
2520216374
503389433
804515981976551424
724630872964665344
726417519964213248
2316727530
3930881235
3020323600
444807091
1898454535
4038647320
4824399766
2776118607
184489591
1908263497
251663248
2235916268
1227969776
3418726954
98719187
56674519
2548419224
1259041459
2366108005
435685724
2862499199
1133516726
2192271144
4135497845
385397958
785089989692493824
2807459157
1409217584
17709747
3300878565
17849926
800630640
464536669
345475530
4182142288
342118728
2479620311
787296414695092224
390835478
1354142214
479840172
44160875
783023868378279940
324946999
437533038
364189418
371781632
801841062763491328
1956114378
1259494134
4854132653
778195022973923329
518549338
1205594306
3007811949
798743088206319616
2876387074
481929883
614101601
851734538
1962516367
1065146798
721673315480399872
2796520444
283080198
181481224
254969508
804255964178345984
796033080335224832
3169131753
3168011729
458460908
2282008813
1481780942
478010145
2319748337
4579125253
3309946937
1367363988
793787252040142848
4702970784
499227001
709488378601938945
2870991377
769784946361794560
1040908952
573306944
355608779
1065387764
3347613405
2658993140
1196533130
224940210
486517856
759886508220309505
430033435
564572462
161795148
2674872705
572125780
481161412
239892470
1384398409
2212485620
429177293
515351678
944665938
148343334
2719244173
3306953649
2943742474
2337708335
126970118
1329958921
4243675906
2361360169
621553
783627340861538304
704554549
3341844040
783266769293180928
255448965
483034956
188911058
708429391
414373079
418168236
794092015634051073
527503039
1327639712
2322290576
1717274785
1116674660
976455469
1857148146
2414070806
1158164456
2865546393
796332127059058688
84817919
2223966992
4502259255
1227596455
445567589
4133217027
1174975232
4119726443
1707854503
4833429358
3752394153
3481946428
3223929605
3331340710
354125985
108936591
210876091
513481122
298079436
218663068
3217711420
307233953
2984198033
1000188997
3124240699
4212866417
3324571887
2400294800
1397232085
365065358
906326683
227292792
2174144839
118053242
745255946528636928
707184555887861760
1204749252
1037529548
427377125
1264916744
497382403
3639353537
1402879052
3368385652
139715784
2548045884
1384913983
1291226797
2242729885
1068011798
318575239
2464168508
409474239
70969814
440739435
3855462819
2914286685
1139368074
1642789244
2774751706
1477131018
3034201259
481287765
1705453885
790464906453721088
1484550222
299919677
224180160
1667689482
762727876286410752
2435959670
478607229
109034099
2496227954
2784502136
3480866369
585968039
401650330
790218643619602436
361319690
441149399
2340110677
3291324425
369728921
514440497
305481008
497158268
726770253645135873
3177211792
516802751
536140387
2836840346
801526539817013248
2530314205
914574283
3198537093
403695419
800750620818800640
340965292
154587914
998065292
1093512139
795031432464887808
1168618789
2504436965
2979240557
2842562447
2232915432
716326404707713024
47585054
431117026
367611357
485598617
2948374265
731252371226042369
1023807246
138364373
766208199917703168
699694791878168576
747427933443264512
460511131
802581982035247104
2894413583
357004267
93947179
1466474701
482045811
560086917
1394750035
562522191
1305597956
160339069
2499039877
2527780688
383842954
796246539668692993
2544957299
1382274499
710498404531630080
2305365956
573977989
1071485604
579271577
1357793023
3579613995
233245609
1696504896
1278796585
297497413
518496696
410589376
1447215498
3318793277
2358348371
554336117
1061734838
1386808813
2881376289
754719889
795764425697488896
352869389
2180414952
773567374167506944
797197311201972229
431901295
353031276
1265196404
142590818
2824073461
1368152558
954210997
991727834
2938357835
198224286
3340616146
745937591158071296
1084193910
474688076
250588334
1615176902
446362878
584022845
2813922736
591009919
1876456813
2224891988
789851924
438849246
2986947023
1339529246
603531704
4358642595
1244857718
541527026
1215628212
2929403482
1728170558
1145972966
3143810488
2361232380
794906422320447488
128311146
2354395787
172675414
765519857941110784
721338196639014912
17268435
2397594482
420495514
1111297184
545384133
1007560902
2317045753
3122280521
778900450812764160
1617587352
745784576719589377
57060570
797736365647626240
836055234
794543370530095104
630459182
514714806
541759113
229804443
2463100707
3351745755
2363490707
742397759991480320
2514865990
1357159903
710829874773155840
1259560544
801153862715535360
401568346
237448162
1280566146
1208394690
748068474723897345
607353825
1479702782
1861238622
489562627
354284014
3345161205
1430503478
4474420155
207211184
313331114
2312130859
502106655
1701151104
96327061
2909929737
104239528
1317829602
738344440851468288
3213490474
1088677627
40695219
4689219091
2296153657
421766004
4631600495
518743903
708755015868006402
3559735215
443736469
1114715887
2644998883
399585033
4069116213
67746303
555963386
59165953
1492135807
535739496
414777806
548616993
386450799
3290073059
720632435306807296
2431985092
434253661
615969319
273381975
3413443713
777506688316411904
4495330181
1719811099
2467750806
799613492466749440
789443113651699715
2900737540
2797539111
2277863537
517846120
2201613873
2322947462
2980016638
1128807018
401507232
289400495
204791100
755320994131247104
412129293
2375661338
396043184
22010247
1080493914
909935803
804733582447087616
785773375385923584
2197175103
343023883
2313667127
37631819
442225392
2400269172
3064138162
26295447
1911991346
225423130
3032428733
3012543173
1013040007
723203630917136384
4228347137
768979276804874240
600136789
3042211947
957412262
22009205
4838445220
794287344715235328
2966503372
3385105642
3351211565
1076496552
2980893041
330574100
13727692
79511997
88014506
801845830483382272
717452216840429569
2808899800
564492621
1049923886
2327584543
1958902520
186399539
581285865
1149043339
125950791
186836715
379385287
414788919
712712005287813122
541824556
475829005
1528013437
252604372
2432410861
2512327216
466358678
404951630
141896036
2692227380
2467357784
703875686218522624
800969617082552320
193786720
1319962368
1176687842
2870669794
772900941028884480
2862904246
495011205
2226747666
727548236710481920
1681204890
1044932990
702614277472034818
1033543891
365304824
1891583048
486077820
4069758477
3982458934
570274433
1901906809
2575440461
128948359
777547178516553729
1019814889
420627699
1105814539
522457817
530990399
539997390
313323905
735474541359685632
716591970106417152
2704662807
3034643483
716911634871160832
507792558
4914382227
326316197
798883998458056704
2971568187
4372999402
457819169
184754844
2386835695
122363556
156316785
29556279
753856766639824896
4549605137
608149538
531664037
972872618
1356882974
937257134
588275518
322037405
134554873
3137496366
2344708881
368379285
408704922
2250169853
65377234
123336852
775301877512675328
385088302
707643839343939584
1712830392
752520131553660928
1275308629
2975733075
3258049857
419862356
542146146
65494640
1276256071
449717780
4928491697
280242927
732317340092780545
2956918469
408021280
14460250
3289975816
490602212
361341817
3448617916
2856983111
799170605945942016
3700502176
1310209976
227306075
2169476813
237398463
704330777190907905
466368047
704134053
606731466
1386793261
2942209786
753706268024565760
2845429815
1454777372
2835640580
744828787137839104
261421785
145802194
1363882460
396698099
836271002
22757909
344767294
1085534767
2198193816
774029536690307073
584806981
470174685
544700808
4275415887
908951064
695753
755102530527457280
607112247
292570387
245924561
486994488
11043652
2273585752
481457729
3290361172
747451360715616257
3884169503
4847651633
4219308970
339218501
201749910
462427721
944638987
197193073
112790908
256213996
1315379233
450585386
340972113
324332181
2968750552
1127733265
1065306211
22659500
731093380151803904
326183542
1159625930
3425790568
2436608759
877713914
1690434842
218067973
791015549123883008
733383127381487617
789480289944866817
404736599
236565724
711951029198258177
516574301
802293571693019136
547759080
3524610567
723094218734862336
1357263476
161428463
765113425882218497
1375651812
802877940958642176
1843782967
742168498911203328
469755340
493311205
1230361375
2350615438
1316667145
732206617341595650
475254497
1418554027
713403141035802624
785027790961778688
220996437
4196122397
396697179
4869095007
22188018
1161191406
2331861340
55246808
401517487
584840423
2508295280
2936813295
3058937357
2495987256
426767777
215278944
475862409
197056224
297435979
3458373497
1229387604
3018108580
89492611
829507466
4924190242
4885903612
9055772
50569228
701388779114930177
440939489
1175727986
117847962
4850369241
108434084
99702635
715083557581033472
2598393001
4612811716
2785334697
108700808
450916665
803737951683416064
3140067088
2957131078
743437317130575874
2756017623
2222783701
711299618219364354
4299066556
2243752217
953895188
2820646831
574017966
468738816
467573735
787888638
377680158
3119071163
1166877775
1239907388
1960868090
2501851306
3053183649
4038240796
1930695714
1354935949
1927387476
775636532
764195579081752576
603304951
1172281572
458632561
4174063036
270816789
754037580308606976
420543944
567278450
2671300287
483143078
31082952
2164608279
551331260
783307585206222848
3019629387
4842019119
3230650755
721993269568225280
1919454733
986686861
1728345799
2959917485
369152286
2291193420
1672302936
1978729974
4827510405
2221404476
1874213306
410764821
750612188688154624
3334600017
789486371270455297
2596945387
2333497668
2933917370
61225083
764853057909841920
48967204
170019149
1314002262
903966229
4764008248
779986090707021824
2505261984
800673423198257152
428897370
1026948296
1731664436
1665392198
1360099448
20430345
414253436
711250614995558400
2221874484
1347820057
1853857640
481267605
390753281
51990337
147701166
1474855951
97962621
3041758444
798852146
761997788662169605
3015774443
870647947
2575010427
2812859778
798589575929233408
1401604591
326601986
3227318753
803269234209988608
3024022989
2518059282
432637325
429974408
163879703
416890492
477844210
787664361036939264
2898244047
3552200295
621679998
370639956
2883671135
851456364
4881267029
1464788840
174428238
439880852
1469191586
398611235
528877295
2416164429
2199379837
500034455
1579008720
1429916701
82389388
804257184536297473
63126601
400210083
445705786
248176574
591884349
2399247913
756156933879525376
2323994552
374941410
1667242129
507966909
376310225
74977946
1131103262
2482825875
4895055400
1086442256
800371833363017728
268905980
2482482240
1103389747
2229866449
471428838
1339138579
262194160
318923862
1172820728
801700087525216256
2967886673
459446024
537389666
2631647879
1858061390
584936553
3092472159
1071260784
728188723075158016
1369005530
375785540
2901882595
399560982
219406236
419768382
398032197
1194465589
455266241
85117452
800997096740491264
4185673192
523533255
2489764008
876015499
3424436500
760938946956259329
2846988880
1066757623
414646088
449736439
4876992285
1726446366
2281936099
2298937636
2608180804
398809701
1037692622
1384265604
1680697170
2512354461
1117576526
1231417717
846230053
2740549287
1117253024
1266649207
785129133009494021
3432995584
3785335761
3860789548
449896218
797519058031824896
414354427
723538940502913024
778644518
868360100
2218143675
450654477
303347593
2197620432
4829445388
507764433
55400533
751104484969947136
1122896984
22014556
290963421
4446307913
4920828160
1454614525
1642833512
2173132780
4923500123
492868812
78553388
2373511429
819475597
319141378
766248051937832960
2470692079
3939431595
355265834
1493039701
431904458
52332450
985118000
450045015
2210304416
1420759189
2409152520
889235600
624359831
3050234032
2946220173
3510108957
482157683
1883696546
1357640916
751908572796227584
511805317
2848116069
784066684852310016
57282569
712045138374213632
2611246133
780382517715202048
558032072
624096392
2230346403
2171331383
2846611515
2184410046
466390775
2274450562
3395698721
315669678
2411361259
3303206327
934188559
319074916
347971166
1055582876
2944294475
386999042
94594903
3305939879
743869096324927488
448164890
2474195647
568604367
155093398
537538390
2351925668
32402183
701650211391848450
447863789
4130639901
317188499
334283957
411403085
1059881101
47368925
274014643
467597283
303757962
1234449386
371633792
204041863
516238138
751149104236027904
1465195916
2262991946
2322849823
2435916027
557242175
4483480636
564148431
704446219079303169
3610537156
389395835
804961884
136692380
209007993
455279517
1620434077
332776295
706086896275955712
424087659
3310494263
2155767706
1063615682
5593172
4923954136
2438762476
119442405
470977705
3067642931
498853740
2359281943
1357782474
374385397
426152264
2417471190
598558484
2595286561
1039654752
1042515348
2355077193
179568411
803115076672700418
3059131623
753199104
2280764604
3843650115
4024081156
85636061
472109265
1357773991
2189430449
1022053550
3664116256
726861266732601344
717970219596165120
85543043
712430129763512325
1307698028
292487530
448210781
61154684
798094458223030276
144040138
705693039491223553
906045619
4860992891
2424988655
288286492
739538599918571520
306134369
39475962
4861559277
949904282
222411571
2594867485
847497841
792094761637257217
2481871779
627829911
3032272127
477543705
500243289
2482305961
1288260026
916522718
351555225
132058820
2165345631
396581898
1349273773
841647078
566361704
808924015
483384295
2872332023
1204728828
3360251476
1201691502
374509955
763080808420806656
2819178244
1596129524
3399848795
3297601040
173522276
2236761742
1262703662
1692341455
556650372
426774983
3107574627
534655010
180004814
79036955
2239964759
1120118342
558085585
13294452
801443335160365056
250115124
3341932025
3225129341
473166234
1460451570
494376940
3306834975
420464238
382650535
2174535898
348141611
389576152
587521626
4924594492
4188671596
804573803527491584
425629947
776102005873995776
3301832783
2359548435
366182644
122644390
487914485
394850579
456713204
787376854458109957
2561253733
456113087
1062995012
73846193
3299633446
405004713
1682943559
256835865
532545883
113962014
342077520
217939114
135200428
989841337
587281863
475325454
1259113842
626291092
4927335563
490663784
561473002
377619841
982401096
797134962453581824
1935212131
21584701
3399075250
1314367554
4208501391
184677819
770365997891084288
4373093181
403799808
452957109
550265670
3164390831
2189827138
50233016
1265332770
417947467
2352305154
3242519025
491140594
883099326
1372167474
134780699
801062327810461696
773069091003371520
1510780328
122497273
888075391
2876784275
1275799418
328683668
614540697
321264725
720897240366194688
1125816168
3350829082
2342515113
4851430133
4905617759
455700963
2260822969
1407173916
260656713
351496811
58636171
3107403695
708278331314147328
4188604709
570833587
791628536557793280
4249591816
1361432923
133231909
211090942
2821597763
728166959427268608
753620675970142208
341358459
2418921020
96340114
424964797
4810630096
718865323559096320
778321813
91145342
2490943567
3332448431
1187298426
41068452
2347645222
26982622
157947389
461962554
618124225
785934232698904576
585588201
1051389715
3024921597
1530966212
1068927198
90891882
4655248997
491225607
930776294
4227664641
721084485190688768
1092735302
708077520999079941
288329762
1050589128
331899482
50236559
492928982
2948698869
803617893464215556
431603447
2220186288
2176575594
3253240709
2840979093
484666748
484982241
1066071158
411372439
147148538
798416925466521601
1915390190
802106836392480768
347497240
775381846695837696
2843769504
3078186189
82902889
281884852
3195753809
1444784371
3094278383
3408525531
455367559
2154746892
1096682496
418028983
501874833
2562814182
749836451785867264
257665435
268183904
421758109
604520390
3138188655
506387757
547050389
425261926
455729797
142802377
2371137846
464477643
725370452210794497
2218411411
222903495
406453295
3996856863
755313289
4098447160
383111229
40708908
1556455656
572469988
2655855700
4611199415
4054106297
376302409
595878183
555569966
767596251311407104
2184144110
2509994134
107517248
500236905
3191176588
4866412145
395172198
518840520
2803431199
405443137
789368501903495168
585391357
14541696
786276460080209920
402821533
3793353617
1060544983
20968074
197183571
1206116869
743514238493278208
2186313922
802531601590657024
532733052
241641367
2373340799
799340178854866944
2356681758
2202015179
1015943185
2837751261
787588319957966848
2318486375
1518581960
2405837416
2396599558
2397709991
961246303
707656621795713025
109651861
59399231
318939574
2204552612
14335321
2947606421
252676505
124778919
30248306
2788765798
2788788411
2891197923
704431464524423168
307537574
531299176
359454995
1701836234
384240252
577873250
794072831906775040
992838702
3030746020
736543941101817856
3237012287
757949254765834240
317659038
2328923415
461248674
3578738958
1011151154
2433235432
385509546
712986674729500672
489693440
208518075
479604138
4588008687
490373717
2318991212
248721251
943155390
747404363027652608
447432073
514377723
480531196
923947808
321394308
1034895750
1386737474
4459166907
1022801072
1003775976
788040280222171136
486566563
3823074077
318601090
1058075719
431976775
297923898
1030368018
1183037616
477654724
743477715790077952
3037744342
2786973323
218931858
400273310
2719186852
1205250264
1456631540
533019074
146885755
2207852354
368950045
730132426110992384
612793180
742048419208925184
439908934
706217983862054913
562823508
1269373038
483872778
1573303110
761663528
708755071861964800
2650978150
2272916900
1561186362
2244460336
848045168
2540653035
4863618933
517400567
617201169
2416492224
786481498660626432
2598012474
3024843525
2780653621
2212948867
2892216196
307278565
4306786001
789866400332611584
997179386
4308453381
806305806
1134804595
130273357
541622566
4902200932
2606221307
362418587
741762693972021248
784105196070854657
3075686139
1183652605
472170881
3368018859
1399652916
1357718432
94956249
720515573
524735883
963144078
791521154
194217573
711159303709847558
2148135826
501818633
2939751015
1382206622
422857222
2191680460
116685125
35804051
1233945602
521090462
408406196
1707224809
482246533
2301430825
447439107
1274899394
722684492
1177462297
91138156
776897719122202625
2868997031
459317071
2937388577
2823377296
3033189805
2570957394
63650287
609790313
396564186
1262939593
739885032983154692
710864700851032064
453966391
2999325983
843757543
740277257424523264
420236092
4148238154
3166034463
2511962844
1640766590
1107205176
799653873338224640
564360716
1344131071
77031813
4074398955
716356338436161536
728214116859559937
270951173
516320049
717713995
446942856
1332630272
391945446
749617259849584640
336996257
876454694
403444000
4548508636
3053055853
736278168500375553
14108472
781034881073684480
712285514586570752
791242213321834496
3208363431
799233061435146241
452278988
1241106426
1978842355
329557869
782377401955287040
1063332403
1229872982
149609445
594415123
1192998770
804727916684857344
87286001
986828390
377660882
2983119910
1348851210
803672406606880768
21771426
171976569
2857413639
2470879507
2442789564
1380718032
441651345
788286737172799488
138772797
318549168
989502775
3588475175
173816714
1017971648
580184217
355736706
2352831452
704779333307650048
4106012295
1252946868
4827614413
718039167830257664
3825308554
4040505046
239434137
458877688
470180296
500174528
2992982729
4664853389
2444362003
606958796
3024070996
775681896676265989
3860196976
738033666811678720
3256271740
407891527
48981619
3325181297
1517691259
4559130286
397555068
787324511330918400
794889137845366784
508645944
26973219
420905398
447067861
213616021
4063380377
2889852755
727483794467463169
793060472912244736
3094312457
602574015
442005205
1869414950
585072407
802843485774745600
1359282018
379446229
1357675208
469687925
1246270873
1488338479
161373525
783346443138502657
3136144581
452073619
2898075617
2731631416
788754158241378305
2354462598
70691549
28333557
2631427167
405094298
873734450
27157214
773532512425537537
2987000517
493328137
1372497578
2311558334
1275239096
83920877
783244525728915456
590188450
2975144398
796375652165357568
1357254163
366258436
503303414
142731535
1068604638
46635793
539167684
522987521
948264493
772120295465443328
1394460469
2354476783
528277961
3043540575
1009243501
3332411590
2189987572
98491122
2882381601
725050316849336320
404048864
225490204
238781806
776116078124687360
535447658
2275495767
2896345199
1351237069
3294175732
4815678869
220308940
453275298
136232653
4012526097
480740992
528770390
400630735
708650713824534530
3387034282
752944386472865792
602182097
1385272040
752800121138581504
632324504
728229998918811649
1346566790
441643347
257499288
320246595
1110202813
433636980
403430248
3117151365
2995763703
752010888
557887612
95482042
802926949723209729
754009621724012544
424084271
250774432
1227261115
1276570771
85590368
77554140
796795293316612097
57069599
83185672
3036745805
1920910009
19592755
2342517254
306180757
432688797
25851958
729981130007531520
324262863
369200086
1905601525
2774578942
512534556
764140480775020544
2291548278
812800302
4448775455
101573147
1077199572
863845664
702171804417323011
382029804
789833483275341824
500214625
1974735698
240700782
76616277
1201970520
1092084720
2987269049
1427233322
2810009016
430995535
2342856875
401687825
769549749833916416
281477534
3365915002
1546547437
2591510034
3001315397
1275230222
780763287872901120
781954997806370822
777879171993337856
726847158
437358087
3314962654
2442669300
407685623
2256287230
2241274927
741592495155478528
396756630
986140489
2160639991
2565153327
2758218200
1086972710
557827565
786132636473319424
307819050
581069910
384214851
1033180843
202946046
2998311941
3399065008
796237284
722053268587855872
1007379228
2917451476
22617135
187891681
272028995
331629012
389920206
367128084
45176195
706596340306984961
3226161388
503199826
2816638404
763353589347672064
2469186961
733026190689210368
467473645
2241594340
410631936
804753644
801422494708236288
1011183535
219361447
849387156
962612156
761582724176027649
2517329992
1061367398
1385223960
414634390
270586505
4609193302
3022012884
3031672891
397462479
944721086
89212874
1138200559
71887780
803299268136173574
3169603576
2687289798
782126365315371008
252513275
245053650
93453242
1050542586
2414596461
449619945
2875204096
957666146
929249360
2359663543
283215401
4871813147
4470002068
797899051660353538
211191573
83622909
2317777141
3050023667
752786587
1357812068
2189190782
1345269470
3319305760
773929798192300032
2727207762
760552902297546752
8239432
264300089
2394684582
2371021127
6827962
340294381
136343557
1037286848
3251331238
139188966
317680130
322920844
1204481552
2179542069
428443141
743016612048044032
78562487
589253599
2689665578
856535857
402995375
2480246000
979023937
403308180
487824356
4197183543
335595246
154179790
1729205360
822184940
1849326181
3045361705
2523568577
412183823
2462609518
2356806462
715525255972917249
1083273792
400837792
962048647
703453868
1472290938
1424689315
3010276522
804410479540105217
1900191667
1116777187
732773769824047104
1142502205
468677530
1140596424
373277341
758304360543707137
447043590
2929672425
2962475685
794302419203215371
768783082736455680
4688837276
18319776
498962103
2780234221
3662356395
717298186621165568
359096965
919778352
58016005
475914837
745931678649061376
355122344
183287158
796633906606964736
343370530
118513045
539013455
1142378659
1416161276
932888491
880914804
502101156
51522357
1378987628
2341908197
782496009708507136
4248894203
758178577909153796
433293009
793166155112386560
4459087695
37901057
3922344275
464127310
2539720395
504973589
460275730
1160507178
3395020235
710828364387512320
2858721511
64144248
329152979
3069843927
2305829379
1057930387
396218442
767600300
1036881932
496477841
761729339201318913
487914598
779917675
773183546966048768
4659874881
1102216892
485521993
737964567737864192
482042101
313390906
482100150
757481263976574976
1639689480
753986193495293952
407194493
91528810
238501588
637254997
804354408
406443794
1635529807
416346211
1275988495
303298353
2214655011
200502085
446903999
315970979
2701310119
475248885
212630588
438707846
3403986760
2714596672
865157341
486548645
1085455423
1357909922
92780091
2450265194
3043396313
4817551755
317975293
1438986181
833575614
541622296
605499197
16377508
326960437
70951142
554546400
342366415
2216077174
489312732
847373431
2988110818
47057507
2377363345
326226399
3089012589
2388969988
2153829339
3937406775
1134720390
984646254
1586159210
132307470
51434936
252185251
1039694618
83224596
33205675
716422928
368819722
772498157636820993
1476718243
634999260
53139843
4180753079
3613181357
385512892
2319258554
2798863589
289968649
3344614767
453959464
21757709
390814833
734725512950603776
1197742358
469398862
2832335447
714382420
930194618
2866250985
49420439
354747398
49285071
2186181725
724438831
194632941
200440164
2479372688
3704496436
2155070496
749984254923243525
858028831
1543776763
130491898
457547376
4845999597
3554465607
288204711
1405789050
1222622413
318434829
113075421
828717014
1357615280
968433782
379741776
415750859
883129802
2447883613
2437297384
791374241123926016
966699302
430554250
2429092036
483368442
166161984
173925687
472130584
726540842660409344
2516428571
581801913
303682085
3793358187
916326246
711616051587510272
2382248403
978514940
2737679113
509039455
774612532036329474
400899688
3416106556
783600115604914176
2195551592
131961987
122016493
2827362754
797159309381685248
396597980
1166270324
1357710228
2906264861
2352401171
726108618051997696
3025426804
3235436783
2951279819
2153812941
180480028
1130420497
384220760
3435148533
278915300
2901785282
478647183
742945550
1704854190
1893025346
16627700
794582375867052036
1283249520
797123652487696384
142034488
4702133172
2921447206
1171486081
311499463
278425671
756726681122004992
3402750436
3345500818
284706444
408501396
4350748833
802176344515866624
341996757
395967162
428880267
392656492
399938605
4228328659
65937395
1063923588
779948887754870784
2205890973
1251322195
84130259
2344799433
783740138660700160
763094873473945604
298996098
433589446
590813398
481304796
483198813
3171369615
500010633
481359440
4878708910
1264018218
763761138047877120
757666869499363329
89271619
2612652422
844292455
721068668944314372
3043362960
455562456
2221331701
3343429930
2514356463
4885620221
787689894
1013879910
3030465038
517721087
427201823
961048572
3430185532
2569703055
369459091
328515345
630918299
482028780
417904049
302561494
196146480
112805407
3074122662
468197270
1362144619
2279399816
770500091773845504
802217884760023040
1230204373
1667168719
582236593
787403090668482562
1009028191
488068798
432211151
374002317
28528873
797374091959406592
1045573032
385587470
23304197
634434387
738690837027131393
582156011
2987085395
500592044
401330392
3046231307
4031173343
331886813
600035007
912833226
2751861019
878132748
382791473
996192925
18935802
786215749035720704
1377648812
2788303634
555765767
1595843437
621771505
2230108075
831854412
72848245
1412500075
257064557
995021599
414998753
3037822119
753526761724473344
1204999254
3417233499
153328525
779608679037411328
500881322
2955476583
1657344816
1106912257
57293063
2221902807
741166313893138436
242399306
773956774932127744
498846820
1068728030
2365532641
738311371255906304
775299421705732097
765647763442896896
514243349
309800578
55238295
597696640
778364863630508032
448732675
1311291734
1394582718
1212975134
446490092
545448505
417904492
194577734
3347934334
760935300189356032
220330731
471232887
780409230788554753
2242177337
3332720836
1129269444
3723326176
540740277
3201928624
389104963
97700741
1225509780
3349395617
2698941508
2546560394
191769619
757926274522288129
232972471
232908749
1036788019
2921663932
776900392756084736
704394556884787202
788777410829443073
788768928751349760
2425890542
497752969
2459351590
393289136
1939212175
414633804
722086969094905864
476866628
413125855
85300634
1109887628
800126931463073792
2993021697
1074413634
422646193
899978641
2464828514
4743526894
21573433
1357715070
2823910739
412445498
788001483954483200
787748865197875201
944659129
402863215
242071863
1121935962
750424089429413889
1334865294
2811414913
254683319
2884126876
536419265
411406380
17211295
703580095693385728
1857561044
326964467
793825525483442176
1159915009
1489965936
523432889
2292447337
815134452
2190915769
1708185948
528846336
3064945486
1336027495
371123495
414744686
3217218965
372937945
108262067
2958168039
487751312
2997976379
490346051
1063034107
504271524
381589283
244053999
544352838
599114492
1337403674
3119633084
478565327
1057565262
412094285
751148634398490624
469354495
3301460381
1636129136
312613461
793500285574455296
3902252362
1034872262
61751856
794957025994215424
364270497
1037152033
391521149
2351521726
937020181
1030996831
360105746
211061112
1186190486
1876638530
2432208854
2192421606
551374959
345871224
634892475
574543006
436629007
2436261898
434204893
406360666
1332209119
2211874822
1222000628
1015819494
585439502
749611364
493278355
399314100
486015426
792216138361016320
231118677
2316274661
708223750622343168
53868926
1490744682
402670015
2870220975
261233190
3320655053
710484705561464833
2788479895
2327342227
2851968971
45318031
425317597
39022638
475965087
964460408
1007464825
169233625
500582673
2296057788
798899498152034305
482783302
1715119512
1055346697
717321779904126976
802207699664535552
435213350
3081210317
499218258
3168904809
764799963209539584
432670529
2940752734
823550983
332885533
49271778
381419274
2194731016
4756502391
408652604
2442517233
434816089
803496125487517696
481416521
1037427926
448998373
702845775617912832
387043149
752032310690717696
2538706456
773775218125012992
2309104363
865973760
230849160
789133030954823680
337155946
759012860118786048
2213170646
735053112273207301
1100350039
2219899278
700901262
1088806153
430743919
45301618
1638278257
2869471262
427395499
627756711
771434547762368512
187951412
1433286055
2362829526
304406977
793469352871858176
2726843513
558651454
2222183850
2508778031
513526868
946288772
1292314838
1010820098
908206586
841930033
3001581299
3378624910
2986027019
3928015222
38438354
618964794
3688803513
1510136666
1207677883
496100814
493947848
2588246800
2940755837
754232386259476481
864657686
744252966501236736
193261391
4843412021
2359448190
2386237696
785591108419981314
294485532
631428101
238507280
243207562
797805269539520512
415719649
1961051569
4832053377
721143737770971136
2616680851
2361394675
1021541239
65414833
1926516720
1068963974
1064232619
1101446990
144238332
391620881
246377592
1829960281
15790363
465471132
831768450
4892218558
25676606
273316238
621290757
2234822984
804671222785212416
587422277
298123237
391896780
2318388149
409448246
1883765348
93440777
119686516
1016682894
375526258
1876212612
36030252
