36636510
406569640
531198622
1361794033
2434465310
780133788001112066
86987331
4376544262
1046538596
1200815466
13382082
2597512767
2511415512
779164950
279488511
3431896313
735162653123846145
497798126
989351852
2418170407
732504700872876032
751072386305449984
2907681609
326854012
194972957
703708224168599552
1009689127
730389738323099649
1540142966
508008536
828812155
210376076
399045162
811565292
549269702
2978091879
478481972
4698860869
769434494789091328
1926643158
764525968623071236
4824031401
613757903
1015392134
754658882551738368
766299046378102784
467389922
4243139907
352244786
472245527
731177161420312576
376640823
461948046
1174274426
180317088
728807104790794240
1307016348
418743064
283636579
3389000429
293614669
544951549
229089974
3433378229
9551342
3427709602
475678078
4343359779
2787877105
962311958
2681732816
340309409
717532001
3256208777
7184902
2249221297
303139658
1322376432
945407058
1914960499
732278054073012225
524372178
3228521201
3217393599
2830228252
411699195
460507111
573081544
2328166991
4252198762
2564205321
16732211
735192087298117632
731180653149061120
731145439647571968
416922961
759675705647063040
41094956
3426670696
2808761
246976552
162472072
1008565081
2334070474
2351601439
14094007
1562752760
775843885
1319275574
2178600592
424950362
789130468469899264
1946899837
566888485
282624338
790540888237830144
731354389127004160
2679522658
2340302399
3312303309
558981012
727923945312276481
473848168
4092809355
731345316180418560
386474826
3978799463
517330794
3320747710
1038231816
985048194
802653586563928064
416130723
4083826618
779785751307386880
325473654
184425554
2496933837
1053176233
4365297623
521337019
3405634973
403334506
478835343
498240204
1444286834
732562229619494912
1254440240
1079395843
1387006716
2408705279
716740338
589286587
1492509740
786541347750588419
590239086
1117535029
776553725603307524
418169040
731141944370286593
1481960144
2497838698
3000604564
514161086
2592479230
2200551363
44120419
456854642
229821777
328172814
1331086867
17880873
428368107
731356412660486149
514596328
2497163614
83386342
2428565909
2236569729
594802106
801902050254721025
745916794100125696
1517788118
3056646477
529606550
2962772146
732465486944821248
188698325
503176063
407789173
164237295
810711224
520404945
106705293
1328976937
159985010
1000254661
54912548
2518901866
899385834
4182142288
2446501872
3438128289
2479620311
51140493
4898462849
616052541
3028809503
3179753276
722850803464015872
154896410
1219977643
395242306
2354704705
2376928902
798743088206319616
3094380329
730840601957015553
1137432630
2194614692
481929883
434505068
4871676707
375625467
731349450636038144
3326316339
283080198
2517301839
334749868
922995847
3309946937
6532332
1050070874
770283244751388677
131768380
4702970784
202219931
732541504116404224
1065387764
2757116931
765233673390137344
751814461690900480
490367299
337211346
538278016
430033435
732823264691638273
492688472
429177293
2706476465
1386751423
1252900878
747634158357323777
2908108096
1358915466
2946586799
2762614546
447854508
2219706021
1254291416
1717274785
732476248107048961
2921386997
1238514295
41914935
701046240788803584
108387449
1558834609
4133217027
523387439
2828316939
353134095
25800820
513481122
3346569904
300148270
1269539851
4447879955
779265942165544960
1479828265
3919219541
2416323679
14569308
399010858
2592758547
2873683379
425686235
2499224871
731176486770708480
2502131693
318575239
2914286685
1139368074
787009091373850625
158017561
4919661688
712647058709155841
2728974960
4880621775
1080423679
418786597
3179223957
369749865
109361238
369728921
1133740346
2471692167
1229273522
121190725
1292021606
800750620818800640
31091958
535762202
3047851452
724722046740127744
461978652
56657613
787451704954482688
731252371226042369
788047861342691328
544340367
1162245110
731155881694515201
96333128
134232431
699694791878168576
3343884585
731319983880437760
724303327077502976
2970014416
434279064
2527780688
251508201
573977989
579271577
34257738
1164336541
1447215498
22252395
2243490855
423088643
766066296618414081
985259430
448842961
985542859
3045205796
2316954791
2448102733
791034319301140480
953887928
859927674
4159474219
1615176902
27636080
705813420973621248
38398195
766901213371793408
1165412916
2385918867
3164540885
2323501770
3001004218
504894136
4016008995
315787968
3309510766
342681065
2976535643
889099008
1168797480
3122280521
1398322412
710265162834583552
1327241030
2354558477
621918240
630459182
514714806
1037411684
3588666377
3296476839
484257494
2504528224
4912620381
1229398160
748252291959037952
3121853856
970640923
731070068264685568
3057522160
731042723403161600
718807833463123969
2909929737
2556424255
1927224049
1389518442
801560814696144896
3406161766
2296153657
1041965744
799504971502944257
308905321
2919268179
732340775460081664
721044827962523648
211547752
4835686540
3038103838
784666406508003328
490504850
1068648510
2147638752
1083204576
2239071753
799339712464814080
1482515816
434253661
3995075176
731354123795353600
414993771
806425824
731018872606855168
1215471452
418918882
53773490
173419423
714002059
1479114414
20940460
2885630548
3011065835
1394277882
204791100
3052641775
394780039
1063280564
3414835636
3337540222
485101194
2948155437
2967451289
458368651
750005202913226752
732225465675599876
501122229
2903545671
426094795
888531398
600136789
794287344715235328
465389756
3385105642
84300444
330574100
3044765553
13727692
246731287
732417645635637248
717452216840429569
2801571939
2964119115
41468243
731097813224919040
799387342905765888
270611168
2302034329
3005727892
731154101652860929
23460272
799313616302440449
29025632
716469300295573506
322528854
1103152945
1556086555
731323448836947968
1044932990
727840452150464512
1635242966
2466650316
2954902816
420627699
530990399
313323905
134516956
716591970106417152
3034643483
716911634871160832
2907264681
731352673879003137
765416956921057280
3434830510
401967073
2400285224
1713720703
325739333
488856416
841735190
2250169853
3740240715
319782293
298758103
341001184
1028662526
2900734401
589407736
763274024675897344
3095233408
723463953876180993
845313296
470258475
731151738644901888
793414057223135232
3302069128
396691435
731014855491084288
1032249271
1310209976
1360582447
410245492
799587629977190401
1429966902
2850141704
2928408579
850130671
721242552469479424
200434967
836271002
616365409
747062212347461636
101556020
720856202
792459889
372195351
731048011032236032
245924561
464983744
2322998168
978557845
2751139073
418208469
579662557
802662799734427648
2792814315
197193073
2387816981
1613475049
340972113
1339067298
3413873009
507746291
637292613
326183542
567306134
195792208
732516855571730432
408118133
374314630
1169506849
3055322696
767399388385841152
3001145196
560636317
894992365
1146147427
704558982
732309850009575425
2308461984
4869095007
965956884
123712076
4885903612
723242392002895873
1880399689
3361200257
2363110486
1275009810
137057007
731152351499685888
796438611956793347
497008760
1166877775
2309237552
2510778660
1968518298
1365378122
2583026273
1131780324
1275312618
4174063036
535713785
1132188114
783307585206222848
246966243
2353756873
770754050207936517
483258299
1389549614
1472353806
176541363
4280485636
410764821
54918199
726150285870157824
4076059463
4856590601
3247838446
2166381300
4861481447
507652780
428897370
13631242
1475697865
711250614995558400
1853857640
2999932538
720160136468279296
470083954
2578671909
732823453854752768
870647947
986382066
3227318753
732341094529306625
3422769471
2956811146
527221660
212724190
594882199
2907601252
29452509
429974408
769154598795939841
2875467684
3474585855
331525693
39273093
2970225064
798448339851313152
370639956
2675322447
851456364
1024976264
743924448
1089513403
247209095
3244161467
1579008720
1635172152
396892501
4872311697
1624749512
753265543633899520
16145985
592269529
471428838
799219281451958272
4925341691
339173161
801700087525216256
747187674
1395576606
801009522798161920
367223470
483856566
502195501
177396194
1369005530
1551364297
1225470488
455266241
731181008452751360
125153897
1971644156
2729690231
392987772
88965463
731019841679839232
710743506520829953
562816605
1299394213
749364032310743041
735788453737041921
732571897133715457
419951447
1871156755
1116398478
132432431
2168716042
2530670244
1361573503
589423738
799219817010053121
4544172989
722437734
4446307913
1642833512
14394318
766644219930873860
2470692079
3939431595
1556491195
2375216695
732831753715453952
337244746
4845403365
1888878594
731177530871431169
922711819
491617371
969081366
258554422
774150166584500224
34883730
732376604966563840
1667977860
1241974550
3357308483
27606971
708529654
2392084666
4024362082
188029214
2201369448
597545163
447863789
2316301654
398317849
618244710
2435916027
796287775549034496
2635714649
804961884
209007993
3026496574
420186908
1003998769
410892254
731144068005306368
3007835170
189042220
109232037
79502644
2845668851
1354437403
4740052216
801870151549419520
430437851
731050119160795137
3105108137
712430129763512325
732405775721725952
1071451754
953542285
72522293
756546140644974596
731077934199537668
703551569
477543705
732342593976209408
796763568
2731905976
815758254
1402803522
483775933
533176044
791376904221814784
793079724088131584
3364459210
929354702
731079719656001536
1692004472
1016320381
2248894694
166976785
422177795
860296220
2816273194
1460451570
535489574
908126539
2174535898
1022538426
412424802
318661130
54861430
2451684146
121553628
356975403
394850579
1606820196
2720583173
1268082668
1480351040
2587790685
745228268
475325454
460959521
127189314
469254466
797134962453581824
269982226
4039568062
795950031916376065
3646408874
616915462
1336542102
2727249029
489421781
96236264
13159862
15346284
1366648526
4105925825
1241565397
570833587
125962407
427739699
705451641
975251790
2706574363
386154304
2418921020
2340552066
339596400
2228813671
2166133390
767063814235942913
492959239
2181825023
785934232698904576
240260928
717334646405611525
92609877
1101476665
772030120097935360
4409054069
142711432
782340109
732232857918291968
50236559
118843973
1855275732
694638444807610368
783613594810351616
3350423657
214047668
111063679
82902889
732481763763609602
4622622557
766410538146562049
740965050836455424
172081386
2154746892
801729096459964416
381567713
2878090661
2877945867
2357363460
969698839
466001142
3138188655
527516661
398027263
547050389
840555816
41549643
4827480611
429928689
751715726143217664
1389335053
736596690
3314219367
4098447160
432637066
1645295228
4229782887
4611199415
767423908404457472
732561712549761026
595878183
233900481
1429784642
342296335
731121261770878976
1227625616
722919613
1082984088
413372546
731352081747976192
405443137
2940999287
4818340347
732303809171603460
3793353617
743514238493278208
2837751261
2310609029
731073667996639239
318939574
4474043243
763146166620057600
424590567
985080900
359454995
15191260
286328359
2820527567
762186331011375104
2421088730
447401345
2328923415
732412829572182016
2622859317
2351055747
732420596085166082
239411530
194268217
2735509463
1096331473
700664229376847874
998895174
227412044
730842111797547010
263653985
96393039
1223037354
2514776575
465981843
730525013711925248
1006967593
2219829524
1913892218
228189307
2859316269
218931858
1368007123
425741057
478591778
731908101750788097
998008975
1249912915
730132426110992384
417091566
2316401301
2951587293
1007282528
256569319
2559438244
2244460336
234868966
3225190005
448270129
598974424
798531277116862464
412482700
789866400332611584
2892216196
396151080
244021846
130851801
630063443
1183652605
732826458675150849
603005791
195374632
422857222
368987895
209891777
1382197603
2608508709
754738926083010560
4229498536
447439107
756480048958406656
773684083117490180
761818936614805504
312204696
2887357012
720880802939023360
396564186
1262939593
710864700851032064
396404127
2941915384
731119440000077824
3176594760
2486342997
291299121
1365570751
1148019415
1332630272
731178389680345088
3251474159
1092670394
812774677
429009401
3093504958
793519957686575104
585943804
724578776659701761
267714400
2174129414
2374899158
377660882
2358132044
2983119910
4416586894
733282660127236100
725810364995231745
2319505332
731049567790059520
2442105406
2674941708
83819316
2866061393
2588802520
417800042
138772797
318549168
194275021
3124079014
991024189
3825308554
619856478
239434137
2872761441
2318283220
451662773
739791783111077889
988451100
158891854
1388488790
73065144
213616021
156283574
1039152966
386196967
475234937
341627555
783020674952626176
151390694
268811761
731075201610436608
2976177485
759712744044056577
1095354780
3050183838
4229963363
1488338479
331723651
2898075617
788754158241378305
551904422
3585095897
146645976
4821193318
611454326
2369010655
1014870637
718036012
472883767
590188450
2975144398
996920630
702483762580422656
422730437
772120295465443328
1718349908
3072009003
714440237276119040
710171600092598272
732569611145732097
2656984642
2438650607
229160327
465046516
485634584
225490204
875178422
2508257327
3214370294
220308940
730841584321843201
510652108
541178236
948561824
602182097
376145932
3021803494
2815530124
946745624
752010888
1276570771
224837196
549615394
77554140
3972000731
306180757
729981130007531520
2180831464
478436781
2182923351
731152895274418176
2907520191
721937520771129344
115955798
805375471
753519234710376449
1541921473
1183534806
445817762
2258041135
731076475391246336
3365915002
14127198
731021746904662016
731073749487915008
2167432183
732508638699487232
407685623
370193812
1137926508
708997585139318784
731152269496963072
1390614042
50040128
2758218200
717894055405961216
4633772304
1339993381
380551414
400209582
164780237
272028995
488895138
2980207475
3047652054
2455569297
745714817319710720
4084213101
1385223960
2905060763
326144852
3031672891
771984802807418880
598650191
89212874
779302947926802432
2304409155
1264774998
1418786191
2835748534
413217587
2470651487
504778376
622020182
2228571569
2719470235
238718282
418221631
133366702
1357812068
458347992
284107815
4432360889
783344169041485825
111990324
3300735423
710856118
3298528972
1176935226
179824150
731153428492095488
775421050054139906
1149014184
2480246000
2226243518
44886581
279233001
2648971987
422586035
2985415239
2975372100
3002999651
793461328081985536
3654048027
995769296
1214982206
2780485292
822184940
856244276
1849326181
1135427762
729294897891676161
2523568577
628772007
2477603211
76906137
794583732778921985
400837792
1472290938
965239081
1380421874
4743531021
732536651503800320
14792524
3662356395
359096965
884975340
2301960876
1353602473
3707117237
1284180192
166252036
3070016639
1046140855
2516234993
464127310
2910002759
2755819828
200888646
157474913
1409045616
745709113552867328
3457524023
396218442
1076597023
2465231682
732574864343769093
4883029437
383531511
849274159
2867807721
732567577810063361
2542387598
160584970
1086700214
251558516
43138213
1116671611
303298353
480498834
2701310119
30579071
731122160736075776
1852821055
40653660
732309480319422466
3937406775
483434707
785379659466899456
970397905
428418598
1277296867
545474882
497390214
764448838434390016
327406661
381128944
731122716963684352
2494334149
253548405
784137711561109505
770009519254536192
60971285
1493670800
2741727190
3345796306
1042815667
391338911
505733936
612814880
304329439
189613925
843573301
2252440769
445414490
318434829
469267629
2503841804
242758162
175052857
1447489770
361378092
198884971
731354744585916416
793456089769644032
1532077525
2420250486
2380809738
92807485
509039455
118063867
405854311
1105753646
732466315542155264
454050209
456269021
222170521
2153812941
708587318786007040
111728066
4197302427
488765562
144968778
2574452613
597252435
2232498868
512899781
1704854190
2700985849
4702133172
577966244
586850523
2913111359
407079267
467232496
3078470825
731350114321747968
4063913308
104169353
3036589275
495717341
857753196
1068801092
3637594996
2860190313
2362415546
1375171728
320184550
257709473
45522065
4405643841
732352415064850433
199230149
2427478331
349374311
1016270622
2343390020
2984894152
22901191
386779723
434285809
194706083
732300402394341377
3074122662
496343408
77207264
730841474833780737
1362144619
766731574616424448
754620296993333249
3008526447
2304513812
402944688
52011737
718974916
557943026
472989062
298516662
103850600
3230736075
746282182038134784
3218016436
1898705130
721571639142391808
700817890497310720
725073326163501057
75136920
995021599
731118785680154624
18472449
773956774932127744
5653472
827716970
2308162216
1412675324
2744135452
732378383594704896
732343403736932353
2432643371
99361454
396798738
594773318
1200136616
838223696
474026222
74964468
318713537
970760323
500297242
163527039
535419702
4624536622
2959360829
550922171
3342531046
491694195
2289452816
232908749
763785605713199105
560883286
7799352
801049687298113536
702128508835860480
2366464163
3527260401
122665594
899978641
2464828514
2360647972
710500851270492161
2158966523
3339145601
402863215
937463430
242071863
732540080926150656
1121935962
394604317
2884126876
3044045152
800128513151881216
2210129207
798181337433829376
59540907
1489965936
732831548341424129
4893362397
1318760557
430033517
1544336527
621916117
276697615
346117908
3351830099
544352838
440247035
2336702687
768921750
2422875421
99125540
216361540
423797452
776366439632605185
726022286717927424
1034872262
1090249998
1037152033
731143740992192512
2413327976
486478353
1446737288
724573957781856256
957519266
3311089743
558591392
756514855461453827
1479816176
454142762
3332293899
3699668423
249457691
4203607113
832016611
730843151989018625
4172244862
731179342731063301
241289430
312644183
271702209
257953952
731177504476696577
39022638
2748628638
2359465576
116408795
1270664520
738803856906301440
4691207605
898297518
731145400690835456
722878628250460160
89651876
771232888381550593
53634013
722931043578310656
546015869
711187023
2953078161
769485711712083968
1638278257
51800118
513790402
377272505
1063955917
2465152871
732512394317008896
1295101627
4464016355
2209323881
99149944
1010820098
591144361
2336993334
127931750
731175657338753024
2466390186
1030992019
2588246800
1065674600
732545216671055872
86209782
4843412021
2193033043
2246164853
1151876744
3357544672
2231318146
31255401
797805269539520512
736130960736067584
774133777412923393
525240553
1231844054
2361394675
212145625
791392103876202496
1279933814
285099275
1602804482
424355891
801843258183786496
1101913508
1671070807
2601961486
298123237
409448246
1392921979
483005204
2728402871
