736166324028768256
471859605
2850074284
2695436575
1171945117
1180297218
4074792743
795817923529084928
742950892786290688
780133788001112066
319871048
13382082
2597512767
2511415512
352164101
126000118
16986506
1142469860
268899621
281104969
526632038
2262704766
4384279288
2211479198
404038077
3152228475
1145584326
2418170407
562805089
3904145790
1179157244
3303278242
326854012
2652686684
703708224168599552
1009689127
97773643
394095897
215374702
1612859587
472966889
443366090
983610942
2333765223
712157642
4160203479
758773301330272256
3184426408
222115841
744524292050788352
421822131
370172207
728695134
3906213625
75538541
406410735
88725905
440691898
298164175
101276093
2982641339
708155824
2256124088
594511130
2962599197
2870641254
467389922
386576472
4883355514
788617257404497924
216696645
1070780718
1591945410
220808189
192258181
1230556524
2822852759
1894270790
428262591
180317088
728807104790794240
4528485567
2852316766
1262157433
1573078681
1154788808
489756977
884424342
2462444372
1307016348
589997252
283636579
111933671
792512449845092352
3433378229
2972771547
3056927199
870395221
475678078
2572093630
1346574637
7184902
447231795
1322376432
2353082360
774210914409127937
1256727248
945407058
1370810204
133461180
1187399364
443187387
775959412087193600
2996647597
413354451
932814966
3385597569
450587852
331918021
464516274
1146115483
1063348129
352314354
4252198762
325127006
298508176
2227178944
3115484254
880981915
872443554
814585603
384304658
759675705647063040
3426670696
798850577547464705
539466892
271990882
364329324
121062400
484170638
76383375
2334070474
2948943329
2475283252
2351601439
733743405751271424
238697794
1412896242
3310355760
1562752760
85136516
350256698
467272402
1311732848
303175724
1040220258
718173627062083584
517986135
45120224
4719189449
1632398988
712247530709491712
158288741
290723075
329937650
478036830
807130800
3087139251
2149606038
249685018
419443005
393494421
397199507
4074057137
704594335317278720
427326829
2585597700
4419158368
2921143773
767772101503836161
2679522658
264941030
417279241
2288845078
2845307079
371749840
719953453737492481
409444860
2353298806
552720518
254803562
473848168
532163319
136960523
798197702
237813081
291328012
386474826
316535562
796334964342194178
634575700
449280374
2328829536
411197067
3612812669
798264883062206469
263619418
2766500357
1623140270
1038231816
1238622974
789567191708565505
442641618
152556324
744598818365255681
585919562
403273945
390622095
367391294
1139825378
51232175
513708863
319306930
312572813
463969453
736617948257865729
366475120
184425554
512506306
4877601425
754957121201004544
3988102589
244911038
151632758
2427827258
242922585
797820581584453632
786645944309846016
1726451294
193093990
767813014309535744
60266856
3751524569
743608392883769349
1518874812
521337019
3405634973
2169534491
784111878918332416
824533860
129482901
3053723635
1346736404
2716420332
50361109
1387006716
1447003466
120846773
801876745976770560
330532430
436640636
296717811
4705505042
2698697022
1320741330
906349453
2729520336
147543162
2267806358
572471627
580422411
762983877849800704
135880913
3957645843
1481960144
29164255
2497838698
2733209785
434309073
492443919
2760142246
514161086
442450584
513213473
414184489
1397374658
462113829
2304435365
3294901019
1215039572
795739255440048128
2242100015
999469686
358089042
249885528
789957825917222913
723818739712581633
1613705742
2363886035
518934318
3115905790
2663921790
735316014
772074670208221184
1037077783
1421381328
31143368
2850135335
710044495748927488
2696436896
1222888213
182038692
2605945762
251094642
432918462
4038647320
289842790
3297108689
70650884
1139871650
35697270
251663248
324951114
35739614
115623241
2797440824
2548419224
58762054
1288610612
788474975422443520
452318028
2909491005
2987534445
449849375
868671120
1327701390
2149665647
13573252
4052195476
712713408806842368
4182142288
126691082
428304986
2653904513
4864219689
729064394567651330
2269417069
2479620311
2240178557
475127858
1283252311
928609825
795195321294979072
3028809503
217718888
722850803464015872
371781632
1253719668
236546318
1550852124
1219977643
768545345223753728
3131729685
395242306
133207676
398291306
778195022973923329
1485090944
1205594306
2549528592
2301439887
631412764
798743088206319616
584739670
2572209035
9820132
614101601
1387662265
715782891586908160
2517301839
254969508
161497051
459149667
3168011729
797894971651162112
1205274991
432937614
1372207340
2282008813
85112085
104580732
2459950812
2314336627
368458366
4579125253
905531857
1337596044
54188283
982932835
630335013
793787252040142848
499227001
2294674471
554381582
417101186
424933391
1150606010
697447492112269312
769784946361794560
202219931
38846888
573306944
3521541201
775314188596051968
3063738106
1065387764
224940210
2817204236
1347003716
490367299
45300696
503135180
4298506517
2588023931
402282664
430033435
252316883
731920891735605248
802875456747962368
313199623
944269080
572125780
1915491469
310153970
495466998
2706476465
790099830
583204041
1482312986
2361360169
712259639866486784
876091626
442950090
247864904
708429391
447854508
744655172211728384
794092015634051073
1327639712
13047402
2210084110
1717274785
2865546393
3837178823
28820399
27992407
1710149400
801974236315340805
4824798082
801999187319595008
2651274657
1337288432
4133217027
738805650344542208
1558834609
1621071816
523387439
4833429358
3198028097
495816057
701439340807905280
771607371936215041
1100783203
298079436
411018458
128880613
3121299317
3217711420
753351020265218048
459584150
2982433636
3356670165
550061396
1037697188
2957157748
2400294800
1037529548
407296758
477838959
2447546260
2416323679
796097962384433153
2853383397
2592758547
735880222243971072
2319542538
85657467
2666051378
490598325
41153062
798635240889651200
383831016
754289348770689025
2914286685
2332571271
4398121643
2774751706
2163574795
3336455937
2296173870
1434038420
533059229
1111294963
764908550816751617
761971314781487105
343295926
762934873057292288
16770004
1484550222
2509301951
3906735870
2199795114
712647058709155841
1192866157
1667689482
2316632732
51465605
1035666272
2970042478
1080423679
2982262649
620351637
337185218
2349060598
401650330
550970730
1924562743
1666144496
506113159
42663404
3291324425
492675576
369728921
2722763111
758291580793094144
406469071
1229273522
1880747821
782138334
2357502873
47733738
914574283
219005924
4905992363
31091958
802950826754969600
1093512139
416165363
2644561737
797420247741505536
795031432464887808
131105980
1555265359
225105585
411066978
247505099
440991666
731252371226042369
788047861342691328
2480640006
281198422
802581982035247104
3376006312
491319459
2214623072
3833171361
2377659242
482045811
724303327077502976
382863674
55819049
51827092
2318032643
305790839
523682869
434279064
860350934
796246539668692993
442871486
2902050336
469270228
579271577
607639353
1164336541
1083645529
273654471
751725458631327744
2252065378
745051820238704640
1447215498
280175586
2325832484
2243490855
507405357
803384371055067138
512664948
360663852
754719889
2872452713
766066296618414081
594793423
561375612
1258895678
2873829929
142590818
2973508025
1473203750
151482583
796181961513504772
455654704
1368152558
954210997
125181108
2356372447
2365538973
351137105
1200806024
1065634260
705813420973621248
32471056
717965900062793729
2735997057
1120077589
438849246
2341083257
2986947023
52019772
3222700497
1927514694
3039844868
727628624740888576
632742781
1433806334
318660927
541527026
323889720
59200159
2577315657
628111009
233287464
1470576733
741232713345142784
943544286
146215790
50286652
2434019798
2171153391
788719661391159296
416310352
803477847117598721
4319725823
332921113
1025054731
721338196639014912
1897601790
1876569686
917297730
545384133
137975991
776453763624214528
2770486810
1007560902
1168797480
780085194317557760
452831702
546315372
778900450812764160
57060570
2806242466
2962409320
1025169505
514714806
2328765859
2838570387
2463100707
462336529
967692409
729704804868599810
2791075913
555408466
788744375249633284
14077086
1105944535
3468355577
1280566146
2190622501
542491211
134206590
457526922
515350705
748252291959037952
489562627
4345220957
2173620168
1229121186
376646968
3002121761
4871798075
609319929
224226820
313331114
341045112
776558718326636545
2520833600
55404019
2781366593
2909929737
3201052948
1910176993
1188872131
2289505911
2924337306
2555751045
1228391671
4555440435
6598872
421766004
1238102628
1311687600
221179969
1021306837
2504756914
2644998883
799504971502944257
268382554
3362746077
3299563144
494245231
1476948512
67300621
3300230453
528699157
246882205
317278377
488738551
1341462944
470257543
1068648510
296922136
44839560
4009855107
65872385
2431985092
793096447914827776
284320032
434253661
2428567557
2706185665
395548966
1892883824
85258045
2640207038
226678158
53773490
418918882
169649919
713474860899516416
742455271
503452485
309178760
2775983397
2277863537
713058194059304960
2888908630
425695309
118417856
1026122636
2201613873
772162945186955265
1394277882
1550260160
396043184
4919837110
438634199
4603645649
1270403142
4851423724
146765988
2591060556
595267886
22674272
37631819
1280953482
2725435126
392626820
452985926
426094795
1682635764
723203630917136384
454088602
721112026
777086417294032896
67006079
600136789
960597678
955966339
2338719661
813055092
4838445220
794287344715235328
2149778921
3066574037
391466134
299551316
2161009932
3385105642
426958299
1563141608
13727692
88014506
717452216840429569
319060887
852140766
410595635
2322261107
2465017751
796004115688161280
847892292
83241797
724627244879065088
498878932
140057440
186399539
581285865
3096871079
2995947293
409352382
29161948
38669647
731259786893873152
4558486577
2356768939
2249959502
1008791754
23460272
1050781381
1077627415
425365839
421266518
1106167964
2407663642
322528854
283283751
1618648122
745033396850692097
802732238
440129638
786163723241156608
1044932990
3095093693
1492164349
800514080
1105814539
420627699
533112380
84554567
458445168
519322721
3034643483
517405978
1049223697
82926718
401399952
4372999402
2971568187
1012943576
47451430
313652711
521798851
1077435626
588275518
937257134
619162465
107193314
136336167
3046288851
836237598
408704922
2198032835
484011321
841735190
3740240715
385088302
1103368728
2877035033
2770811619
388946039
1410209468
400103989
1575496556
378635004
1028662526
763274024675897344
419862356
45863946
793414057223135232
2911669271
700841898
792825362329788417
4928491697
982628515
2219871178
3302069128
280242927
2512832146
3326012500
1274581027
453531668
451003130
490602212
3448617916
993673842
2772829228
1310209976
1583613260
16616869
49621992
1849153957
2371058245
74693664
1386793261
2845429815
19392607
94529815
2835640580
2533019300
428103254
2466589783
490733693
581948637
781169072604151809
836271002
616365409
2881244285
756767143203594244
3149261163
459219907
1221995204
846123636
96350254
249862119
538088781
147567047
695753
484283282
1114019642
607112247
851318875
500882938
1737163674
2435411612
3945154067
303217957
2346458381
1118069048
1886518814
2366082457
1322551362
457620281
392727326
3341975913
2679205663
462427721
2792814315
1702719008
2322781029
1015149367
2312169774
131926981
444716468
340972113
4204326923
1127733265
462772665
22659500
637292613
326183542
986673500
833640918
2436608759
986811270
109960399
408118133
712948986223730689
2981594310
2314403526
1013385649
409361259
400286971
608125539
2197813964
1068405199
760806683564240896
3298371244
972589147
512524088
2350615438
532572724
1291656504
2280648054
2550989474
220996437
4196122397
4869095007
747560489220177920
532222780
715597025404968960
380449282
1161191406
2331861340
123712076
9476932
3225158405
2776380137
2476119007
3068039679
571304184
783392991604072448
2218697421
2871007953
701723329
514264906
706570552031444992
394957022
800684353126735873
829507466
4885903612
967231038
701388779114930177
417070549
29960852
140551640
173389528
541147498
434857590
1175727986
801867970603601920
752973843422208003
207034666
33676387
1699649724
2785334697
428588499
185116067
883065655
1360149344
202768204
545248089
711299618219364354
462739617
467573735
574017966
555551022
787888638
377680158
1318656132
2690997729
404820209
3119071163
1166877775
2309237552
1274727440
3053183649
2501851306
2419574427
733330743800258560
238990492
23054148
1260162366
416607721
390118819
387198659
4155844545
551331260
783307585206222848
483258299
3217923085
755028067517693953
1062957535
2369885866
3328977022
2932258043
1978729974
2560173527
124482859
410764821
726150285870157824
3244021258
1487391134
387298370
284657297
4160599461
701456941894266884
891964664
3247838446
48967204
356042866
364970872
4861481447
795568589201952768
428897370
797871034535936004
96508559
490736218
292508028
20430345
506544504
4806536835
390753281
410210301
703596145411563524
493455308
36353564
2330894345
870647947
2812859778
2259346508
484220471
3227318753
2608779441
3306842937
2956811146
4196215025
2518059282
707331857843675136
1299140534
47252494
3474585855
418662548
304331125
39273093
2242835089
312168478
798448339851313152
370639956
2909313208
389473754
4415027475
1829373277
576946442
84018589
1203674574
796131837374500865
103233806
2217674274
2962789199
63126601
771773707085832192
1142707916
3169965514
464881732
574384278
379161469
861619615
498925846
1069422908
1313490145
210636450
719093893795614720
3937311809
226627338
714928011267678209
592269529
799219281451958272
4925341691
2402701895
735817583279149057
1377048103
339173161
270050737
134126917
15108909
1044579342
493497596
221812643
803429403028033536
2235047637
3402774227
247722432
484122940
619798896
418639778
2229302019
517934877
3068966572
1118930598
455266241
398032197
215090695
191511361
2390747907
733695386846662657
1063745202
14340947
2160492571
392987772
347764181
3424436500
2993961940
761601011173756928
248453535
760349481158189056
414646088
3327004810
562816605
150399979
50265202
735788453737041921
1116696350
2413730278
419951447
1195176624
398809701
1037692622
90124895
793179502046216192
512500400
4544396435
1116398478
3764059997
45199793
3044586266
2182841745
970095434
3133358394
2366954805
2740806982
2465775372
702233893143977985
454052150
770466882
1192772778
2464540421
794234183128322049
777855788882812928
795564464829595648
2256861644
494198440
1642833512
319630558
372193986
2941003353
26995584
551650362
95210408
766644219930873860
424322762
3407428384
1603629204
2459726545
489760837
2264476401
52332450
2375216695
715130347852283905
270877772
2465437060
789176953194491906
46346704
2804109824
4845403365
142807042
2316157360
1234825501
10317792
969081366
407636372
2802290616
486876996
493524331
2216436551
731131129336627200
716771729
558032072
757514581044498432
2416044272
2230346403
278665812
833057377
27606971
319074916
1079226488
123983186
51727698
1244376643
3305939879
3226174509
725060346776555524
3104344534
760763901889871872
1266792668
3434577971
1250202577
947780947
2316301654
4130639901
702921914
785552040244154368
104540988
1068056972
800493184363024384
548339636
789786960470614017
2918273481
704446219079303169
1664604020
150993426
433604815
804961884
474235269
1009626624
1620434077
2354652397
3664503135
114254592
109306788
916122110
461019019
791365228839723008
3298864072
598558484
4075468583
803115076672700418
785834361400750080
1897585116
1068681522
16324030
2480323358
1239689270
2330564455
4204167976
430437851
3051404948
2415224956
709470932
483006753
728804562
1393562082
228307719
1019758290
2436489082
2929390888
740822746372972544
739538599918571520
38205384
756546140644974596
2448563317
2751256629
1063009350
2594867485
3309178241
866474910
430320467
38878380
598457898
329305899
477543705
1962674090
776841420602761216
788981779340361728
55038103
462843097
418785308
2731905976
351555225
479764945
1238996869
1160278561
390819984
2872332023
2805383652
797136508293627904
803300175955558400
2396856942
793079724088131584
2853317513
1201691502
1065907650
405192597
281581221
3879187997
461945819
119004812
734345496
430169858
3399848795
1692004472
3297601040
264674074
16402819
785104448
527624443
433414746
556650372
477742702
3107574627
4578456569
2250843821
2819591819
3145299803
540025056
534655010
253533898
13294452
706901139749519360
1460451570
323449293
387694120
4640857347
227339265
348141611
802782433
730598124
796336318087364608
2230228079
1022288858
426726936
325016758
4849677359
436870309
1899972746
3883790117
593487302
394850579
785367204703461376
500748464
2978019477
2561253733
24152905
897918854
4915455880
1268082668
240753714
1085676949
405004713
289538124
4340881457
1480351040
113962014
2404302998
2525039696
158367488
478807479
607659598
524236416
2312465170
448402028
172726520
801353728175509505
561473002
345374298
771649594509791232
3337795559
3431700219
1703447346
338600797
1314367554
964924026
744961229853167616
4258420899
3364814494
1968968935
2510430251
3164390831
1057840633
4582648600
801459575153184769
391937038
2230323499
269283115
417947467
883099326
553567662
1372167474
725949864
173040268
1176499273
702253149189439488
2276406060
2582226552
460042639
1545110719
785954323729571840
2260660337
3375604709
799734010490470400
245715438
58636171
415608754
222864179
353640576
791628536557793280
2330406031
2231399720
195193212
972337386
424406999
742471211616227328
2821597763
4415101463
4850084878
2207172466
2228376001
4854526624
802954987596877824
41068452
2233203519
487504989
778753237721706496
4355636235
26982622
2328504149
113643008
2166133390
710904795717042176
50334591
785934232698904576
469760654
118028997
717334646405611525
762658396881428482
573986602
795615393431846912
977982582
38285269
706164836795858944
257058124
50590345
1830959977
1226056380
2179898026
1586227562
148864871
2895077031
318599082
751124618832994306
369725754
212661183
1855275732
3253240709
714451248
1052995142
694638444807610368
3130035911
319578825
484982241
431658112
718185423571390464
370895961
3384511240
192329243
1230551046
731422732257230849
2352059977
4895233605
82902889
313461907
803741173210902528
781880762157166592
575279176
2370797451
472998662
9650902
448761968
2405060832
1368048013
593759199
545063550
1511087611
501874833
2562814182
67842903
3091025023
752621893430177793
1291622634
4526847503
577308753
3138188655
506387757
547050389
840555816
437627701
429928689
19484936
291763976
3304016343
328473338
2940769763
440716175
133038458
406453295
3069657982
486146467
386685841
4098447160
715521782787280896
3314219367
1556455656
2397844595
432637066
423531049
3414864718
3015242813
595878183
767596251311407104
342296335
2184144110
387329231
4866412145
3056250186
593435707
381695631
477744348
1082984088
2446945421
90493962
3762684742
66635426
2250726350
51792460
479810905
1734604128
40750418
2373222249
245064844
3295039204
2470528594
3793353617
1060544983
1949663004
391286828
1594184960
746263383473799169
989192558
474175425
635490690
2432948813
2714660159
743514238493278208
703338796826365952
609145539
275805969
829417766
736880955374325761
789492030850342913
2978426715
3006375111
1448518916
529507807
380342179
603370313
344833457
3333764236
4474043243
763146166620057600
471334188
466789101
370345381
4137817637
2788765798
754269921949937665
113667004
384240252
435791610
993545408
749325100718100480
757949254765834240
1435095462
3364129594
721303651575341057
3065668461
768448873048178689
525268787
793395119533719552
542327855
4734014421
1096331473
798296107600191496
707605903328075777
793863735555321856
556076536
2244507048
794822744840007680
131262995
1069206085
416465127
490373717
1108981674
2977934441
4708550595
28098604
923947808
2478827076
259733750
3823074077
96393039
512982776
849988268
770642870470574080
1223037354
863031162
703386818
297923898
405482706
62019002
2603234317
477654724
1913892218
202675420
1118851009
3037744342
1012205810
2719186852
2978373227
939425341
799352721254051844
4394434523
2409766709
1468326630
1249912915
434839840
456082255
470687559
3134863127
46224994
2173103482
46928097
435325982
2951587293
366511130
3402520873
366221457
390161953
3408677429
2416492224
475827565
3225190005
786481498660626432
328935079
462343980
510676186
985133178
1066267118
2857263958
697968492050522112
307278565
789866400332611584
244021846
4147056975
130851801
3288132477
818068309
630063443
2954986355
45413247
418658147
880754108
3395014151
2884242309
836428490
3343231708
3193977725
1644683106
884261850
1227953550
2148135826
3072664510
1382206622
802444898762981376
470113437
447439107
4229498536
198640989
722684492
317879495
1438089144
773684083117490180
1148226661
1544093054
628367790
4187567045
802320974
396564186
464615450
310195119
397276980
4775882567
740277257424523264
50662478
1931938928
3350975284
3166034463
751920799964098560
3176594760
564360716
1480106364
803715094148509696
321469139
73949832
3054231435
4720298007
96233686
1620844531
20134451
1092670394
1733662116
3918456983
882708728
221090492
403444000
226491336
14108472
734074574275514368
475583491
781034881073684480
488356774
119001227
585943804
1700700151
363158162
1871381000
334388390
2882933625
1192998770
330449169
526832298
983351833
904616450
732569695
377660882
792721026094395392
2983119910
1219944530
794274701484900353
2319505332
58020070
325790346
427000620
276557542
876037140
2442105406
1040153521
2845221227
2674941708
2873807055
318549168
2831366043
3588475175
557366826
73971750
1377704858
704779333307650048
2902705120
2193007701
968239274
2369379741
239434137
3120675944
311059477
470180296
117701249
478458166
60286749
1199673588
487403092
575437784
776138045682806784
1358611800
2964444107
269723753
2595985139
1039152966
1725558426
442005205
802265610231148544
475234937
440737015
802829264
783020674952626176
989456214
151390694
36079217
759712744044056577
787883346449801216
4229963363
10790482
2898075617
1031879690
81915953
123903173
75883181
541083079
1130955072
4821193318
93691257
4518321982
149645976
1372497578
1702340275
1014870637
2369010655
315156705
1586042605
4818612196
3101946463
553595607
39240661
590188450
1621311559
2975144398
768854242606116864
453813069
508768772
996920630
3124892121
1563068839
3022753349
4915900165
1009243501
2656984642
2438650607
463347621
2967719326
772766178313904129
353859552
523306939
110413216
4131646755
225490204
404048864
875178422
535447658
776116078124687360
578236348
715306908559806466
899672546
2275495767
2186903923
725937762449264641
970032661
220308940
2478033566
1679375545
2256453579
11444162
2765052793
1123709442
400630735
80917047
781941488
160179878
602182097
302576693
1035376896
14942247
539174332
801168992622837760
1945087009
1411322347
752800121138581504
2870507268
1346566790
493533192
343442484
2163623162
376145932
3156887011
485841317
419285776
430128171
2574560504
3117151365
1060195976
752010888
790567158489153536
95482042
114477009
2709720835
1276570771
518077571
85590368
381598987
61292316
83185672
2342517254
2369514974
456924097
270679712
324936579
324262863
729981130007531520
2180831464
118140512
490529960
2431061097
3044822301
1007270076
4405181775
2907520191
2362020299
72381260
767785908556992512
76616277
3224669813
3202971339
769535256
333498140
1183534806
281358271
2810009016
430995535
941567396
2342856875
401687825
1384894520
702989185930678275
2273249119
548642346
416825993
4818092890
3385699887
1152071204
795413094306578432
722050091624833024
3311137528
1119430706
584528289
1113905276
878503224
407685623
2241274927
708997585139318784
2722863047
741592495155478528
396756630
2946017621
2350131678
2173817292
786132636473319424
557827565
717894055405961216
708425080645279745
1033180843
22887971
366072261
2449278295
2558686037
4194026595
523696848
759021203247861760
1053270936
514422812
1148304355
488895138
2469186961
2323867147
505803378
2350203541
467473645
75892050
4189744097
2356991855
113092215
467741436
2948897212
425320444
761582724176027649
1065857210
1874790332
429327262
1385223960
3110560259
476811892
428915501
1312048352
944721086
24709513
89212874
3169603576
1277404100
540761209
602704576
492179581
1418786191
2414596461
433176274
760739499236360194
413217587
501225131
406580561
2331849409
2315848360
425773398
2359663543
483151386
716010070455238657
2719470235
2739787766
418221631
1105743474
408246656
133366702
483246876
1887067255
3230165817
714968789
573872757
1357812068
2189190782
3319305760
3044947366
1681033327
773929798192300032
584610988
458347992
2420690215
532499775
366228620
4432360889
2457603903
399624734
3300735423
3165299303
105184158
78562487
253621163
2569816533
800148156973363200
3403081833
77304299
2345206182
3308383353
1218998124
1360341044
4197183543
377522292
2435083828
590393555
100975203
498883267
229189488
2993303818
3096569741
1080507391
465753888
286608996
738095532166553604
371714243
231915122
86311446
2477603211
1228536066
423767651
2262951296
9113092
965239081
1380421874
831665582
329654685
773161248099803137
4069173009
424953319
732773769824047104
146215776
2469782729
327663056
2177455281
454191208
590726647
921726217
359096965
732287754483142657
590358735
1586905838
1655828119
1219022928
4885967061
1108966327
183287158
467736340
355122344
1353602473
796633906606964736
424153335
792003256788611072
585263805
210821811
126049704
51522357
376707743
2921948057
479483455
13236482
1410109662
236335841
147371974
1029226392
600042534
2372154501
970835599
567159863
4860423380
765612750580035584
2248969512
128609755
784146474
306887785
797882257470062592
972582380
496477841
328133320
837804025
785193802352955392
1212034646
761729339201318913
336406661
383531511
737964567737864192
2542387598
1191157380
1086700214
941772781
413455293
2521671494
272112410
100817900
34932457
2966359733
637254997
1527761478
1275988495
1142996647
1116671611
464781062
829790846
200502085
2749566881
2714596672
1085455423
2229203829
3433009643
31140125
16377508
52185645
768399420367011841
342783459
2941989598
2956501541
2988110818
2377363345
326226399
984646254
2767355170
428418598
365511674
173579759
53139843
3613181357
4300612829
2798863589
3169206307
1728932216
3035060441
738135001347153924
59869460
784137711561109505
4331454017
69030213
714382420
930194618
611597594
2854635105
745654987
49285071
1079126036
2741727190
271541039
223568896
748814836595826688
549258092
354349202
294482809
414318559
1007038868
4845999597
258382452
288204711
351843456
175877595
281966090
379741776
3238910007
2960217431
55862897
2445645806
2429092036
46194698
1308112182
556966919
469267629
3056847964
173925687
9568772
3958002443
3360344733
2878097184
471369382
98192394
739484673974370305
1464197947
1532077525
706803356
234445362
77823743
122016493
2850607960
440237281
1872689394
1357710228
2899554531
386987725
214240583
222170521
3044930101
756540680839782400
775264659628785665
222273248
714096155152486400
802343101775966208
2374267118
219995423
585397603
2761757177
1070714532
390100028
1295447916
1289326484
1704854190
1283249520
797123652487696384
1076701675
100303468
214138422
4702133172
539157045
577966244
414385318
32937876
1101963793
407079267
832668218
1384301958
497763567
391342139
4875935127
1199740002
2936766136
2359142030
783740138660700160
2183704091
757644418719637504
857753196
97526668
152977521
171159516
26504043
1966419620
2506571955
721068668944314372
43503218
3043362960
1193780617
945141198
4405643841
4894897763
720198001822732289
455094599
735980645273489408
257223860
199230149
509309634
774267120268050432
2984894152
579141400
104814432
2382702080
2795115634
630918299
73595849
112805407
105433403
4320197602
77207264
766731574616424448
1226262756
229082336
722421795106766848
70399918
582236593
400798557
425231323
373528809
1190659814
28528873
52011737
3001239377
157482173
2310410500
2358573780
557943026
4857980363
796759446370271232
435173619
2363684405
2227169139
412230108
521298763
714800249756336128
125097961
791746557515272192
912833226
3327095829
4063692863
4074284903
18935802
837370934
258862717
243097501
1551103609
431084648
3320285157
700817890497310720
1412500075
995021599
257064557
55678400
173377254
317305371
58300699
1620517057
768834311206346760
587677613
500881322
3035435236
773956774932127744
498846820
1089615589
414388459
1868341807
819829657
439487431
1292670511
2209486779
714555676417265664
1253320728
419626195
607517520
428415112
2361236242
845733672
256207484
235323455
2224787402
331764490
446490092
2844435437
3293657688
3347934334
709468465531322370
2372843275
471232887
318713537
970760323
1251629106
570951698
3308223903
3342531046
389104963
764164503860903936
533458057
950642215
788788458848477184
232908749
302083852
1114596824
508991759
763785605713199105
1036788019
2375736855
2845737279
1278700207
615539623
560883286
3931969841
3003451715
1036719990
987220201
2359005711
428447147
29416653
2396793506
56510304
2938313507
722086969094905864
3527260401
429565076
3033262155
2993021697
437792860
899978641
2464828514
4853472419
2360647972
270070566
3121661467
2895710387
134559413
242071863
3000601366
845781758
1020342666
1121935962
50584579
3995124705
415071140
517717792
497131561
2799227808
1879889592
1372944860
470112631
700406264937971712
4888682921
801175750732750852
528846336
456698668
28526655
371814769
3002208143
802970820561793024
288766142
469273038
725421324240343040
915191390
433426566
2339316667
2408921980
108262067
417102369
473917488
755882445367566336
2958925781
1418976222
1117446373
1122980041
1918247922
440247035
1120206308
812867930
478565327
1057565262
460533065
216361540
751148634398490624
312613461
3806382809
2160731013
405487415
1090249998
1410963865
426712009
1037152033
720266765650014208
105793968
2879789728
79170343
376688279
2902922074
755147154759512064
713852625867960320
425122600
379280129
634892475
3311089743
325145422
4244881703
345591693
394837520
459248135
148699035
226221652
1145911274
320290187
331872223
850156152
1127618904
3080518259
1728972326
560466555
2414500381
4203607113
3369172816
256491020
145961361
382923274
1222977236
53868926
16162692
278210313
241289430
399589131
261233190
468370504
738311035
3083483560
728568113847996417
2324895959
257953952
407285782
3115374447
232559332
2803138163
2359465576
2731197053
43309580
756950860471660545
139684967
233648379
3168904809
774249195456831488
915566532
576539396
332885533
234720176
553490335
4909253914
81837035
69896457
89651876
73485492
53937129
460438110
559988325
1014016028
337155946
376173255
1267065014
1063634156
1005966932
474213280
430743919
56449615
342352609
2577527823
1063955917
377272505
76884767
2163227033
212638814
793469352871858176
947879034
2358353824
1601594792
410810169
1295101627
1699665619
986286079
507361899
425866423
1010820098
6667662
1066272294
591144361
783250520412655616
2781784450
3550261402
555869032
265335910
406909833
3928015222
127931750
1510136666
1338857240
943572877
8109872
547051962
2437403432
4264298260
493947848
2604763780
2588246800
409518132
2855433965
754232386259476481
2853575920
76863835
2910002235
255752744
86209782
874129596
2386237696
2359448190
33521233
2984790945
221840484
591983888
1364039989
797805269539520512
2346783988
187950589
774133777412923393
85113254
294194412
2835233061
2361394675
778238719878987776
4229274312
234815796
1068963974
532132256
1064232619
2875322452
2523901625
1680904484
787074648324333568
1829960281
831768450
377199894
516483255
424355891
298123237
391896780
624543149
120734575
14701360
2282469222
409448246
1600397972
327049648
555528953
100298925
707302113093799936
1016682894
4540267581
35298549
1876212612
879844903
