331105395
471859605
2850074284
1048295388
2695436575
533329366
1196898859
291019658
228027870
728289066169606144
1038332136
2979863884
427711084
1667286782
82578103
2687550020
2597512767
2511415512
18616891
352164101
1042807543
391493436
3094969685
428376594
757989565600858112
4384279288
63152361
396841926
3152228475
455562995
2418170407
3334952776
1630204784
55251916
513497583
1732138508
194972957
703708224168599552
1444752530
97773643
1370769932
735004009296232448
730389738323099649
508008536
2237096859
623602877
705449054248034304
925089097
719515530001063937
4160203479
1405465094
86197337
20910977
800698016768233472
428169348
126344012
3403968118
344753854
600150904
440691898
702455771670380544
72224169
160134649
4824031401
296179562
18582562
203512576
389970783
773200264635490304
788748356185120768
1015392134
318438903
74707629
3356485570
337187902
467389922
499128183
3200053252
831364490
1359299438
619326952
803582666411048960
596821309
868298592
752675748
1352301782
3081057804
2814599326
3076845342
2231871937
180317088
728807104790794240
1262157433
1524453986
1573078681
3065500461
2891346688
1307016348
2512561941
283636579
3844243173
441233690
2764203485
351760968
701425649169338368
781502896550674432
781260487396843520
229089974
2150969605
3433378229
497021694
475678078
31521666
115657951
452010658
2199804117
97654241
869801606
771387619360043008
774210914409127937
2192358781
2312306342
765453674
96364334
1256727248
184881757
801545224808001538
3727387875
1914960499
2620904945
133461180
2504129001
340996459
725741004876333061
778468643008950272
738626681418579968
1338839544
413354451
3055936248
81599206
2720826652
706711917
567391977
104960470
2328166991
171902551
553321184
2872414576
437807935
2589653764
60863549
3153937600
575833305
373384670
100610543
759675705647063040
385861895
919502593
3426670696
102155168
271990882
1008565081
709479074029240320
749570125800607744
76383375
507382148
20373953
3234316363
552711664
1412896242
589418956
2403776046
1114098782
1562752760
785770553026023425
85136516
1319275574
768885735290183680
978137395
78914169
2178600592
144213581
970022552
1191184285
1065254220
290723075
2182009663
329937650
143813004
2149606038
397199507
781821141858091008
4186758514
417294081
790917295279337472
245048586
366747858
323676734
423280813
2585597700
767772101503836161
3404479583
361386856
417279241
104275102
3312303309
798570804086763524
795290773642215428
186221116
205638223
398609882
371749840
788770532435132417
2197727347
409444860
473848168
435015293
430633617
4092809355
513144334
3054272141
796334964342194178
449280374
634575700
1150604383
460809256
771960223309426688
798264883062206469
81689292
989346433
4706693655
16867526
778634730975686656
4758052456
2362844389
403273945
1593579625
390622095
1357694676
211721790
700397826824654848
1414572902
139765259
2376999356
83847970
600554581
783319162550644736
736617948257865729
312572813
490695573
703320672865554432
184425554
791309619478032384
1053176233
855012044
472301391
4743869176
151639390
3031943085
2978832886
704418409723904001
521337019
3405634973
340573242
171447577
632151062
799538381294338048
2711284733
419544191
803474330277576704
2489997486
3578377822
1747158031
1444286834
383284208
770279483609849856
3053723635
2936705943
495033529
1254440240
383790840
44395683
304306690
1447003466
714553962599464960
835177470
612076857
781749446908477440
34915849
1492509740
258280958
22694862
54849589
436640636
3491171117
4705505042
758752401474121729
2319675320
418169040
550066695
147543162
3086498489
2281381593
293634665
2569072195
1226139085
2497838698
34705503
955724113
26463809
3290984981
3047287645
590296051
1363855172
944519454
2466256099
2304435365
410808584
139352742
3294901019
1331086867
1142172775
306058431
17880873
2588051975
2242100015
203070541
542421730
2889628751
1533578659
83386342
2176747811
2877804497
776050554418171905
118770273
3115905790
232354583
745916794100125696
776123069979033600
746325002627190784
772074670208221184
2850135335
1288700246
2180128512
2962772146
1076119734
753570089094504448
351865559
2453325796
801532114139250688
552941521
132810751
2742194606
1112704358
1912009009
772520766885728260
1908263497
1139871650
4226454377
251663248
3418726954
3087165969
56674519
784980281266765824
215728045
2728729392
789963982476050432
2192271144
2468306143
233942154
985254589
434313121
2807459157
1409217584
2652696807
95878193
712713408806842368
1419413953
4182142288
473725724
3158883689
370342943
729064394567651330
819782228
390835478
3363987292
371781632
700787578384031744
324946999
722850803464015872
801841062763491328
1219977643
780089815786283008
156239686
64522965
471987010
4854132653
3329102776
725700577007702016
2376928902
798743088206319616
2970117851
405658492
481929883
577859582
751904098987966464
54302011
1283446118
54209383
803591105413545984
4568121035
22005584
283080198
2517301839
254969508
2903859657
2282008813
239734640
4579125253
3439290718
125941209
355422495
246727528
777828215922581504
4702970784
499227001
319166186
417101186
722851120587022336
2658993140
224940210
1094831563
624511807
430033435
731920891735605248
575654596
802875456747962368
313199623
944269080
1726358556
2874561177
572125780
1179711277
599807864
2860387389
3158540328
700388922430504960
2410447644
1483339591
1384017114
56163122
790099830
2204412148
81832300
1329958921
1414076593
253550542
717786945624154117
1351561135
3715252995
430698104
417327844
2361360169
463192964
1470343742
989340356
97249537
924965395
2259459451
2822217403
442950090
1358915466
3025368046
795963213724663808
369428302
247864904
577023890
2210084110
479530384
496410360
1717274785
1275400561
3295966795
1158164456
215355651
2865546393
449750843
737526030907232256
1504710145
3121689787
791943046396940288
425859164
944687335
2938095405
354125985
1100783203
2358287784
3217711420
1269539851
345535835
759346461758939136
2182403667
514383475
803329766946471936
2336674700
4257296729
780342597458034692
1338533124
897054630
765884647498735616
2361959873
2634843893
2319542538
2166335324
885184754
1372517456
2798071301
2914286685
271810587
2332571271
80823138
753878412981374976
2804052821
2371530239
268744692
1848219511
3000102892
2248757802
790464906453721088
2509301951
725059657295912962
712647058709155841
870218785
501848693
777777871
140099146
368574158
478607229
2860530848
146738509
374229409
3480866369
337185218
51271311
369749865
369728921
2868084261
170455300
209515537
1224996284
88213905
406469071
2772740636
1229273522
2365498822
52142001
995849594
89992240
385477663
542402644
579438624
2276032819
560447930
2209239575
2979240557
748157510
1525830470
716326404707713024
796490271630434304
3046529709
790505956954308608
96333128
1675230540
4827636455
1373138137
2459704421
874348255
482045811
2447574735
3385886236
792329915228127232
2527780688
796246539668692993
58198240
159551952
185722558
1382274499
2751847457
579271577
1034862121
1314132968
3843282933
1379254362
2442834988
803384371055067138
1386808813
33872718
3331413322
782922217927630848
1328664937
766066296618414081
2258870403
1368152558
705813420973621248
717943272
717965900062793729
1636528548
786135013729402880
772800324675465216
3230326396
761303645518499840
535318339
1300646329
798972715982000128
218564804
173081447
2341083257
1468226568
856718436
603531704
2408803254
447965111
200146354
116871279
59200159
160471953
327316481
48142375
2929403482
2748105759
2327133380
394641871
3036352179
50286652
2434019798
2614227554
20062932
1045245656
915969295
390423729
3880024059
2354395787
342681065
1025054731
3194879351
1897601790
3226558563
304598010
545384133
917297730
776453763624214528
40985455
2863616699
1007560902
1168797480
2311880068
257398221
3243909749
803587400937209856
4920069233
522195863
1004781943
836055234
999371760
459950359
229804443
2463100707
748385951521595392
4694805378
2411037432
742397759991480320
366565632
2791075913
1192065962
3248803846
1105944535
480612566
1280566146
406523890
2410911599
57479575
191364077
325760306
4838692673
748252291959037952
473811699
225452143
1229121186
198981234
4342029017
630961397
756533720622956544
114539972
1034988296
627320497
1927224049
2289505911
4227091119
738344440851468288
1088677627
1704116298
545284832
754694678314901504
2271870859
708755015868006402
3129948658
2644998883
2224962167
799504971502944257
3001659228
494245231
1476948512
3310499086
891432866
757352340756295684
43339170
1869314520
305650360
2311967105
702690830
1452532796
3038103838
1341462944
470257543
738313190887546880
548616993
2407292225
93705477
1307992418
793096447914827776
537662962
1157043744
1229384556
556818121
946023379
1854556328
1334463464
996812454
1101694626
757150618188386304
4213064554
787432374237822977
4857416872
789443113651699715
418918882
613387563
2797539111
503452485
309178760
714002059
387087335
713058194059304960
939421976
368588066
1099024447
2278995820
161983199
1394277882
289400495
2986183990
2385763608
4769400089
3294587596
872371680
1080493914
780095104132509696
2197175103
1280953482
3387594292
799177228672237568
26295447
3199310855
2903545671
452985926
426094795
17439787
1911991346
220790490
723203630917136384
441623488
1620754188
4643077173
67006079
492663789
715080807916912642
796796303103639553
813055092
794287344715235328
4838445220
802059051064561664
736545283576893440
4192067253
741040482285965312
3385105642
564693328
84300444
65861682
13727692
373784603
717452216840429569
1026144254
2322261107
167566334
780815403320696832
307466367
781240119881760768
870445994
2559192629
186399539
800409968021098496
1904322224
550588728
934197043
411370110
260230310
2319131287
2371882145
1875401192
2376999684
3397587807
3005727892
1700834768
77240565
340847319
3197165667
3870837869
22605662
3331059982
2355391573
836504312
2369487328
1846444333
126883491
380250466
421146026
2937209879
1712653148
140391257
859582356
755181263573569536
702614277472034818
278422359
260150517
128948359
2696032865
420627699
1105814539
3240778707
557229572
2948537999
77789716
999645834
989409607
716591970106417152
2716446892
518956612
4372999402
156316785
313652711
462371225
2833760769
487789216
322037405
134554873
2925423826
432264645
428507062
2514997128
3439135871
17648551
1595653056
802200796368687105
9808092
2180163853
497996910
1410209468
427209531
4081124067
799754734315782144
297884272
4911378279
763274024675897344
58868395
792825362329788417
356923000
22248695
732317340092780545
1274581027
490602212
361341817
3448617916
3377613693
96319859
1239185874
801338550671331329
806736632
1073288395
704330777190907905
800433282433236992
748240006867730432
2810187580
394813883
19392607
2845429815
3367527737
2179948113
94529815
3394261233
2835640580
396698099
836271002
127025568
96842824
39212405
701513839989358592
747062212347461636
723835861989756928
96350254
900247297
1355024335
1035803582
249862119
2913833871
438429779
405170821
2846982226
607112247
1443706704
3007848857
788808578
1194951343
102200819
497949362
462427721
912548130
498915523
2283780786
2322781029
22616757
2312169774
523343629
710525705277325313
416290762
1098262302
1127733265
22659500
637292613
121424128
2436608759
705430013936533504
429312499
780019183371378688
46151350
1560410052
472185426
455939725
782643007
1929877436
514516356
417230292
776867281880178688
802293571693019136
2223036664
608125539
723094218734862336
2574023704
161428463
3055322696
1066733142
58241595
972589147
3298371244
484589440
1420443511
3001145196
4034460233
627383485
560636317
539150646
4076789541
373219208
1316667145
3041485138
732206617341595650
970562868
791287209508933632
220996437
444063000
4273349056
396697179
532222780
726428495413387265
1161191406
123712076
2359320782
801136494471774208
405426716
742094210447335424
68239562
701091324
3068039679
3165917453
2476119007
2218697421
2871007953
1265550168
409817475
197056224
3238853314
3458373497
2295417636
394957022
131446695
4885903612
120178254
754383640881168384
3240122307
3064824634
248339544
1876822644
3361200257
2742178024
61905153
31533927
1097904109
65008580
786565964158607362
2957131078
545248089
711299618219364354
576326378
784340188679974913
3092809936
467573735
138825055
1073080100
3119071163
124273634
2501851306
2559910725
775636532
473220156
764195579081752576
802664860744089601
3310400303
823062060
458632561
232861411
2719566132
1240845438
11061452
1419854173
353898411
1405256342
4155844545
479054996
1176193080
3019629387
3906755599
1144953769
2540030877
755028067517693953
1062957535
4172212191
522038645
2959917485
1472353806
786778001790959616
493260423
1978729974
1128044090
4280485636
3244021258
3334600017
2280439274
4910051933
942307356
573648634
3079251951
484850334
527277129
1372461787
771495594695294976
2208172767
785397318
13631242
250697308
933078536
2191894196
2427155309
946546771
154103665
621230485
983131412
20430345
2176449613
4806536835
1853857640
94294891
481267605
751806809434980353
390753281
4024983855
788717815528353792
374447222
19067940
2812859778
1401604591
2174691850
4909543941
3227318753
3422769471
2608779441
2610078732
77547900
2956811146
324937940
4196215025
1678602583
420629399
2479999514
477757835
797117758538477568
27660447
3014148579
966502022
207122050
18542632
953712781
1219907660
406860321
370639956
2883671135
327831274
4881267029
50608867
1263798854
1024976264
719936001968381952
217481916
796749112100134920
398611235
2217674274
501526399
1948013262
5393722
374941410
323141630
794652233258385409
2365011298
784608770
471428838
999340988
799219281451958272
631767111
735817583279149057
366081006
510821883
2743862297
499633425
1257355178
459446024
708930840
2235047637
2712636045
619798896
2422131402
3068966572
395812442
1159997508
219406236
85117452
1367973715
2440253132
2398081981
733695386846662657
791339969667293186
531260671
743412865948860420
1965647792
562816605
1195176624
419951447
382539264
789562622479835136
387345110
1325638555
359638420
4544396435
2419034826
405659403
1117576526
1231417717
1834394552
3432995584
1220896010
2955504839
182946752
2267581078
464947115
76902417
742643150397804544
125375055
2880084795
1911560335
102119771
771613884
722437734
4860590037
395803990
19790556
770466882
2175434521
794234183128322049
777855788882812928
1052221009
1579500278
14394318
766644219930873860
2288157877
930659928
489760837
1556491195
2375216695
305255857
270877772
4845403365
694604698771427328
2913429669
3347525428
142807042
92973348
519379680
576362054
229587251
510441663
536600780
753772110783320065
3510108957
4011901702
714432268761169921
721957168015126528
406323002
779077333
558032072
3199499049
2292329137
3357308483
2277583123
467309286
934188559
1079226488
2268685606
94594903
765190815467667456
1244200904
743869096324927488
2326622073
755743415183302658
818183167
2373624002
2316301654
1059881101
782171126168481792
360868017
474788900
799524531182403588
589334733
716631504
397326726
3372528161
2322849823
215735286
468607926
986617478
796287775549034496
564148431
2402307408
209007993
57750448
541670926
484881943
2385727578
541061131
785907890011840513
1283811182
923555906
456674882
742616018636406784
419907704
803115076672700418
85636061
2480323358
3682346117
2916512591
510450172
1166637379
3051404948
75299581
1404635250
129748089
279211405
92996440
85543043
1119822385
199029542
532050164
2424988655
489375718
2675073532
171690967
2347290581
863413130
441227606
222411571
2964743374
1063009350
563734798
337258972
59455690
1962674090
477543705
1745966046
3147471767
935131632
2731905976
831827472
916522718
815758254
351555225
339161564
566361704
483384295
2872332023
797136508293627904
526530582
1201691502
3360251476
208538102
3879573977
104135821
3879187997
2480462256
2819178244
734345496
754282812405084160
861252402
2236761742
800390197133225984
2845726755
875644892
2496989087
556650372
1228211810
3107574627
4578456569
1022731986
533692413
534655010
1580176014
976243140
13294452
2814370229
748870907456786432
1460451570
405792460
348141611
1022538426
481409710
412424802
320725662
716944964924620801
4188671596
379615563
791713072549335040
537133786
384192964
524453451
122644390
477633440
99475834
713001212535246848
4112673143
414978233
508213354
787718928638341120
1041823142
164205065
172669850
2720583173
96344993
516664834
532545883
474746645
753499324915519488
3375673725
1594040222
381532613
475325454
421905654
524236416
561473002
2932798964
493239048
989645683
895702736
575436900
955821968
770365997891084288
476980299
4039568062
332959014
609438275
1070434340
883099326
553567662
118183154
1573352107
122497273
746108643792257025
1176499273
1020931404
776154541289070596
3057752122
371348246
13159862
2478737879
415608754
444637440
570144271
131278936
1317255619
570833587
472186470
716624665507180544
705451641
2827084763
2418921020
2207172466
37756411
3332448431
542163896
41068452
1156611540
390040304
60608418
783745267707281408
397853516
26982622
798612590284931072
140814256
793725735047405568
634629867
1446761334
717334646405611525
2942381427
71340843
772030120097935360
718184199908421632
481444917
66975806
373887841
2320321929
50590345
882473480
500189677
6164412
1017105506
138800969
2895077031
540748776
2265684361
1855275732
242351511
1524423068
694638444807610368
431658112
718185423571390464
396459358
735414206
430622753
404088514
347497240
483725781
281884852
104450083
3094278383
970274028
2873873099
798939482
325771154
167014241
1707181112
478622166
3384381916
122014351
3431535287
484147648
1021727540
1487351570
1511087611
25788082
3070700175
2562814182
1011559662
257665435
182767371
14324681
421758109
280401262
2385838316
527516661
547050389
790544776923848705
533510595
515561206
822911887
713754689389637632
997961833
425182697
736596690
2334501166
747461500546220032
4098447160
2655855700
1556455656
1224876152
2397844595
230254846
423531049
4850532357
149842922
377389027
451449745
587326472
20581857
194308406
2221319742
224351032
728295648
297548565
107517248
796442124145176576
91233153
3324608649
3374386924
722919613
2726498655
995345934
2373222249
2350347318
405443137
171844789
4818340347
3793353617
391286828
478663552
197183571
474175425
743514238493278208
325165914
609145539
55683027
2978426715
1925644008
383227063
252676505
24855530
370345381
412410683
1124653651
2349860995
2788765798
2233536302
1063503469
3179321705
704431464524423168
419327725
3173819499
769128592299134977
938878644
776366037566623745
436809285
2160946687
47578036
749325100718100480
93197485
757949254765834240
2328923415
4275490114
886811412
2351055747
1089413082
2225328849
3319847693
1042134122
1069206085
248721251
943155390
2977934441
182411035
2463497702
557292057
703386818
497995758
303201471
467307839
388203039
513413652
1966284062
477654724
785400651878629376
228189307
400273310
218931858
3758739195
2719186852
404961989
1380510872
1456631540
731908101750788097
960666673
1260171894
774281375402909697
1468326630
2409766709
8032202
368950045
408350460
4394989595
85167868
439908934
562823508
773793565851942912
177645417
2362418930
3410368912
4853628435
87467449
1504483819
764870336894603264
2883998483
730380067637956610
422858171
540895773
485685744
786481498660626432
607983
319846232
2401743697
1050588654
2312096674
2960469293
2867129248
4863913085
307278565
789866400332611584
85774828
4147056975
160011017
3973068471
784105196070854657
4866066394
4468775656
778647667039690752
521437803
188787298
1251089251
2349348009
428436187
46887047
549605964
720515573
801520165250887680
3193977725
198869860
272479276
2976609286
4891899964
964852682
990630679
558053080
2712331625
14409745
722684492
2538895314
91138156
303267275
760392779533053952
2390176060
4187567045
802320974
720880802939023360
396564186
61011257
957962750
2609290294
790447127637987328
743746226454028289
415088731
843757543
740277257424523264
726721856749842436
2511962844
3166034463
808531951
1344131071
24919799
32436478
4701923905
3221712009
3054231435
4894437028
1332630272
1092670394
775299810849161220
716630573641555968
2265849538
52437919
3053055853
798456927600734208
781034881073684480
119001227
549062047
4202809396
1066344667
4857525609
1063332403
707686902
3083847341
986828390
840370952
737353823849730048
377660882
1780853522
3022123029
1348851210
1159982192
143423461
1370106768
876037140
3336144413
18762875
469502626
1602815845
700939605521145856
318549168
462904107
249625261
3588475175
430253778
301717777
1156524972
1288483735
2408772318
2207625535
3124079014
2193007701
299269691
4854451399
442337884
3011001645
43703232
117701249
4664853389
370365879
3381325839
738033666811678720
496948669
2942183974
2986513055
392272196
90845433
856476714
508645944
158891854
3091707250
3305521049
3018738275
1269675482
763784342
1039152966
802937898739888128
602574015
593644722
2188884396
526838409
26760769
802829264
783020674952626176
151390694
2943393603
1081132770
3050183838
1488338479
2899564629
962955534
618119776
2898075617
271879647
1374582042
891033776
1857320594
1461760566
56161146
1365016130
404759504
725051865159884802
503670941
184015853
575284033
3064476580
2369010655
2882367318
106168820
4665546447
3101946463
327411320
144192877
1877956903
143934900
453964141
1449178296
420194671
268910347
1310353159
2200075155
3072009003
4915900165
1009243501
2438650607
2998520939
401753108
225490204
404048864
538286720
408439846
1100422622
2275495767
927074624
2527227066
3058936745
1679375545
73420263
2765052793
1067982564
2354777003
213344914
510652108
2203488436
2184527330
407661201
608420247
2943507749
752800121138581504
2874931755
3067944443
2163623162
257499288
2574560504
3117151365
2995763703
763885171
538529568
752010888
1006510022
2709720835
518077571
266700017
44882802
2342517254
860205385
47377992
2369514974
306180757
729981130007531520
324262863
369200086
2180831464
4039903701
475887245
764140480775020544
133673973
2431061097
1261729915
4211901676
4405181775
2211358579
1198502288
2907520191
72381260
188478072
76616277
29428344
1063996592
1092084720
721937520771129344
1098245892
281358271
2342856875
782577416548020225
2168052871
430995535
1384894520
401687825
849568508
2967510047
629680392
2784216706
1319255352
1318108844
4081845855
781954997806370822
1023109254
462918342
722050091624833024
488782758
481217655
110190828
815304163
803319280225939457
410752364
446663344
2722863047
741592495155478528
396756630
1377373874
581069910
4633772304
7912442
22887971
1260385676
2396676379
2364035995
59746019
353894758
766601799155449857
2951613610
51752772
2802954460
2296569134
275455208
738878628998582272
763353589347672064
488895138
2469186961
4876627103
7773732
467473645
2350203541
701874670786781184
799981099166404608
801422494708236288
746960805288099842
962612156
552593225
1341254522
1385223960
263228978
326144852
476811892
84193474
428915501
98088844
3402714713
89212874
3169603576
11170692
1849672393
407816941
431157210
2416137887
1250020285
791920705340182529
256143387
413217587
418936091
2172743300
204249074
1425576013
1522499318
3305062853
2297706446
929249360
49988368
4850071475
2719470235
294776244
4871813147
405435019
4470002068
1277799804
220729165
3334148349
3230165817
60875634
405658810
2925299842
3319305760
3044947366
97650801
773929798192300032
2727207762
3816198827
3115012150
2420690215
423011868
4432360889
2366952049
15123812
472689582
3165299303
2484303523
789228796008333312
317680130
609404111
743016612048044032
1471608194
782507640811315200
2345206182
2534832186
2480246000
2226243518
852549655
570045852
361960565
433717645
341335638
422586035
1316655810
2445766538
1080507391
1008846302
2523568577
3151774115
458146177
18680083
402997564
1424689315
58295593
37434853
2180547666
564038388
773161248099803137
81230367
4069173009
1223801485
431622091
732773769824047104
2330865256
325804266
3601766603
2962475685
787697704466079744
768783082736455680
538152625
703927942192173056
557234714
722504292263964673
3662356395
3631947141
612741838
745181908011651072
3408637281
413060957
1006483980
1108966327
183287158
1353602473
424153335
343370530
1356673152
96229605
174186680
396857578
788368573471293445
1378987628
2921948057
453925278
1320760814
2244603493
147371974
950513972
618929613
783735608325836800
155588864
1029226392
2709647816
2469248088
2858721511
4860423380
2300311050
329152979
76369192
1644456139
1057930387
396218442
1076597023
496477841
725708427696181248
1163796132
360737479
849274159
618540945
799529137648107520
1044114469
544388330
4844733082
1173116102
637254997
990133326
804354408
1221335432
3601606947
4515619593
303298353
2589915440
102672182
2603715699
741293293930188800
200502085
2207218850
2814253391
2325435205
195063290
756171345310781440
475248885
735888541079732225
267174899
1085455423
446090752
2359894718
2557453016
857730480
2207330516
484710448
380810188
748799089567862784
4054445176
1591737049
731825276603224064
747892541400428544
148117776
2377363345
3292795744
326226399
2204128029
3937406775
27212050
799465139154092032
1378974757
96389952
947730906
368819722
768524508932239360
754674027705360384
1019311248
53139843
2892590987
876085555
742013658268598273
3613181357
1522471394
388718346
759409360397303809
734725512950603776
3225188031
707252292408512512
234504218
930194618
1498225681
420150286
426706142
3322548533
2225431370
737734557777178624
67420706
4416648267
2155070496
83793343
1679376193
96516447
194976587
4853428299
712308565541855234
318882223
717773478213103616
49319803
1286465791
307100830
2363670784
189613925
1405789050
468585900
1254184530
1048605840
445414490
1098510534
281966090
416923575
616886078
113075421
379741776
938764705
9437162
3841950443
1566023431
447981049
173925687
472130584
794950858467328000
2878097184
209249028
2949739355
1543158968
378706057
3362139339
261291536
774612532036329474
2325858085
400899688
367194372
396467245
122016493
445611250
118178579
778924404617207808
1487687390
2951279819
3863196447
2153812941
779271293359325184
488765562
714096155152486400
585397603
3435148533
3135173073
746004773753724928
2625302733
188521082
3033238948
3220659027
742945550
82119370
803590719432695808
2294122020
3300508887
232231711
910266067
4702133172
121729205
1955153960
414385318
2385290202
223214082
39976483
366252148
2267174346
467232496
802176344515866624
1450171
815731375
3171167135
746314809503809536
457926975
766261457881337856
717694393621356544
84130259
2318888982
2344799433
783740138660700160
49639316
2273277140
3224046916
760872623538597889
752822927888875521
189265027
866605699
495717341
421166716
814747711
84874030
113050066
3182903687
3410081393
2612652422
470003688
2221331701
257709473
3043362960
43503218
1896592458
280010874
4885620221
916651584
509309634
800754987974332417
2296638619
798660060
370747500
4914311249
788161916246093828
2984894152
97580009
2795115634
630918299
730931221841256448
1399740782
31717022
417904049
418683219
30631198
77207264
3417691187
1362144619
3521388197
1278202914
3362927320
582236593
373528809
1190659814
261879481
797374091959406592
702827736516190208
99726049
2882526197
2801845471
1566555380
700692490
3599521275
2438043317
957099499
498439069
754440616487055364
2574266145
796759446370271232
435173619
3299152901
388362333
2496002029
65077794
512265195
751379826024583168
501669408
563989172
453851050
299178306
1183179234
4120047395
1231624994
418863047
373423842
797121395939540992
630008725
414926221
431084648
856310666
1578013482
1412500075
378483932
426716463
1166339754
4860559857
2163514121
702417430677753856
1062966253
730685457529511936
2501148630
87059776
397893241
4914915772
714555676417265664
2209486779
419626195
103591063
1412675324
794535156291866624
991437282
514243349
428415112
3139667865
448732675
235323455
2778855315
415437027
452855803
3347934334
801523742413307904
1289725328
220330731
95630884
483304367
318713537
2565231604
2814755454
899952481
505985485
410910327
3332720836
159459884
2997510433
4003940735
2333450384
4256851395
585172516
556357599
734833203152879616
1225509780
451410343
389104963
2850104139
232972471
232908749
504658270
2845737279
1036788019
401573417
56874315
2657797725
2166568844
482958648
29416653
270623814
393289136
772100378057900033
3527260401
16213811
1308806863
2993021697
3426491
710789773963698176
899978641
2464828514
704078981591646208
710500851270492161
782482968581378049
1103245380
187419451
134559413
937463430
242071863
3002875031
705029912265097218
2911434461
845781758
1121935962
517717792
17211295
3034280366
1857838688
801707005887082497
700406264937971712
1015814694
724957881045491712
2752533784
2190915769
1006050012
528846336
3064945486
112485367
311085868
47298412
999773377
2352984616
276697615
2906554709
1260037848
429144484
1170061058
2512905313
140772582
544352838
440247035
255612179
71797055
783280828231086080
574814553
292756618
2966187939
2899612829
3806382809
91291605
1915050013
2160731013
1493326248
104651157
794957025994215424
113446660
426712009
588507242
875347244
2210208861
2363421477
733011210547912704
379828012
443464237
2902922074
713852625867960320
1092846918
740631932086652928
634892475
4244881703
988373714
558591392
765577612441817088
1127618904
4076656275
1222000628
1222221458
255560499
749611364
405498561
907825728
3369172816
753989676030128128
435026743
256491020
725728464268066817
3000542902
72591452
587805027
1072138536
432926462
303139807
278210313
2251020168
3320655053
232559332
39022638
742054546487271429
482482833
1652968850
500582673
383052987
1715119512
2961876645
2326128963
434280541
448335186
1048569343
915566532
362432939
332885533
381419274
142201916
495514379
872297844
2442517233
591029852
949926276
835923896
1421610379
273051883
711187023
1014016028
1271715740
1384801004
353811477
1267065014
384440283
2230782069
2219899278
759401210801692672
1369431798
1088806153
430743919
404985135
14162223
22013422
771434547762368512
2577527823
253262674
377272505
1433286055
794653620956495872
793469352871858176
3046004253
45541132
729359824312504320
2723386339
412605774
251309387
745689833331359745
425866423
1010820098
591144361
2503994871
2781784450
908206586
841930033
12490782
1106230255
3688803513
450948816
3014801056
1510136666
711909518121312256
943572877
3052713239
2455541630
1030992019
2995507655
89983030
713744729981263872
2588246800
439076197
744252966501236736
193261391
991699441
4900814871
874129596
1353703069
2386237696
2359448190
1151876744
792801457158381568
507768657
2867740125
772369470635606016
957427112
208447500
3357544672
32624061
591983888
766171934539313152
4774998749
797805269539520512
1347344792
2370723536
795964357893046272
541692979
78943556
234291821
407685967
2616680851
3299892773
2361394675
484982764
1021541239
1429737960
1068963974
1926516720
495036664
294535863
753701922473971713
1037526320
2529311388
391620881
51274770
1829960281
130940132
831768450
4892218558
1078134512
25676606
1909434692
2234822984
424355891
2850655639
13200122
470261387
65465146
2356990407
120734575
2282469222
1368793633
1264410564
761237376601563136
409448246
2263824353
419415644
719855009928716288
8266162
503711357
174210451
790269417603162118
4892369867
366660837
541142373
2842597865
311694861
89463988
1876212612
