471859605
132164537
38873697
2850074284
2695436575
3568308916
291019658
1054466197
731258681506009088
1923498710
4376544262
170747137
2511415512
2597512767
18616891
352164101
16986506
472905491
4384279288
757989565600858112
63152361
396841926
413452932
2753018300
2291495448
789398693963112448
2320863902
137003322
65335565
3034711797
3152228475
455562995
394734481
775304806332243968
2418170407
3334952776
562805089
752185006517346304
1179157244
821838218
194972957
843043616
1009689127
803691260548616192
29021794
422245324
215374702
755286164731490305
452858854
703956848836222977
143393223
497145487
477093116
625000187
53053554
4160203479
210376076
484993582
1879973286
53766835
295071149
3906213625
75538541
800698016768233472
446122798
126344012
765985943518081033
1474822591
440691898
702455771670380544
3074524055
711565996
2359157445
160134649
126137269
1015392134
22015813
78412028
3028985566
2962599197
223881169
467389922
766299046378102784
1644927055
422512736
501706273
3200053252
1013535530
2253510097
723480201599045632
752127985155801088
1174274426
180317088
728807104790794240
25666697
1307016348
589997252
283636579
2817092706
534732052
111933671
502998687
1106140585
3433378229
292417838
497829386
617575458
1338795409
452010658
578393872
858003427
738604906114748417
2366121870
2742785879
1934261960
7184902
465950531
447231795
1322376432
945407058
3825806842
404409239
1259828274
121368445
801545224808001538
3377428947
133461180
1583259805
777222642961092609
443187387
2504129001
775959412087193600
340996459
2745854065
413354451
3217393599
801499650222129153
219226566
967124340
3398394214
464516274
1146115483
493949099
2166946698
26498483
398717205
104960470
36392373
2427311741
2629123617
584529887
318230976
314537220
1272915272
2840111003
748447839215321088
919502593
3426670696
798850577547464705
368340302
3109897131
271990882
1588323260
753877865645674496
76383375
498234811
1128223242
2948943329
20373953
1372078580
408738224
589418956
1412896242
129455752
559802659
752821878453141504
1562752760
85136516
38146062
462353930
714071409614594048
1040220258
765965375792148480
801348354760474624
3438514635
775379869215625217
144213581
158288741
329937650
964810638
1126319712
255666406
501982093
187725799
419443005
4866958593
247222140
88873456
52011449
2199539758
1635670363
759428777793429505
701866918777638913
402200260
323676734
2585597700
53438498
767772101503836161
783427641298808832
2679522658
417279241
3312303309
960087626
558981012
787941432267051008
2460104746
1051114320
889582477
2206083227
4256715496
1122984812
801915618182234112
2177864810
473848168
210477610
4092809355
513144334
710162008180662272
386474826
1624328838
3978799463
1963222586
1180016617
796334964342194178
1037835342
1069065090
634575700
1171489279
997982544
391168591
1623140270
1238622974
789567191708565505
574852251
390622095
403273945
2429027969
633259530
1015870262
264728020
769543337527345152
1362230798
734705980873789440
599940695
783319162550644736
475134082
851602604
29203505
1122635904
1244749964
2978706729
776357522
2786098415
795593003742220288
902528365
1042739358
788049329403506688
172319459
242339687
60266856
2172767249
3405634973
521337019
419500576
403334506
2364819052
582622919
1709866242
1004482429
1747158031
425803153
1254440240
752065315379376128
2347941794
381964547
1447003466
2250752450
714553962599464960
3827842155
394870816
330532430
2430411374
1023906182
4705505042
602903174
2284081610
1598750419
418546477
2398378464
1012822723
42020911
906349453
2729520336
264211609
2281381593
762983877849800704
3331220440
3014654074
135880913
3957645843
1481960144
1122699595
3909032295
1555488049
4351705817
255417494
3290984981
9217122
775563174477238272
1300746456
2466256099
978488840
1142172775
130844890
4203955936
3114706373
1228029926
854600858
507697095
1676734230
747062107636637697
1498271646
578838113
2498928031
83386342
2196264912
3304225534
290585680
2808862264
151381490
3115905790
476847259
1857779947
802931276705628166
2243105962
745916794100125696
1517788118
772074670208221184
1037077783
968615264
456946458
909082868
96220057
1150870320
2605945762
251094642
801258780
1671155881
4126383317
184489591
790620156963725312
4733150242
417747634
125655107
37769570
2797440824
194725649
352629296
520404945
2486874688
1133516726
2149665647
740922692774301701
1331076596
2468306143
1238783797
387067067
1409217584
776051013862166529
712713408806842368
1488327588
4182142288
126691082
949546273
342118728
11945512
796410172646232069
2391603191
4185928505
2199283209
2479620311
2240178557
1270045470
928609825
185274610
263858624
821719770
1221818034
1575913064
217718888
364189418
437533038
801841062763491328
1219977643
3131729685
1283861509
395242306
429085080
345488835
3300962806
2354704705
3021204969
1205594306
798743088206319616
2876387074
724648551561728000
756873097622552576
481929883
434505068
125070146
892954382
1358783606
365344875
377318801
1147526076
299879926
789104165167529984
803569989676662784
283080198
2517301839
242079429
161497051
140066629
3169131753
2282008813
135547288
539871980
478010145
2319748337
2819161970
405817197
4579125253
3053830265
3309946937
1367363988
6532332
2250913801
770283244751388677
4702970784
499227001
417101186
697447492112269312
410977365
31093748
3063738106
2658993140
2817204236
224940210
2467854313
2520582142
503135180
1094831563
452294805
711343781644255233
731920891735605248
541596083
575654596
2314126375
1536506010
229120963
2410447644
481311669
413786539
510597929
2374899391
4243675906
2361360169
989340356
2259459451
876091626
259404312
459575207
112369241
708429391
434394574
577023890
753569175944171521
2210084110
483431115
1717274785
976455469
369177021
1158164456
3079246066
2865546393
84817919
2223966992
211918972
801974236315340805
2479634919
2252899982
516755582
4601698335
523387439
14270140
2397328413
241602781
3198028097
2881013986
411018458
3217711420
128880613
459584150
4181848462
443775053
2391369431
548738657
2864243287
2491997012
3240905590
52035837
407296758
780342597458034692
372981992
796097962384433153
538946856
2592758547
2853383397
897054630
1633087430
464878898
2495079298
759816813752442880
2319542538
753896468113678336
1372517456
433778232
1384913983
479942012
902101675
1064020076
796802534367170560
2571102050
2774751706
2332571271
753878412981374976
433207635
366188528
269321658
1244609569
758252899298320385
533059229
764908550816751617
2509301951
3906735870
712647058709155841
136622333
1667689482
705453997981876225
739441963733274624
4461052161
256888973
705835156054134785
1216455108
26723126
620351637
337185218
585968039
1179962942
2892694835
1666144496
796057348435542020
369749865
798640448558497792
369728921
305481008
1224996284
406469071
758291580793094144
946249914
2772740636
1880747821
2723227713
366492481
1176112362
2357502873
914574283
4268381662
121190725
1292021606
4905992363
595517608
31091958
1093512139
88650213
560447930
1109134129
2504436965
2598112424
340717082
716326404707713024
435136836
411066978
3046529709
752871654070575104
717797844934082560
2348272833
2315044228
1438872230
33994488
788047861342691328
731252371226042369
48996987
1246808533
2173904793
80200885
706841262679310336
2214623072
776479770502651904
15155803
724303327077502976
742400690065149952
1305597956
1852391984
2242397585
912342114
712376322
4920372220
2544957299
1382274499
462764304
710498404531630080
573977989
2751847457
579271577
2450147531
2589863933
2942625706
751725458631327744
1314132968
1447215498
2942180603
1379254362
2442834988
776003975921401862
803384371055067138
3069465819
2872452713
15242265
2509416930
471117838
1357827044
267219188
2973508025
246756973
1228034526
134440982
1368152558
504524011
1243340389
2365538973
351137105
25656901
1084193910
30431415
705813420973621248
760240948488044544
2387298926
1636528548
1120077589
891569430
803350148143316992
2341083257
1339529246
727628624740888576
632742781
473659309
2270694999
1244857718
778703906356330496
2183863684
423992369
79813277
116871279
2851165852
59200159
2996487070
323889720
230696135
1627031726
61177217
1903397372
1111665702
3036352179
2476920318
1857810883
754403068725301249
258758131
231011153
315787968
50286652
2434019798
2171153391
26748825
169512691
1025054731
17268435
304598010
1111297184
545384133
40985455
1007560902
1168797480
3122280521
777531818933452804
776702932523839489
3243909749
1216071834
2788736669
4033400597
52344772
1025169505
2675356905
541759113
754778209862942720
2463100707
749317482289192960
462336529
383414938
485587951
2486333230
2791075913
803010732
789144305264910336
834267554
484257494
2394145762
2467422972
406523890
57479575
15491749
515350705
489722273
3345161205
2891879969
808945040
1229121186
357100487
700612611298213888
4342029017
4119906531
2442948483
521718492
3201052948
609827142
1910176993
2162689650
1231366670
1320668719
1188872131
2836635263
3213490474
1062535159
2240836459
802626063662772224
1704116298
2296153657
4631600495
221179969
331598166
494245231
932443237
3310499086
339672122
1065851646
1660989816
528699157
955750106
317278377
1337081946
2311967105
462930293
1068648510
2147638752
771412104364589056
65872385
707318418677092353
451483593
556818121
710193656708333568
1336254342
250064801
409512109
1374267032
53773490
169649919
1184045827
742455271
503452485
309178760
2888908630
897377131
1932186163
944428878
240888332
311092774
428235056
2201613873
415832180
1709629910
1658004026
204791100
204757221
755320994131247104
631967335
1374222312
426515004
105423064
4851423724
483118529
1389652190
146765988
427694799
909935803
425135784
16401526
401703102
442225392
250080066
2343512623
2725435126
417800630
426094795
452985926
17439787
4754588073
2292121696
888531398
723203630917136384
93719647
1126330494
441623488
2338719661
1101689227
3251713757
181629711
781114803465191424
412250316
2369854366
299551316
22834067
3385105642
779306269190553601
799293821515399168
13727692
796821388023754753
2253516584
3987937325
2723369673
1173498349
2443860315
3673796295
304669777
796004115688161280
2465017751
934601778
762274877806084096
528507835
434387464
797753885364486144
493818614
1901331644
3096871079
369400663
1376724398
2186975672
2501546732
2319131287
2477578395
4414946656
818013072
3008763837
444048705
68631041
340847319
2249959502
2785721938
836504312
516923634
522667905
421266518
3436942246
453815626
247801264
123231777
553368112
129228198
161044379
240401072
1492164349
800514080
420627699
1105814539
3072811918
716591970106417152
4744618343
507792558
2716446892
744114614800158720
1189298618
763388821677469696
1012943576
2386835695
194101852
313652711
851233315
2858986984
191574580
2987541862
972872618
272402900
635689685
134554873
2575796117
1111225376
971923446
3380511171
3130622027
2198032835
802500554077405185
436230438
319782293
388946039
1410209468
2540480404
427209531
919417542
799754734315782144
2236140732
532562936
1098289812
700841898
2603850468
574396225
4928491697
3065960398
3302069128
891590768
116750021
396691435
918347246
299365630
1192817774
336091189
337171830
1153870734
864312458
17647690
992597312
2546652284
153723618
1849153957
1449501241
281704107
704330777190907905
433597260
19392607
2845429815
480661168
94529815
1016215621
303937763
802909615495282688
2533019300
427671284
750672563794223105
552146418
2767985158
1368025074
836271002
3382760081
3346519665
2376140579
22757909
1221995204
459219907
440436024
2272142449
2198193816
1246491950
2415768917
2597549564
249862119
2913833871
908951064
1443706704
1075391245
1194951343
633595333
481457729
407062660
2366082457
747451360715616257
4847651633
401438300
2792814315
197193073
1853722758
593582642
999320468
418932368
602729220
340972113
2785117733
802983365322403840
1127733265
22659500
1216273854
1499706972
700786170423353346
121424128
410946127
2436608759
2389245857
218067973
472185426
767936783237644292
494439200
2314403526
110218135
778273782
776867281880178688
376218450
797431190437380096
1169506849
765113425882218497
161428463
58241595
3139793645
476754234
2862216426
3009824991
52362602
1368850908
1146147427
1052426527
1291656504
4902884411
1923616602
475254497
803300349956198400
220996437
714101389
10907112
4273349056
3192664222
532222780
745524200916426752
713303560352571392
702214839045910539
726428495413387265
3329103785
1016040828
9476932
106738070
742094210447335424
302967121
3165917453
701091324
2476119007
1048095474
4861532578
2741910808
2400560849
4924190242
36376600
504485813
4765765934
4885903612
4754556873
3064824634
541147498
8672302
801867970603601920
1175727986
118742948
4850369241
2785334697
4545680897
2957131078
522567091
714364362320912385
883065655
704996147
882872700
186372018
711299618219364354
1940364450
462739617
3092809936
776255018181722112
787888638
2416229854
717100825026379777
3119071163
1238504988
178029740
1166877775
516890828
1930695714
2331847077
133998087
733330743800258560
2800729570
1593520453
279527882
238990492
1908575102
754037580308606976
23054148
1260162366
789589519
3170257623
387198659
740204367400337408
216688489
2164608279
4155844545
551331260
783307585206222848
1259556817
527413030
2355421763
1328724913
917018388
416161725
1472353806
4829874545
2935219756
492574235
493260423
2174506659
2560173527
448066474
726150285870157824
2361146452
3244021258
942307356
2596945387
2394791163
155862175
48967204
1372461787
621038509
2178160872
1637660911
542852191
1063011624
3299490593
51167606
797871034535936004
701704953572806657
411010417
576702177
371443272
1269285138
20430345
32166623
3392585361
4806536835
94294891
2999932538
390753281
1715437566
720160136468279296
410210301
494400208
115523877
493455308
206294638
2578671909
713725818548199424
742397869
3297011662
948318834
465765184
2174691850
56981877
4909543941
391957545
730396590230413312
3227318753
427266614
3306842937
281970743
2608779441
812735148
759853330692616193
388284615
2956811146
594882199
429974408
3159816119
594725434
265438050
630524940
39273093
1539407683
2970225064
389473754
39975495
1024976264
398611235
3889028069
420437976
1203674574
1186603358
1579008720
217374235
2217674274
63126601
754664352855236608
1294174362
501526399
61703985
802888116369551360
2239737678
442193839
1313490145
2365011298
513253779
237816428
409359462
85793150
2904229025
375035919
2907503735
296197775
510430173
852301178
3055829144
1310591124
4221027975
270050737
337344038
909777890
154082631
3107458432
452117960
15108909
1257355178
437537959
1001303996
2631647879
321530359
1298737056
619798896
196560266
432684012
142393098
1154237778
191511361
733695386846662657
1221075104
2883830458
757720086
4737081682
1076089766
248453535
435285639
235689061
3246166239
712981333224595456
1369176474
2281936099
1919132101
2298937636
2189633884
1037692622
390977988
534850953
1117576526
3764059997
1231417717
3318421203
2902451260
46120689
368862221
318440967
1267801106
723538940502913024
857051744
2221083463
4262741963
3133358394
760944558704324608
1205164044
1064087622
1470458840
494172683
454052150
777855788882812928
955314738
1642833512
133692338
4923500123
766644219930873860
1104906145
197763661
584056092
2216179636
930659928
430937726
2375216695
52332450
2425442529
149233295
420538185
72657937
26502440
271803051
2852352323
784398647471595520
787512125610655744
714432268761169921
3869948417
786909552906268672
2802290616
331136187
57282569
52040439
403012790
779077333
557477939
492507818
558032072
1371970536
3357308483
315096338
253018480
1079226488
431042658
2392084666
515171492
557305701
2480654968
22003434
725060346776555524
71806270
759968227782983680
61141361
4685477252
1346996612
3404776456
222431192
347500628
381714246
434867803
447863789
3075395735
2316301654
702921914
785552040244154368
398317849
1059881101
274014643
3046203481
1385372534
477897185
2940621262
2877751768
1068056972
1879711830
2193325214
3299546625
1078039400
63812610
2918273481
564148431
433236253
2734420354
1050270810
4081241908
759511811964231684
100878763
2155767706
475994227
3064354900
3067642931
1209547698
1015741482
2870408529
541061136
295232530
740257403178999808
419543607
76087269
456674882
3059131623
803115076672700418
2845668851
245960120
253164055
1974968564
410345597
454730135
1134644042
2480232105
1393933706
430437851
153342663
796033040443129860
118978778
431480206
442808538
555019079
1307698028
202220813
767420353
322563649
588968100
2436489082
2973459185
3981718401
2929390888
1125077892
2862441234
1140071011
104551647
4784066715
1140946166
222411571
802855006307319808
3056828201
461067562
3032272127
477543705
1962674090
954041064
2988086885
916522718
999278988
2606297856
745614706891710464
566361704
1160278561
2354315379
797805423122350081
808924015
34556545
483384295
2872332023
3065958947
192253996
797136508293627904
462393889
803300175955558400
468356881
2760582813
3403569412
402324365
754282812405084160
430169858
3399848795
801397532958031872
83818953
3325251946
2211388062
716194484200022016
224594895
779622776999178240
2496989087
85670395
759631470
538147915
973720956
2248894694
402140522
3190082914
534655010
307030677
1075099969
2448698148
1038122826
3029167981
389715698
13294452
2903029769
253533898
295322256
405792460
3327831430
391450948
420464238
1242311772
348141611
828366277
716944964924620801
2549720989
4188671596
803629689856229376
1533166392
932961775
781222259558088704
524453451
2230228079
4849677359
3123797819
436870309
611777238
794218079878266880
773240110120927232
4871567830
701647912686764032
394850579
36152010
443167956
223115007
785367204703461376
784714701091532800
2978019477
430724357
604899762
1062995012
831129830
897918854
492065435
289538124
405004713
1740904994
479645953
366761086
4632995241
43814969
2447487589
447370939
1489971883
1594040222
424475512
2785343943
724068270
475325454
719180243240677376
549451829
365462238
503042698
801353728175509505
127189314
345374298
435314449
3193772039
3431700219
797134962453581824
895702736
989645683
1353901538
192353315
923213636
2609643615
832669237
2322889134
3364814494
121691763
1042992667
436124417
2494036502
420454893
2924455714
2285114260
1121521046
2352305154
1611260352
423799588
905577096
1135255465
1366555484
1266543716
766703303845699585
2276406060
400701610
1125816168
107729277
460042639
2260660337
703230721440223232
2565072187
498345547
701167259813879808
3375604709
96236264
2674680536
106842211
489551817
58636171
634535867
1013979008
75010477
890708022
764832934322929664
2314008111
3416068515
784318068889559040
4105925825
756798814518964224
791628536557793280
570833587
427739699
972337386
770213977553047552
404836757
1272928376
2821597763
537182749
2418921020
778321813
413010349
4493808615
908270905
136971453
26982622
2166133390
3003254493
29411886
3024921597
2250627476
717334646405611525
762658396881428482
221707969
2942381427
491225607
2320321929
1092735302
50590345
1026219187
39079629
316972451
391279725
50236559
328486212
415387207
2901251668
6164412
803617893464215556
16615233
2895077031
1114542462
1544149513
76769340
566540382
694638444807610368
481945340
724009561242345473
1230551046
728733122695725057
1227624775
214047668
281884852
3094278383
827801822
4622622557
472998662
801060646699855872
807801223
1688892974
1916166230
48145270
421763043
478622166
3268499779
753960561386352641
456894487
343557294
501874833
2562814182
205742791
765453260228624384
14324681
421758109
1291622634
797171468002033664
1037740650
3138188655
547050389
357464260
2802691047
476175986
429928689
515635680
328473338
539098109
725370452210794497
736596690
3005907718
4098447160
715284283749974016
3297871286
2492853221
2180427250
2397844595
1556455656
1323536942
423531049
202268232
749248856
244582346
2761183186
4853392221
2163139580
245328223
595878183
2925130378
254998344
342296335
453905728
3324608649
1082984088
1054609442
43888814
479810905
2373222249
839698230
585391357
2518413287
786276460080209920
729079437875150849
778304305434595331
1068702612
1594184960
1350270674
252161195
781598569153388545
130240930
989192558
560598348
1271977076
733363232581255168
743514238493278208
799340178854866944
1430722891
1015943185
14561296
2396599558
526735998
435329079
1152242833
114321159
492460290
3175188171
2150833213
723077115428499456
603370313
383227063
923195227
2430631222
471334188
1037579658
253266441
2788765798
468304135
1285373419
2891197923
2909504255
407000028
2847311877
3173819499
255054094
435791610
1562770316
912364518
762186331011375104
3237012287
757949254765834240
367195342
721303651575341057
357584516
494371618
3336603742
1146101496
952427629
542327855
1190283926
4833426802
489693440
332894847
1631944412
2708071882
124836934
131262995
585941279
341408808
1069206085
80867890
1108981674
140872133
786445441
930579210
636433553
2977934441
943155390
2779850985
747404363027652608
1143239196
1050997706
319116894
970255340
381526818
1223037354
703386818
431976775
105277763
51757652
297923898
2478580177
3383211964
202675420
40198677
429795088
950500700
1392039763
389907701
1074173322
4910362701
722514964095889408
1904885862
1260171894
358119628
774281375402909697
2207852354
2949441737
219784110
700412768730619905
456082255
46224994
1080257646
870521268
484059817
2384687890
798986980159692800
1007282528
443193400
460355867
730380067637956610
422858171
219273566
2804548086
4726174575
185794895
4863618933
540895773
54958908
2416492224
305476350
416644604
185144870
3024843525
504320117
2892216196
4871332221
307278565
476392012
1134804595
758372531392901120
956120414
2786595941
799733071721406468
357998864
2295223756
220992786
4193379959
3368018859
418717321
46887047
1695687517
12946492
963144078
1644683106
732186103013347328
367390935
165686075
465921722
1382206622
203000387
463824079
152427789
419480134
447439107
780100421536849920
3316777688
467642898
940223707
410748554
1148226661
351678178
2937388577
538761354
2390176060
314845423
628367790
1544093054
2570957394
2919241120
4228903452
85104257
396564186
3855759741
739885032983154692
1262939593
397276980
2509117751
843757543
79959191
402030712
428272958
3176594760
1498494175
2509690782
497255779
1423876909
803628976593772544
4861512059
391246325
315140856
2983947047
882708728
787295659074387968
3067687355
3038785617
14108472
734074574275514368
2184456353
433192298
488356774
329557869
726083054
310216032
3299322807
473938490
149609445
1384855346
594415123
2463642644
782584298964672512
439245001
719987714448355330
984704059
330449169
141529750
1266500113
703607966
946529088
986828390
377660882
731393402
98174343
1515980365
2297414524
1528704474
2845221227
455076650
2851592991
2674941708
4728590782
2866061393
291951565
138772797
47708105
3124621335
424237536
3588475175
951759308
557366826
799185635999412224
2430563386
1040485819
422182674
4106012295
431784727
2351364017
1036494895
461478545
43703232
3014425612
597499995
1114879542
406437699
4089359207
393519608
1941637627
4664853389
1074786902
3860196976
608063632
496948669
3256271740
1358611800
2319777925
3351926470
2755112781
2964444107
508645944
1855414472
474239930
900216266
1269675482
213616021
2533287637
147280554
602574015
475234937
2847253456
771439311229186049
783020674952626176
2203686361
83886546
533599475
759712744044056577
2557627068
4648250951
962955534
4832898707
2898075617
1006234656
1374582042
2354462598
31880558
3342623991
123903173
771106587037532160
600847079
725051865159884802
216714835
3663181830
513312094
520291889
2719760326
1372497578
2369010655
1014870637
2311558334
96313736
1586042605
4787048363
3101946463
1459455080
31171266
474378609
707289158126010368
1114354382
420194671
2975144398
793159612736430080
171857278
316364685
527379677
467401158
746077685558939648
586387991
2751862871
3022753349
779870528
1009243501
600415712
3060193917
89412025
908380926
2382128702
1012939532
238781806
225490204
516359566
776116078124687360
2153157170
1480061876
1006432927
725937762449264641
217900142
2484989746
991498111
803686734190018561
3875305217
541178236
400630735
2203488436
602182097
2992689333
1040332778
1945087009
3351721149
273466314
752800121138581504
1081297633
1346566790
391954792
493533192
1030716133
1060195976
594991158
64692722
337348136
752010888
342905172
322540485
2359426044
3080186967
55950896
1284301519
534584338
281904941
2342517254
712037085369266180
914050591
467659856
2945794889
306180757
324262863
2180831464
732954867833176064
2774578942
4039903701
118140512
3291626026
2180912035
77889072
2328471661
99481346
2431061097
842378066
29173778
702171804417323011
144226252
977867604
2161648892
998138210
778914262689480704
76616277
37892753
1179455066
1092084720
3224669813
333498140
1656352922
2949069453
14145846
2780350163
1183534806
941567396
2342856875
430995535
753932769147912193
499197851
1384894520
1385514882
379338454
29171103
204456385
4818092890
564370558
1091717713
781954997806370822
594879721
722050091624833024
1119430706
481217655
595680879
3293831915
1103185308
495419596
2722863047
741592495155478528
396756630
2380908872
62186113
2382563042
148296704
803608524332945408
711875747183521797
557827565
708425080645279745
717894055405961216
855271164
22887971
531505166
232090588
2364035995
722053268587855872
1102070556
164780237
4194026595
227454770
778206259145244672
45176195
714376418055073793
449021251
514422812
23301182
1148304355
488895138
495277374
2353760868
2980207475
467473645
2350203541
565475307
171513237
4189744097
2356991855
1364124920
60995609
763025898736082944
461229005
801422494708236288
705462413169205255
761582724176027649
713184048
1116999974
1055931559
22127498
1385223960
799874546862014465
1690365794
326144852
3110560259
2811089575
4609193302
476811892
428915501
52039595
3169603576
2986114714
313514631
3140140060
270372295
782126365315371008
263046135
2949319450
1418786191
388719284
413217587
418790167
2172743300
406580561
2331849409
622020182
2359663543
4470002068
411073767
418221631
306384715
17565436
77973889
432329081
719612791087374337
3230165817
573872757
1357812068
172472233
3319305760
773929798192300032
382569653
430095245
458347992
423011868
4432360889
4480184295
712273849
3126643192
317680130
609404111
594659275
3190862212
436833006
14398193
800148156973363200
2252032623
378831710
1346055018
194766923
367692964
2480246000
2190313025
570045852
44886581
222473908
4197183543
418732295
742259446764711936
1486413157
96964634
160318761
583915815
2193063386
1080507391
712312811305758720
465753888
2523568577
1015313437
1334546508
1267447807
1228536066
2477603211
1601839914
456670754
253728666
1298746268
1327803948
79005597
500096474
3224618207
61773288
564038388
773161248099803137
253714436
732773769824047104
3298850979
396823374
492031787
1054906759
309764770
115139827
3471435689
418265647
2962475685
454191208
105422399
768783082736455680
37873722
962989620
783227203433664512
3662356395
1283852282
612741838
3200871663
2301960876
422502823
745339531566661632
1353602473
319307045
118513045
424153335
1356673152
201691601
483816390
434736878
47875351
126049704
1063725882
434505824
2394796134
2886982929
51522357
376707743
2736117773
783257684971773952
28317864
1410109662
236335841
3922344275
464127310
236939562
401362474
600042534
460275730
200888646
970835599
64144248
2256723448
424473892
2300311050
484133390
2320844457
3069843927
4822490579
396218442
2470658058
48302086
1872223814
986714714
496477841
793787716727140353
761729339201318913
515611930
2722018162
3304767448
737964567737864192
1191157380
3007504107
888908046
1086700214
1926324451
2521671494
525364699
802887783580844032
3048846859
637254997
1635529807
1142996647
1275988495
970705082
102672182
2278958635
194223032
510439689
713807893875843072
2749566881
475248885
1384371824
1085455423
1170199861
446090752
1188862585
410750805
1474124408
1438986181
396104852
489380422
2992056261
4603127836
135175666
1521671185
459115038
2941989598
3346047160
371820912
326226399
2204128029
2948577789
3937406775
792731002900709376
984646254
1352568188
368819722
773277137554079745
2364869654
1427556781
53139843
131846946
742013658268598273
1732490672
436671461
2752259173
3613181357
2817088916
385512892
3939868781
26772461
178685251
259347985
453959464
1904586948
488484539
1235964151
51759517
707252292408512512
2780111937
784137711561109505
3207511185
436928552
514862063
714382420
2866250985
4887827675
745654987
2904967810
49285071
2741727190
271541039
737734557777178624
1699707882
33226107
531721187
2155070496
517694182
1049130138
556328289
294482809
318882223
457547376
932393936
2208960872
366684418
415618260
445414490
3071993301
293518432
2434259958
272940016
379741776
378171852
434870760
3257187621
4221550048
3245465595
2429092036
166161984
469267629
485987608
472130584
109573130
921713318
394729845
1040184410
1251862548
2949739355
15178183
1532077525
1543158968
800298380714909697
706803356
353575520
201789369
766471224
261291536
70380540
77823743
425360766
122016493
798606296027189252
626214995
1662478286
1357710228
454050209
381484352
434242329
118178579
787452075244449792
2951279819
215972353
396874129
711302461097689088
2153812941
708587318786007040
810395744
1130420497
780806706066395136
188521082
471937914
526293847
797123652487696384
748139485335011328
3405599800
317879179
386800314
4702133172
2921447206
539157045
906331746
32937876
1101963793
131572341
1917907675
278425671
753119256573861890
1029253586
1163402599
2510064032
3135198681
366025992
77437422
394613
438147313
634912538
488345791
541112195
2344799433
2359142030
763094873473945604
783740138660700160
611680497
2548104146
2186313609
760872623538597889
2870173295
1205482028
405675387
2203727552
2242019356
3171369615
2512454838
2147915990
2362415546
3410081393
557259122
2612652422
257709473
43503218
426548970
1193780617
3043362960
4405643841
3076910169
455094599
257223860
41548247
16823683
47963163
534616483
517721087
607981040
788161916246093828
2984894152
1398203953
398586508
781973582
2569703055
1710219649
2795115634
73595849
2428907830
417904049
112805407
2592149692
371451913
22004595
1143193639
2895839315
553046883
1600253772
766731574616424448
3521388197
1278202914
4807034535
454833164
722421795106766848
582236593
88477744
1009028191
1190659814
3064000858
261644814
374178936
583980924
961953667
821568271
2358573780
718974916
4812464489
2157261460
329051107
494273497
2363684405
380405533
3046231307
425759519
356156509
1144678758
885661050
63060955
2309477786
748396519024369664
912833226
177087045
299178306
4120047395
101061729
1317107058
1389111463
2728896824
854310253
200093749
18935802
837370934
294267488
531137922
431084648
85952397
480390700
462938464
3801432315
1412500075
3369127809
3949425333
329600452
584717759
2284748301
2962002417
130114318
3445916417
773956774932127744
498846820
1327500834
3102666957
605733088
802889139154780160
453550902
419626195
2831354135
491351022
794535156291866624
514243349
2870320727
226641470
397867387
2754851246
9224352
3330461728
1018323662
417904492
3347934334
760935300189356032
197370410
402902848
483304367
970760323
318713537
703307259607126016
899952481
3981993394
221490175
3016727058
2148569547
262057267
208130207
751150192959823872
4256851395
1121666197
478810298
389104963
894245563
476290271
4405998622
950642215
232908749
232972471
717647109114224640
426181894
2845737279
570257633
3931969841
135117869
4048414942
4834714805
481475713
439284946
1036719990
968459856
2920005634
2396793506
3127610290
372280583
1247099534
1160659398
3527260401
773792248735666176
3033262155
2993021697
437792860
55793308
899978641
4853472419
2464828514
404022377
1045612615
787748865197875201
4110680129
3489310096
3000601366
500871116
241544501
242071863
1262508870
590833841
1121935962
475733636
1472638976
3995124705
987172572
213583658
55560545
4895702908
116517401
251721234
1372944860
999487596
3711823575
255506193
446371601
400040189
798053129048756224
1232067242
999773377
276697615
2906554709
108262067
2999484970
140772582
1192735105
2942489579
1063034107
1418976222
1011351750
2822310640
381589283
1852450694
1120206308
812867930
217146986
251235949
1057565262
15532171
1249499256
751148634398490624
3806382809
2160731013
1037152033
199216783
360105746
379828012
2964902513
2902922074
1092846918
378489654
502110406
2914562626
345871224
470965532
634892475
160838142
345591693
1890241374
988373714
1234660638
2779739962
1479816176
331872223
454142762
494875751
1016191429
493278355
405498561
474854274
112807659
487026533
256491020
2157719841
288440351
278210313
241289430
261233190
3320655053
3083483560
4194094995
169233625
2359465576
2731197053
416534525
540147645
2296057788
2466472062
298486860
3168904809
448335186
915566532
1848435132
81837035
2442517233
200254805
355905384
901555177
415107191
451419549
385561725
858795774
559988325
337155946
787718454
733748028813762560
2365629604
721586993138921472
1063634156
1267065014
1100350039
2230782069
3093445126
2858584827
499571765
430743919
2780434112
2480274133
2791644545
1261559155
516778754
954009594
553793872
2262483365
1433286055
2362829526
947879034
2306444410
1699665619
986286079
946288772
1063626588
396826432
591144361
779399291915931648
22609411
38438354
3688803513
400383332
1338857240
1111162884
943572877
2455541630
914964973
2437403432
2995507655
2588246800
1376631973
802895740922171392
3852711633
2247712893
477187357
800008614136188928
327562969
991699441
3400107676
796970107503251456
3346079991
2386237696
2527788012
1498521200
32624061
591983888
797805269539520512
1062774396
774133777412923393
144210805
1915667756
407685967
10282412
1454075227
1114848306
3862086448
4853784417
2361394675
607424962
1021541239
131534556
1090448503
37282173
532132256
1064232619
294535863
357597253
2875322452
212145625
1829960281
3103748006
463911801
407077433
25676606
552976390
424355891
2234822984
298123237
318414872
1368793633
761237376601563136
409448246
17704829
419415644
1209210108
8266162
253032506
1932047412
790269417603162118
1016682894
758022631773863936
1876212612
1178518129
