599593018
216003080
2342630384
2850074284
774625071059050496
4074792743
802984056174551041
779336944916504576
762284905145438210
233643506
259098091
1151068016
452282353
742950892786290688
2418350499
2597512767
126000118
3420078124
3652269263
738414815660670976
268899621
375745210
390340887
345698303
178364302
1283518398
1192479834
765987592621985792
757989565600858112
2735171102
608237283
767831797853982721
989351852
1179157244
2313554308
194972957
703708224168599552
1009689127
101028336
215374702
2172491427
2154785800
138775233
1313991374
210376076
1037847751
484236147
744524292050788352
4187059228
2288735035
249697063
370172207
1953930264
51733848
794893367050207232
1474822591
159546644
440691898
4824031401
483057175
74707629
344928076
2243630040
744890797
4891433775
862592018
499128183
2279462713
1013535530
406220063
1359299438
1082718704
393342562
740809051
2814599326
1174274426
728807104790794240
180317088
213818443
2360523472
442833297
430069037
145815793
1524453986
430137287
2462444372
732270119167119364
1307016348
1042270699
766589504694214664
2575196077
701425649169338368
1687908140
2150969605
3236866227
2894383587
3433378229
908644910
2574033231
2637001376
1038107510
1061111934
102553
962311958
502039896
771387619360043008
1277947736
1346574637
1191172297
2251943851
2561992290
1322376432
1256727248
121368445
1914960499
610333042
3720860206
361790675
1176618985
133461180
636035398
804947531713089537
443187387
3217393599
967124340
133241974
455632539
2828225637
462882815
471328170
1032520350
2427311741
412936122
378862775
1016066683
3034869375
417265094
2629123617
706835606232555520
605776483
113085788
759675705647063040
374526655
789109498753478656
378521973
919502593
3426670696
439492540
596772242
802990670159970304
733743405751271424
1562752760
85136516
4811969481
2265249203
870156012
2178600592
914392435
970022552
1115017122
158288741
735107028
190688480
2663697436
964810638
1398219385
402184926
1946899837
255666406
2149606038
2415687292
101031118
803260661308555264
419743304
1635670363
65977946
3082802711
455648908
1040920220
1513455144
777025956078813184
256688538
4924035922
3695152881
767772101503836161
3039360208
32931825
798570804086763524
960087626
795290773642215428
371749840
889582477
2400406304
2942418184
788770532435132417
2843387003
783762422721048576
796076036299571205
4010873177
2312082696
513144334
2915424393
122072439
4902025942
2212714795
1104029035
799515144522964992
1227799914
275637632
230319200
717761771226968066
1623140270
427673107
2371576541
1238622974
1083334088
2543565713
794901164559101952
756921578
723877334
416432896
387622699
1198391592
4276721902
202700312
2376999356
430200691
481123900
412481648
531851126
4833362038
475134082
386533778
877434170
397642118
3151530801
4868432043
1318788918
2427827258
999571362
3291493733
1042739358
369147178
788049329403506688
421768124
3387206505
3730985657
2288794280
723484151794569216
844228752
1004482429
2997431799
425803153
165377436
715593055789826048
20940320
29399820
775039590784729088
589286587
29199408
852595651
4866794115
436640636
193271813
1613023184
602903174
783015635181789187
361189915
2941965455
370206198
50975033
906349453
147543162
3149053143
161765309
457355807
1226139085
29164255
457833517
922080318
1223309749
3393519423
4502167881
2999816867
418772810
329766972
264774390
1331086867
2310261690
999469686
1406267430
561285657
2607487320
1188911720
3054312209
2889628751
741452070
1533578659
1071052908
83386342
561823534
293484907
1857779947
995341382
1171488392
735316014
790302002463043584
2755001196
3239016405
704718743419658240
2962772146
804515981976551424
1247286475
2762706833
3313650268
199923959
2543515460
4038647320
2665607653
790620156963725312
1227969776
2299647769
728178382006005760
214090646
702953522602635264
562768029
396805021
2192271144
573049351
4135497845
987068240
2887988230
721942034
805145682063589380
396467960
2518901866
899385834
306409558
4182142288
802792437479575552
716357499939586048
455983932
2391603191
192113061
2479620311
763044924526825476
1006442550
1219888831
566387591
285707038
1221818034
2342101993
1188832464
722850803464015872
801841062763491328
1956114378
574316252
3131729685
453089972
583920508
767783947220713472
2367516006
1074597768
2426116776
798743088206319616
4283645596
384003817
481929883
3871871513
252120336
82093783
1272067212
804069973190725636
283080198
1073285989
2517301839
254969508
396563069
718254192
3026099110
755510942394359808
2282008813
2319748337
4579125253
215593566
3309946937
2189342688
793787252040142848
519360327
499227001
4911191667
18505118
355608779
3054346990
1065387764
3063738106
2487298258
224940210
3152326126
1226107051
740672271619084288
2950133739
4593044481
2974429487
313199623
492688472
572125780
599807864
151983347
2410447644
36992050
4386891287
557733811
2706476465
413786539
1385654450
2337708335
3318544162
4243675906
619316778
2361360169
1001359057
1068434126
989340356
723515103530852352
1390178377
2161187708
433537217
3056392801
1132037359
708429391
794092015634051073
2210084110
2322290576
492371310
257859835
1717274785
3295966795
1106530849
380849323
1158164456
3079246066
407267448
950266993
488662317
516755582
270518699
45431726
4133217027
3374111835
361268701
3234403378
3481946428
1100783203
3217711420
436499309
3088804402
2984198033
2318181395
3040492666
4212866417
3402412755
2444235358
1397232085
365065358
118053242
416398770
536395566
98369303
501762403
1154119261
2493423698
425686235
4081630233
2319542538
1883710946
122910706
3243380165
115887435
2502131693
3028742807
885184754
479942012
1018001742
801152682702622720
794455102325145600
798635240889651200
299780153
2956859205
2721805613
2843635689
2868596572
2883001715
3092514273
422665114
3034201259
1734072200
1073886242
586804044
870218785
139681145
1192866157
2353220905
762727876286410752
2435959670
51465605
566142199
400020221
2982262649
236055365
2559922025
3179223957
768898726895185920
369749865
3291324425
2340110677
2868084261
406469071
1229273522
471347700
447269967
2530314205
595517608
497384675
31091958
835147110
1093512139
416165363
62901570
805366602619293696
82968857
1111625298
409252331
2226318312
379169704
56459334
3438227752
716326404707713024
435136836
389348747
731252371226042369
277725208
3667010056
149167222
804080566949859328
411074123
805327474766839808
80200885
1485214532
128978964
802581982035247104
3376006312
776479770502651904
706097800040357889
758737897
357004267
253658866
1870641289
2389687188
2447574735
123235814
2527780688
712376322
796246539668692993
782907556159221760
3336714819
573977989
1071485604
34257738
3579613995
1042228705
518496696
751414388
3318793277
1379254362
776003975921401862
512664948
1328664937
1275345229
354003815
2531056427
797197311201972229
3228099125
726121006981599233
267219188
2910674200
425198347
1332000314
717319878542245888
419181815
306496514
592246362
605653016
953887928
2169258687
370182507
1064357792
2608969241
2200517830
117442584
1636528548
891804379
535318339
539050403
438849246
831981618
417095223
2986947023
38398195
547807884
85358343
406996560
729250648416464896
564160458
116871279
2851165852
1916472936
1215628212
755126469827915776
2441705471
2902401513
794896448890564608
721338196639014912
304598010
1111297184
545384133
769922235087872004
1855120692
3240372507
780085194317557760
452831702
3130577031
1910621256
562901844
2399013592
2961226822
2463100707
792810525533044736
2844842889
2363490707
729704804868599810
48272554
844509133
3041446144
494243167
310907747
3747508455
1280566146
2410911599
554724544
740562673566396416
435072776
3345161205
602186245
496062807
1229121186
4119906531
224226820
2909545485
313331114
476836933
316624631
385651457
711636732995891201
429700379
1636496670
4893303449
1188872131
104239528
1385237533
738344440851468288
4320139042
166526251
2644998883
2248023058
717245177
495448614
2821366407
791929472
2351775654
753302994427449344
3300230453
2411125650
1333369999
548616993
135617909
863504472
734792555565551616
434295067
337767301
795555849892691968
524809983
395548966
397402165
1867361222
253198373
761900111320457217
598691163
562023808
418918882
613387563
3347508815
1384230229
311539656
74489551
713058194059304960
240888332
1932186163
517846120
2322947462
2942626198
1389371635
2593299788
3052641775
445050879
309750549
2727239123
460394260
1394952978
4603645649
74966378
4842523900
218246478
50244275
62756558
2347049569
595267886
747460891885604865
3000440768
951368623
2897248774
2244779704
26295447
2903545671
426094795
2955148689
1357667514
455937572
600136789
384866311
957412262
597926584
4838445220
515738803
802059051064561664
2966503372
117729029
3385105642
2437309637
84300444
330574100
1274882076
798086349316378624
300083934
13727692
88014506
465053408
159285637
3568909456
717452216840429569
1119665262
2322261107
275434452
1058570330
453907667
261311218
871183387
250140879
2370183870
961283478
771845959697530881
742002390929444864
3040555925
503455114
69834006
752137834077749248
802653438555422720
517687282
141896036
2692227380
340847319
2730593590
2249959502
3331059982
23460272
14900051
1106167964
3436942246
322528854
733224884
1039580413
2937209879
854501780
1044932990
263037408
4069758477
803658403503570944
2575440461
1105814539
522457817
313323905
716591970106417152
3034643483
773155625127796737
405662253
2716446892
401399952
14374811
1208853571
236530231
2386835695
2723208401
271468279
733914785780236288
4871837783
1699586232
2400285224
2221762828
3125051404
2654152260
2940410703
2316506476
841735190
65377234
517751958
775301877512675328
1025012509
388946039
1976450136
787992135236775937
1712830392
1035460693
555105841
799754734315782144
1028662526
2225201833
2224794707
4928491697
982628515
504900383
3302069128
891590768
732317340092780545
624876269
798815317577216001
3864352527
425296360
4594905000
451003130
775028523622957056
753901145366626304
1386632492
2196146766
323381692
46626285
1640005182
246840871
432314687
476264118
2532491303
2179948113
2845429815
293183196
800826550304313348
2576621143
261421785
2306325718
389076701
3369139678
398045031
2466589783
482288004
1064563550
836271002
22757909
3466428077
1085534767
3149261163
2399995393
544700808
1113995520
1062799087
507212094
984807936
405170821
755102530527457280
595401077
70766956
938688090
1027369418
245924561
1075391245
3018290121
764133596512870400
2751139073
102200819
2283780786
1013833908
197193073
1702719008
22075599
365935751
2312169774
1360264134
2745556845
737955839735123968
970054074
1280563567
143128694
637292613
804398406286381056
2436608759
1314231894
1505560448
926117844
2878223753
775294620259483648
64789750
4888398719
2596359046
89733059
431089246
789012950585643008
2862052516
608125539
1037543545
302481969
152673484
755901850382196737
723094218734862336
1282855974
760806683564240896
3055322696
1843782967
19110013
3001145196
1368850908
2412507160
914779435
3297923315
778643052873285632
796321293452898304
3384217258
1707121399
114515082
3385890497
4869095007
2754543846
726428495413387265
8356242
401517487
2508295280
706082320005140480
571304184
215278944
197056224
447311406
4754556873
1160616948
173389528
1586239232
2420586324
33676387
99702635
479440108
929334312
743437317130575874
284527396
4403955207
784340188679974913
1388884027
2951276554
544670018
717100825026379777
2553584834
3119071163
2309237552
2501851306
1960868090
2559910725
1968518298
733330743800258560
2800729570
238990492
4174063036
1879755822
1274934110
4155844545
2164608279
923060941
756085177709916161
233546601
1898433764
510249769
206608050
2723423525
2823528449
862986014
326368123
2540030877
332840450
1048083020
4189187027
428299064
710609693
2959917485
2296270038
726543135136964608
2221404476
1058200926
448364257
726150285870157824
1079446351
801917828999876608
228249426
2982994527
2311916317
4515949217
384516505
557108101
4160599461
422844048
117863568
1372461787
527485570
1168532738
2867741256
85184258
4626223881
2470644020
62777808
384736805
1441064498
733366019666944000
2174264578
3244583369
62486236
4529531674
449929150
417920790
2768367785
20430345
3260889384
1715437566
2680617799
21185883
19067940
763318811961483264
2174691850
2704832459
2290924705
2478979036
1119055321
2780597242
783031450266468353
2984362528
527221660
801361825
525763777
141975784
4196215025
488206666
1299140534
57066122
1114699832
1599296083
725882047
803502325029605376
427804855
342897643
283023020
381443107
486456375
745025263679963137
3041231505
851456364
4415027475
1898384390
299398861
3371026409
1464788840
800282029254246400
4078539741
398611235
45400255
795003042093498368
2409273144
919784479
1429916701
1579008720
1872310844
2622854943
338396095
626381356
513444329
3043617377
3618560777
2365011298
4048087467
237816428
1903648940
226627338
2471307470
471428838
799219281451958272
2402701895
75512418
801700087525216256
2560083548
67107066
2565885655
63123584
1070392579
782217072474554369
3077112633
1298737056
1369005530
196560266
419768382
398032197
410117686
1002084986
733695386846662657
1221075104
757720086
1209002010
1103431628
372779253
129837906
749364032310743041
2748470032
2375003982
3034427037
1195176624
2281936099
3152685730
797418784848019456
70681623
1116398478
1680697170
534850953
3764059997
1117576526
81246586
1278452804
701864038611992576
2252686270
1167113408
1603537111
4548699076
3785335761
14314686
1356872376
4008275807
794903071713325056
970095434
2867329397
470450722
364767834
1470771482
286264255
2173027221
794234183128322049
220750726
4920828160
955314738
1071323504
851631829
2900536264
499967652
14394318
766644219930873860
471139502
930659928
214823847
2216179636
3304067812
4902492328
1536096506
2465437060
710311520
3357190551
26502440
784398647471595520
714432268761169921
371865254
794902089138900992
1014091514
3319129573
510451452
127302531
731131129336627200
34883730
1072695643
558032072
3357308483
3395698721
2277583123
4918698611
4249227922
51727698
3740658136
94594903
188029214
2474195647
274106393
537538390
701650211391848450
1059881101
274014643
1879711830
1465195916
2987364213
1694396138
469483334
3128830823
1270233416
453287155
37382519
704446219079303169
557466835
486890861
1009626624
1299375126
706086896275955712
2318610186
4081241908
538690655
759511811964231684
432646643
410892254
479724026
456674882
1042515348
495243061
557545233
1068681522
410345597
266213305
1166637379
4611184888
2970695573
2717902222
2493300512
619279830
485147826
350216056
796033040443129860
158051510
1307698028
355402185
736738094
953542285
782574373534392320
2424988655
39475962
739538599918571520
446929182
2921199801
1705643862
2902258413
3307889567
1052521086
2751256629
494118797
59455690
703551569
566530063
453114491
4602580341
274531908
2482305961
2201641540
741147210
321885054
731733318157373442
318388729
260626836
801313759
383887742
1077740636
2232029869
1160278561
2338483821
2337395271
483384295
891546211
3360251476
55360087
473021625
999474469
350184411
411323343
281581221
585810693
2819178244
36612294
430169858
3297601040
1063345483
51396073
275068001
3325251946
3218386990
433414746
2496989087
556650372
3054364876
885303356
3107574627
2819591819
3190082914
2730971417
3068648261
781798958440079360
409998602
562168466
1120118342
81335749
31233554
134043295
180797919
432302964
387694120
330251483
420464238
805351501568811008
348141611
602824919
482897816
791713072549335040
803536150371696640
735485321727508483
1091835762
2221318495
487914485
701647912686764032
3025012821
394850579
785367204703461376
164205065
399311475
1062995012
1550227219
789079655257149440
91559209
742634833541750784
4318424669
772442241361186817
1286464171
520423421
3375673725
1594040222
602897043
9806412
2838593745
3360526845
2795593730
365105383
455987750
3399075250
1622970242
47373547
436124417
459420857
3898304356
997500716
773325167871287297
3331798360
3101569065
3080630010
391937038
3342653327
2352305154
1534486934
122497273
53234289
1873172964
854329560
976924820
805024214021509120
2854770215
353640576
4188604709
474251278
1116938592
2706574363
404836757
2418921020
778321813
37756411
2490943567
3332448431
421723841
422708925
800464320484098048
785934232698904576
236332690
803338438070169600
337892660
2363220615
954071725
601417871
90891882
772030120097935360
389969558
4655248997
450639758
2576729006
66975806
751589078529871874
3563789836
3014521558
3390886840
2298207128
187196983
55205815
2948698869
803617893464215556
2220186288
372781661
58165167
694638444807610368
319578825
999267692
238331462
188270480
550162323
1230551046
4004995319
1453522026
3336934359
950639629
465867767
3094278383
3195753809
2345773460
1243637227
827801822
2509366304
2652874504
9650902
1249365224
1623047287
1086392940
2154746892
309784041
2703729438
727223148677087236
2562814182
3514403363
2850247377
995565133
706067859550695426
53352700
729775229598351361
715134939155578880
3138188655
547050389
3536077337
3121892753
2799355986
2218411411
406453295
3005907718
4098447160
2154499070
2397844595
1556455656
4316205317
432637066
423531049
230254846
453444597
2772505510
785257393668042752
3414864718
1371404382
1491470516
3304540408
2221319742
728295648
722317619022471168
272955645
2288778829
395172198
1060109168
3324608649
1082984088
1318423074
3762684742
3338622107
405443137
587415151
585391357
801420601466425344
2348272160
786276460080209920
805119209588006912
3793353617
3042119529
85171931
989192558
635490690
743514238493278208
500122102
241641367
799340178854866944
4908653747
609145539
941041278
787588319957966848
2976611614
551428995
433664513
4054280055
829417766
3432222799
2440237919
464792665
2947606421
446937412
370345381
466789101
507308372
91504554
103064354
796233468837527552
432684759
418552934
4415706497
2867547191
704431464524423168
821785003
3173819499
425236969
993545408
1621271780
286328359
799330116027424768
240310965
776366037566623745
757949254765834240
2328923415
2778286474
340427756
3088791646
415701582
1528759902
2715021024
407050794
479604138
786244023837155328
1069206085
1382823301
922694484
2973163389
354901534
747404363027652608
124710922
923947808
3184354421
2348566523
1022801072
793559300962676737
3823074077
785779065617846272
1223037354
405482706
1011300948
1229782501
3759731007
728501117320056832
3632667623
1934584232
3758739195
218931858
400273310
1668012494
1380510872
2817131786
2207852354
337904322
21293399
3879766835
2362418930
2222854710
2202073456
764870336894603264
730380067637956610
980929243
4011396449
4726174575
4863618933
786481498660626432
873484584
2871715668
4755949588
3024843525
490731106
2978044079
598974424
798531277116862464
28433379
789866400332611584
18899481
2892216196
2786595941
160011017
216654596
821879334
1112761910
1235548266
728693657159794688
1858411734
387002787
784105196070854657
50594245
188787298
1251089251
967690098
622270454
783659253848535040
2568747103
3322620622
1128793332
3368018859
101456289
2889417815
1195933742
720515573
1109873544
1713526081
2148135826
632130796
411011613
2935824485
558053080
233325566
4229498536
447439107
92956054
715436925767782401
459664582
3973423342
773684083117490180
410748554
2921043755
1226074158
3107226245
2887357012
1854165931
845605358
4187567045
1262939593
453966391
731193944764219392
61011257
310195119
843757543
740277257424523264
4775882567
2559355769
2305551600
1640766590
808531951
428272958
1344131071
782335052084633600
1001971634
270951173
4382850335
791382828500000768
536225770
733722041585655808
3054231435
2508927513
446942856
894920761
449984080
1092670394
493854798
749617259849584640
3290368415
2873938578
781034881073684480
776315743520583680
1455940584
775303692224458752
410643022
1066344667
785434989576028160
1063332403
1545899274
3812572893
836273832
149609445
1384855346
297353414
168796358
2965770017
4248867753
787182731453140992
1257979753
986828390
1348851210
2260197681
725810364995231745
3150260316
724952777240248320
154049996
427583203
4089097761
141576538
1602815845
1954593727
2789363694
95503892
2866061393
700939605521145856
318549168
552302316
2831366043
385042626
1344701089
3008542859
704779333307650048
4106012295
1036494895
40472896
2870399433
898290865
804852067345043456
2944763793
2523347460
470180296
140130394
2597719151
1941637627
4089359207
397249341
1396395822
501691674
1098726654
2982705353
2154514886
1374300920
759773365385048065
1367868512
3860196976
407891527
1517691259
1358611800
2986513055
578086978
231003363
456066284
508645944
3387135933
916240801
4716622936
1855414472
185419324
2889852755
213616021
3144292696
2837876374
3094312457
49283289
1725558426
221310670
475234937
4654914975
740069666106802176
3079488179
783020674952626176
510211493
2203686361
3082030787
150184052
2482335605
1488338479
418182783
2898075617
455126171
368772601
86775879
721432104396025857
579147580
1308682861
1409736301
1262417935
539865019
557074159
781439771017109504
720575642601930753
503670941
3223932303
520291889
1372497578
1586042605
469210827
1013404334
2949556252
590188450
1114354382
2585035709
1331529962
2975144398
366258436
2474293979
1423657310
1498219698
593742754
710171600092598272
3332411590
829401716
1009243501
763405961205800961
16246240
573743846
795393269559656449
3108348141
711310994
225490204
238781806
396626479
535447658
3158316394
2275495767
350999577
4084319219
3239031040
3387034282
1195403832
788825081552244736
740305952046452737
1035376896
1540830217
408766834
715636339346157569
245079861
1015907563
257499288
3156887011
2815530124
489327780
172775167
3117151365
790567158489153536
793827760368214016
95482042
485727569
322540485
487401738
250774432
266700017
77554140
1886063070
406555651
2597813727
450676323
19592755
1070923920
82639412
306180757
432688797
4079216536
764140480775020544
194309247
708302967234039809
502768582
2431061097
471995227
29173778
773314313180315648
412938122
201680143
2273086657
2161648892
557350890
3300955415
721937520771129344
1062548953
782577416548020225
2342856875
1384894520
4327300043
1385514882
1021660854
4181920601
1546547437
3207310307
1012818918
259778195
2171374147
464019132
2442669300
797138085725278209
2241274927
370193812
741592495155478528
396756630
1154012262
986140489
440724583
477813810
557827565
708425080645279745
717894055405961216
593111769
2236656979
2998311941
22887971
2396676379
25378065
400209582
2779494825
720687098592956416
2462259980
3977951957
469845313
3944712676
2816638404
470039284
763353589347672064
23301182
733026190689210368
720266365911719937
2350203541
746539553771651072
69913961
2405656973
503351518
2472900764
436642108
3315474928
2948897212
761582724176027649
1341254522
1874790332
1385223960
797679000
4609193302
2729415801
1962531763
740031002
50251798
428915501
47398478
426076826
2943808887
618148740
385132187
286584440
89212874
2822583095
1307085218
132811097
67696196
1026257125
789075138193088512
132129411
469761411
796980229768093696
964906940
2172743300
1425576013
2302778172
586037920
238718282
2739787766
536613916
17565436
306384715
3334148349
1496125368
3230165817
790948562
1357812068
803253014878388224
757173570783043585
2897529063
2572632515
2394684582
736361638895456256
215270850
793015261112696832
404177172
2484303523
122389904
3251331238
317680130
1471608194
979023937
1566803234
341335638
554504621
422586035
1316655810
3349890172
2597478629
1025143716
768816467676717057
2193063386
3489267617
465753888
3261467549
407380746
398959448
715525255972917249
1083273792
3246378275
1472290938
2221331347
1177930416
995189316
2604249164
4743531021
462040673
62940685
4069173009
732773769824047104
295635514
1142502205
146215776
2376927394
930285348
166675249
1966660543
2765059581
2178104040
2301319673
419498039
2962475685
768783082736455680
489374582
416439103
407627101
1635753799
599651301
4264651871
745339531566661632
3372772833
48182327
1353602473
429847277
141877526
801363913380073472
1356673152
716089916
211892670
932888491
51522357
4074742552
2238798353
2928097725
753584798187257856
793166155112386560
401362474
460275730
2300311050
3069843927
2223294178
159050482
1076597023
7500802
793544520642224128
767600300
98212000
1277668488
4883029437
3555027683
481225656
2156010480
2582180114
160584970
1370605363
941772781
1926324451
91528810
52073623
373398962
804354408
716217206753902592
1275988495
1116671611
736296343476523012
970705082
1395706896
2603715699
430271747
252585311
3309458867
267174899
1192260607
1111391791
1085455423
317975293
154180320
4603127836
2266096538
1521671185
3346047160
537412181
704620937220657152
326226399
2196110108
483434707
96389952
603728110
365511674
2689925565
876541483
634999260
237017504
53139843
790372009
2227239038
3613181357
776405760242622468
2817088916
1482847554
528855195
523613502
2198397882
2323711273
768815150837145600
2832335447
714382420
69030213
2186263680
930194618
2899280399
3763150757
2904967810
879705577
426706142
724438831
521136839
737734557777178624
118024286
33226107
96516447
2665272079
175366986
1543776763
476670022
712308565541855234
731342369430327296
4845999597
560413688
709037877456408576
439326726
189613925
1405789050
4254101320
272940016
4833575914
113075421
2451846485
3589544177
966699302
2429092036
2152572284
872579222
469267629
1566023431
109573130
173925687
2854387281
191204810
787069568086867968
15178183
100463796
444640968
804416832790790145
148777893
353575520
261291536
459201110
1036983026
797812715859406848
2997762291
22602333
2571088997
1024040808
1662478286
3028738804
511066939
554309481
2951279819
222170521
3246308829
1022838002
500963329
1262566346
2153812941
1130420497
219995423
780806706066395136
565397449
3350532735
923671178
47907492
3065473991
512899781
188521082
1295447916
479575055
513352329
3457705635
1148898289
3076855880
1220072246
4617627196
3002704193
1469982290
2921447206
1171486081
577966244
705498619
414385318
603830905
1035311467
359644807
2785020203
1265375377
548474855
784265755508420608
802176344515866624
432659382
2936766136
791278673529823232
84130259
709440346271432704
783740138660700160
3183738556
3224046916
1319088739
4063913308
2786310392
1676653410
725759263025577985
1205482028
2242019356
78971533
745595735966613504
3041981709
152977521
297945336
736290813962014720
57053492
1264018218
3182903687
43503218
3043362960
2221331701
257709473
2359832450
1350411
3899808419
4885620221
2554496029
774541927463157761
407316124
3050231175
2569703055
386732636
2589322103
630918299
1103627640
2272008636
4925341485
18074964
77207264
223986815
766731574616424448
418820343
1052908075
932425244
400798557
1316630180
1341730716
1190659814
2245662505
28528873
326774832
52011737
1369384963
804953334000001024
498439069
3743344103
526341596
421726224
1409747527
2363684405
1933284714
885661050
471888854
1183179234
102488547
765908695054155777
153396694
2359470090
491318883
15712835
717323707535007744
995021599
465526247
771813207853916161
587677613
2163514121
729433847398584320
242399306
1316416861
498846820
713721722613211136
1070289462
472791930
702867603258253312
775299421705732097
419626195
350642352
1065109687
500191390
428415112
539079537
1670738971
445364505
1212975134
443708574
3347934334
233704986
183168354
3419529063
484283827
520639702
545264740
3308223903
579321714
549964088
331496903
2232868318
717647109114224640
232908749
1114596824
760840411967590400
2369214387
2391598947
2657797725
1578337921
37989406
326680574
788768928751349760
270623814
702128508835860480
2459351590
406247064
3198731351
722086969094905864
1160659398
767795023970697216
151572582
2158966523
3121661467
2716622877
705029912265097218
1121935962
210760071
3095660203
254683319
4895702908
767307970594140160
3034280366
803336895820341249
2222816851
2669985998
1015814694
2190915769
735011288644980737
3064945486
430033517
10281172
469273038
433426566
1598253523
1112425946
702973559279394816
3589159876
4871884721
417897223
910729081
1418976222
244053999
2356966725
380508321
2265398249
99125540
2580853616
734286883182813188
296836306
1636129136
2966187939
272842856
432382919
104651157
1090249998
2773398125
986666611
418615937
270283748
2515144546
306367790
942291529
2432208854
747123888
447896469
551374959
2243936725
3053979329
988373714
574568329
2169771406
548335017
303729690
806688222
1198397228
1127618904
420923031
493278355
3369172816
3303556480
331047338
3306483027
109578008
796061968486502400
381422013
3320655053
718791150325403649
3083483560
2332028285
87950192
232559332
3212603657
964460408
425317597
616171159
2765940990
775632857993797633
2296057788
802561370445217792
629583176
332885533
2792943238
774168139550433280
765223257972871169
398928323
203705300
2465000210
505790519
97532453
90636117
2588366118
356192231
1201012040
337155946
919526072
4242038183
3155718400
430090090
3011358083
1223264108
4218875813
377272505
1387672303
805212972264067072
713678311562612737
1870961815
2163227033
562846287
775085130943717376
410810169
84648241
1259410686
168743399
1294725276
1699665619
2506822612
419739649
140358976
420928765
2363590581
3928015222
1510136666
400383332
547051962
803005176789528576
2437403432
432434135
111069141
2995507655
1975163550
3254705038
3852711633
396743688
247369956
396787275
255752744
2386237696
53200070
2527788012
495386998
392117332
797805269539520512
392056373
774133777412923393
422798757
144210805
756897730069405696
4832053377
721143737770971136
733548280424992772
4853784417
232503766
2785705605
2361394675
4439231793
794961451194712064
1021541239
1572693642
1492497582
801919542230470656
3214345809
212145625
1037526320
2719761311
3103748006
831768450
2744429276
25676606
3617778570
424355891
1101913508
2234822984
701059824520396800
526606808
298123237
827245560
2519497019
586679431
250316913
2282469222
1368793633
2277937200
409448246
1163339742
96563143
804823210520903680
347360615
324818479
3050698037
790269417603162118
542372059
335212536
785449306396450817
