17876752
729214200925532160
1216311296
779336944916504576
366332600
121286482
167933227
3157869179
440896779
2163431753
711234545576714241
805694881058488320
117734700
437573164
65335565
2752943530
1155089563
2974517662
194972957
2394430171
986389286
1522966285
256697871
580232599
1227307748
1405465094
976823918
419339559
370172207
1833795264
410122048
3008098683
4824031401
4900612293
1344495229
2962599197
757054681
802629107787960320
74544145
516416030
192258181
1230556524
798204913297883136
980074483
805524435478441984
927321409
1861746218
2150969605
1084226922
1272905017
768521039819210752
13728662
1586541906
2251943851
587596159
2561992290
2179868841
1256727248
1001843059
1570979239
4867401563
133461180
454349258
1375679971
3126922474
463651488
720324851286859776
1338839544
1861609885
2763566608
1067779500
553321184
359861181
1145588754
348343220
379706636
244836131
314537220
1362953851
2170742693
781366033231802368
2176931484
2210939675
378521973
1588323260
3248658963
505111610
2801667790
3650627895
2403776046
1062772934
1319275574
978137395
1065254220
2713478241
340845843
53185852
621016785
394598844
3297837127
286779022
425931009
593623163
520595162
777025956078813184
366747858
451535619
135434989
767772101503836161
795290773642215428
2206083227
4859931532
473848168
133480321
112532465
191488665
2224989113
805711956992729088
160252784
2368979529
374053052
2427150499
1316007410
44677659
1238622974
49288229
280495327
211721790
801487210826625024
83847970
3131305143
762353938452586498
877434170
100278455
2427827258
19391648
795593003742220288
104430215
4631354087
798225947837288448
343239720
485844145
3757693157
1346736404
2716420332
1387006716
589286587
775039590784729088
795177099392909312
1044907412
602903174
4185660388
307144710
418169040
157754632
2656955561
2806019502
3957645843
1481960144
2497838698
2760142246
2875156827
785480625960656897
749902875187376128
410808584
1331086867
1142172775
760548711701282816
241086708
260137014
428368107
484484231
2419740634
1156535916
2199548284
1526069822
2877804497
801902050254721025
283111349
1413711301
995341382
466594672
3085141448
1288700246
704718743419658240
617404862
3019873263
463262805
1127594510
4256624122
702408683
58611094
797840909626998788
2333745212
2279333173
520404945
595663730
213013841
4135497845
1132098312
389768787
396237618
549223489
34551795
413194935
271466783
192113061
31093722
72521732
34562441
156652786
3363987292
796099800961843200
228051072
2472017715
345488835
131773411
408766685
1205594306
584739670
170769737
763713794
614101601
1417782745
423259720
4046597542
285238291
1042238102
2484016061
1009410301
414164912
221089264
768863741354053632
499227001
39464907
402659507
3056320343
4871337387
3426352180
3063738106
732683754167271425
545213081
751814461690900480
491057885
805713732416454656
2578058312
83105351
403270396
1476164527
1386751423
236958489
3290022280
253550542
3155492620
772908959598579712
928045495
443926629
332220681
708429391
416318249
1490029824
2222960542
1349467232
28998953
950266993
564377347
196099112
3844232848
523387439
442642037
750413126986858502
1098985249
3223929605
1562369946
50649238
779581916248965120
244705592
3346569904
753351020265218048
2984198033
3014221517
2364563704
779265942165544960
759346461758939136
889396670
534135497
2371518598
309782521
787712829134610432
305648916
1264572464
255047902
1307458242
1411441638
425686235
1408827164
4121951853
1011173563
885184754
403028375
741331243
133258852
2294223179
56330720
3187900075
270844902
1638143131
2332571271
2448044848
2518805059
3432070683
586804044
3300521663
3309471153
2175913857
2706418110
2189949066
1244642113
3291324425
3033534617
2174820051
1229273522
805706453608701953
729563331783208961
23280841
477725496
387112928
1377660199
3306426130
3307092292
4126616836
247437768
595517608
2324030130
1093512139
369441295
149057490
3002876873
260940801
3198037594
163871004
3148503490
787250023121715200
731252371226042369
3124736901
56819005
256455493
802581982035247104
507214602
748103713995227136
482045811
361787988
2873587564
779339688964399104
356404890
2252065378
3331413322
795764425697488896
300747842
2973508025
2910674200
2445102772
1011755568
2910843603
138868693
406127621
997511580
778703906356330496
560128591
633577541
714921875789504513
1215628212
752810412349988864
559478963
2928182608
783219154660851712
719247245892259841
332921113
1413094597
69325472
3171592366
497175650
447496377
3768512055
1465205899
537949757
864765943
2675356905
4375454417
552242067
75010284
770354017096589312
712352892053790720
325096730
225452143
1068491160
1229121186
396637085
385651457
702443682126041089
311374184
3201052948
1061031626
386177747
3406161766
729221180985618433
472542406
1064261450
782851136327909376
2821366407
4218775445
1055382594
618879461
740167265606336512
200214600
1133672966
3298871634
1157043744
524809983
171202259
1641218742
1854556328
177497774
4213064554
1346966839
1606375039
499782176
300523330
562023808
340408011
1013658150
133468753
62197721
1394277882
412129293
3307547255
50300052
400791209
572394119
418518309
291022933
805683765397880832
708875522
595267886
2197175103
3228121683
3015239325
91843058
734073756025540608
2343512623
291683439
1013040007
2218092468
422794585
2978007322
3073409573
290114076
2459671716
475877968
256936864
418508915
411610129
35700426
2872071959
3388738402
425387616
2181849375
1153173667
191059037
1382671670
2512327216
55244228
2356768939
800198053
1008791754
328715454
3414568475
727548236710481920
246089683
710046420821286912
240401072
1019814889
970862977
352257760
3239592446
735474541359685632
3034643483
419404365
4874002353
479894019
4846321492
326316197
3199220876
2971568187
4372999402
1339359319
2386835695
1241767526
33597486
2833760769
3179265154
4209200903
788138262581899264
65377234
267698945
319782293
98740095
1099059128
352329985
1022215518
574396225
2993817359
3864352527
337171830
286738383
22044893
17647690
1310209976
373419503
799587629977190401
1386793261
859694112
94529815
980094828
543495055
477731116
397122109
730811617
1476910753
702398027340881920
1707571398
486503505
344767294
1221995204
440436024
584806981
220390146
1095955831
1062799087
405170821
755102530527457280
389353555
3007848857
281573123
540835197
464983744
773957047
556270195
321911895
3018290121
2758409283
186579391
1163226570
2912621278
586561743
464012055
1505560448
448890890
2878223753
47698840
802293571693019136
152673484
1068405199
574185238
1282855974
213998209
1357263476
3175611221
765113425882218497
4577660553
12041042
298248825
791287209508933632
2754543846
1890326197
9476932
1325008650
919333159
3068039679
2476119007
1471642706
2194877690
2353320273
428460389
938563370
1229387604
3228198179
3064824634
3618226335
1542853177
2868560572
202768204
3298383251
1270438662
111321383
1011030956
1073080100
1960868090
392217780
377429760
1930695714
611545736
775636532
3172743856
2978935895
720189879771119616
230680774
535562023
789046529545895936
31082952
2501161878
473940458
2540030877
490933406
608119347
500583344
986686861
358709192
4172212191
2221404476
4885766027
14376973
803262969064947712
3334600017
228249426
2974879767
573648634
2341987590
3352429948
1372461787
53039843
17214580
769740390
903966229
364970872
2351913283
2342272314
425861322
250697308
88072055
63185758
421155334
66792123
1280569322
417114132
765631835086917633
1853857640
877801596
2234348555
85060556
918459463
51040896
453088992
493568309
3227318753
128176490
154482436
1243846381
2956811146
30649504
435777459
2983228427
1036904990
479865593
163879703
1109639072
70074473
262634878
406860321
3175578989
2883671135
718527884055474176
381178264
4870556932
719936001968381952
74966403
940275222
733371908750708737
445705786
487350871
563558852
1327282969
4048087467
2942909177
391661534
471428838
799219281451958272
937257948
1922484493
276454031
775781102724247552
801492044057313280
2763523690
2967886673
1070392579
169010405
3091751285
1694530675
1369005530
1122033812
395812442
398032197
272129899
540370998
724628269333635072
2259128423
731343264
2504987971
355527150
500937685
762013690027802624
382539264
1195176624
994798482
1919132101
122731676
372877605
101272144
2543855680
414354427
723584112586530817
424114437
747640457312743425
762623677317939200
2173027221
3336362219
484050014
4923500123
419831287
711433591083941888
73198927
105437611
1412429815
52332450
2465437060
228161787
142807042
613766004
1883696546
425728632
778206337171873792
510451452
561947512
3104122829
468234922
624096392
146811114
1103663557
3305939879
743869096324927488
3434577971
712760049039450113
373878543
205318213
705608478
352304658
2435916027
267824934
2365333017
564148431
1664604020
486890861
1244788844
700359428122505216
1252846622
312217465
535387004
1003998769
1261316370
759511811964231684
594361390
3067642931
923555906
803169294389510144
1042515348
499676949
369961961
484015696
1039654752
762423451
1012135158
312273541
329843611
4850404991
2493300512
2319604766
1119822385
953542285
2675073532
75304107
622389282
514596090
432259780
1917727609
888329948
2319599310
1060584918
1200249895
2760251254
351555225
260626836
972447571
2946199577
1160278561
473021625
805553571198619652
803325154084454400
350184411
1331997265
2819178244
754282812405084160
2531274057
75858298
862899121
1459703156
406324316
546360278
510080672
257166217
115558584
976243140
293560915
70914477
312933523
203699702
358626243
382133673
4924594492
149477026
356975403
2251966754
892707241
418607366
4318424669
47942188
991982018
2405280073
217939114
1219056841
573046530
1594040222
3154767440
2370615744
488714232
422511634
515548298
798283117408690176
2957342117
4143353975
1622970242
2677934870
4436365575
704614221192044544
9348742
42981320
2286669109
81779451
8882322
2352305154
491140594
255928261
2688034927
1266543716
474068493
702253149189439488
1018537970
200648626
2834034868
163132166
2260822969
771550558607937536
4805537831
727459695330492416
490432115
228485207
578094658
1045134870
2896137460
414692291
2228813671
845804107
222157419
2363220615
1916350796
721084485190688768
719915239513436160
466628337
2915667713
457375249
1367163644
4897518861
1586227562
3003876496
2895077031
533592035
2465918593
566540382
396459358
794560492337594368
327471759
827801822
2652874504
1607062016
2703729438
456894487
2347471091
343557294
1444734901
1565122411
257665435
4110808096
875207972
190084519
18250015
367301110
2525968290
429928689
2494606407
14638233
3949073254
370615337
104490190
283461721
2180427250
778160744487682048
418205094
751312610168102912
4853392221
4054106297
784693452822962177
410986900
595878183
194308406
74464980
1330120332
368625261
288815072
3324608649
477744348
420258738
2750208883
405443137
1479802314
373950389
2549802077
3939301649
2432948813
743514238493278208
21588231
76993549
449654453
2405837416
2236230630
3386435099
81310857
728955175369621505
109651861
712367299
2327881259
3148498593
50265477
3307392364
221749393
3032167743
412665412
425236969
55568482
3307289301
305219296
3578738958
198600936
707218166250864640
239328110
1648565634
3576591082
1880574792
332894847
1252659014
479604138
2221045375
546182782
786244023837155328
252499114
799659814200733696
801564417817268232
2977934441
354901534
1063189604
1261872931
4501094794
761441228
251278335
797040184508424192
1022801072
468430275
425887937
722390391731974144
2428842874
1913892218
1310956855
218931858
3375685769
22343118
1063670918
743718268846780416
82928606
478591778
2817131786
532463016
1468326630
546377024
383639966
15387167
2951587293
708755071861964800
564141057
2540653035
38881090
2576915331
1087419979
426777693
406290147
792028057133539328
472190493
2227758951
257004386
2308536067
805690729536352257
1251089251
330554495
375613212
455153348
157316810
786903299937239041
16041745
603005791
432374589
1382206622
488276617
547992296
143077128
467642898
708276706
2787225059
1735223353
749991934165385217
616554482
1404322896
609790313
2999325983
3166034463
1640766590
574617630
1552378394
47310459
4626119985
397162844
805703133569708032
3038785617
2889874553
1546218236
1080795937
482875571
45664080
2821779182
3036997071
101880083
1123670707
1961251566
1219944530
2339491366
2442105406
440167242
1274972942
272461952
555205930
1037713867
3290123038
4106012295
60286749
415134614
227749617
738033666811678720
1045416828
345918295
3351926470
500846038
86434741
376169060
4916390609
213616021
3123285591
3447039075
505019583
3387018627
450982888
49194850
475234937
526838409
785450965390467074
538108617
2482684491
224658838
234339579
1359282018
4229052987
401358649
3796498655
519528465
2898075617
202398659
934308690
432031665
873734450
1283354216
539865019
4821193318
503670941
45105641
184015853
3663181830
291972476
4172130610
2719760326
42603583
2311558334
751709328495828992
195433093
1039549512
39240661
756161595731021824
169610638
368248258
2975144398
1156583330
297300122
405759929
25442408
2205598141
735221863
388333048
743174163922358272
1947278862
142731535
214475387
2813435920
3072009003
83837113
328186009
232362719
296489835
292446061
1009243501
763405961205800961
2438650607
2537404585
970877232
1307442482
2382128702
403034488
224436988
719147371045765120
225490204
42242586
405451598
442187636
899672546
507245942
2478033566
430788723
1035376896
2201663641
551769009
77336255
783978818994307072
704970032997113856
408760297
856217857
482405981
2157254871
3997079128
1017976968
85590368
3763074677
420533831
712802952621211649
266700017
1324250802
2974945617
1218836317
306180757
18978455
3099708933
57596665
799223498145222656
4622527179
430925661
517843064
998138210
3296497990
513139637
725291215026032640
1224123170
708680401796132864
1183534806
2723029636
542957453
1550965124
872466012
777879171993337856
815304163
110190828
2442669300
1165895616
2343322979
2372355289
419094387
2236656979
51017120
706745153109794816
782585681990279168
2529344180
748145329132961793
2504623564
470125420
2777885025
428423692
488895138
702242905692438528
410631936
723392517081718784
477764834
962612156
1341254522
2610976925
1417811960
270586505
737408193014435840
306162902
4427347264
71887780
2200331127
585475210
529119371
1849672393
195309414
605296679
700644864
966592213
437775911
313843015
801411882
3305062853
489385282
923552168
238718282
4470002068
903557294
44370691
1058644093
289823072
4432360889
716296157501251584
708604566414168064
2461382070
750333027088302080
1471608194
1171395356
264982328
46638071
160318761
414692154
2997985672
3261467549
1369230955
124345123
572200239
1142540912
2260295838
433270376
1070697217
2192692641
1704671215
732773769824047104
472128673
3027771161
115139827
1420539098
3303436377
391936079
2867979837
703927942192173056
1560674570
2366877929
420597088
1422519314
2231919056
1385042468
1304437381
793166155112386560
2456846400
1392155702
456936722
2179727597
567159863
2858721511
329152979
232259622
3040064722
396218442
4786768821
986714714
3320634071
757361610222624768
2217956377
496779040
2521671494
3345525249
2437504814
1052654228
4888582030
1015433946
779407172832821248
2282030010
829790846
2603715699
2351211413
2364603574
31430845
50579673
790663292150743041
735888541079732225
421828602
104919938
2275247204
3794715136
728107134714437633
3186148157
453482376
326960437
4066666906
802487031121244160
710406576
380348802
390858404
1333771333
326226399
329682712
804538604
767040529100079104
366149314
29665462
397433071
1017562789
773997726
448039159
1337654743
492580644
767823852957274119
805128308
1627547640
372238164
1086803960
148785493
469398862
3151000540
220806987
124426856
361754257
57637533
726678306406469632
2225431370
1037333550
4908499649
271541039
2155070496
556328289
748814836595826688
2831558388
4076357194
610572173
932393936
416094664
2363670784
925569967
38481918
1021852446
4254101320
870599125
435206684
19096369
173925687
105210939
757883472274944000
726540842660409344
394729845
1528766720
435663871
307781832
77823743
697617213579141121
41820644
1105753646
3435148533
2264883161
4885937632
1041933954
479575055
576471812
389490141
2640157312
1241792798
472859188
526894466
67637870
340951421
137732158
1265375377
790459201717997568
784265755508420608
2997639443
1225018712
2758651299
1452017839
1241515435
573016883
69598685
433589446
3313119640
3043362960
988959134
720198001822732289
1350411
460611317
499739550
1182936842
763143014353174528
187452064
1339501164
2428907830
1133836538
592622025
4904009595
894190836
93462521
41348383
393872384
774270867014574080
841814256
425759519
2262340023
2361499298
67612595
1231624994
786215749035720704
1975150249
472893871
784889558441877504
1974119078
23424732
2828057292
771813207853916161
1562890188
522507515
730685457529511936
424317531
3016707491
2744277820
792852318463070212
765647763442896896
419626195
1412675324
412648819
514243349
531467831
124913558
3139667865
448732675
788047479640129536
492081280
443708574
3293657688
760935300189356032
277975888
349649017
3723326176
130478454
1225509780
784287170
247479499
768341665862082560
1239672679
1346074165
377348117
987220201
3538953856
1102059277
75751731
702128508835860480
16213811
3971924915
2196650893
2942054782
120106830
2271553504
590833841
29541358
2799227808
2873630517
34387114
3657009263
732693948506890240
3856669288
712905744018980864
2958168039
459450731
881565745
408382868
496000697
217003698
234825585
1310724078
349584061
2515144546
188074055
103858953
717773702016942081
480271048
1030996831
1073802740
3347021776
394837520
122327232
2169771406
128919664
2162429964
2281925530
45466299
2736319824
2477243514
1244644430
596330003
402044163
241289430
2870220975
3083483560
165737933
548558054
964460408
375517350
1324516416
83893155
2765940990
317214523
796018298328678401
2961876645
46355863
915566532
362432939
381419274
3654961996
1332326611
272464094
69896457
3342101075
4611169457
3144040683
1041842736
784909327387783170
178389234
4242038183
547582136
2754829714
384236782
1145973943
1089979686
2781970583
3001581299
555869032
400383332
1510136666
461056671
803005176789528576
337636292
2995507655
920435114
539927609
140502808
2359448190
495386998
2563174160
3135221989
4698044293
587606091
805051386601865216
805556531831906304
2388403762
4439231793
1068963974
1101446990
3103748006
1829960281
238321285
797053138326945792
1645840459
424355891
745261482
629136662
980614603
465870411
1163339742
935649073
488601703
623160336
2929566400
794722844
12315822
2342630384
1017851670
192227404
372874917
509261085
750306271165898752
2930108555
492017129
1283518398
88757516
2853895743
845007600
396841926
3301531378
296499025
3360851079
2418170407
133246377
2663707394
805258084989943809
703708224168599552
1444752530
1207540662
215374702
16824428
516432515
125321939
1897403900
497145487
432640046
476912360
744524292050788352
272317881
233892110
440691898
805682578992857088
1199579786
2982641339
504355470
754658882551738368
744890797
2256124088
152373257
2239529617
862592018
501706273
72036914
1275874194
167562908
393342562
1025048880
1894270790
180317088
98732981
2852316766
463894664
283636579
1971682968
490504541
111933671
442214344
789446990996369408
751315632134717440
770990284159221761
381378184
196248501
962311958
774047754834313216
2386403602
742029848982491136
573872432
4772904255
945407058
714415509790400512
188093296
793930842
470382655
184538647
4502381
2816606222
2621194049
1424957299
1417869506
493949099
471328170
3131012013
3034869375
1016066683
1248957733
706053789
139508606
427655285
389477469
493887925
2383649104
231414854
2743366841
306064701
1151383532
220737700
733743405751271424
408738224
539942362
85136516
1368863274
757950065466015744
221774529
697090269859213312
1016105090
3366222670
778710651447353344
377605858
927403472
514399725
1212795266
286682835
281134776
2591260712
48303285
750601639539736576
3833101347
1168562678
499121170
1305316945
416372229
2793032105
100462127
754593317313216512
2306993641
760795645871583232
908265367
2948848851
268837798
2210459317
572056299
4877601425
4858527059
292520884
1518874812
967615364
789387278363734016
398570282
2419472748
900598639
998771113
1445423113
719461295909515265
1097756916
282643059
2764987058
2753421268
147543162
247863643
2250160702
612576300
2327790560
805675440614600704
74975802
805709911426531328
38176782
944519454
4260517294
482940177
1375249574
477614027
917889090
58052287
2922134615
319234711
1154856690
772074670208221184
805717986103410689
508680506
400352031
2191020414
148787137
851551892
1908263497
125655107
805706600392642560
1259041459
1300592342
1327701390
381581456
3290975685
801009914546188288
1278510602
488742003
2911224066
785089989692493824
4643902636
2572257123
2967129508
788310908925796353
4172823213
400958781
2479620311
800692744230309889
390835478
821719770
1253719668
1331487049
2625233435
583920508
3279653075
248611884
486011347
2845007506
481929883
3396871882
464675744
892954382
2594423644
2281231953
283080198
2517301839
444611981
2350811871
4896156933
603543323
746774248715345920
3030080223
2479941213
239950313
2966888020
442665187
139339339
1377393654
1065387764
92749046
173887749
2410447644
512547601
134903944
3320411493
413786539
1162582322
4808051859
482313676
4243675906
2361360169
335249305
2822217403
2212449568
4170027736
414373079
2749231737
463109924
373413749
1717274785
3295966795
2865546393
50583397
748847098234302466
4133217027
1372596200
3720941236
925110174
782494015
300148270
3037846246
829358672
2957157748
203758372
3402412755
23765103
41592211
118053242
2493423698
939432270
62082066
231433929
1372517456
554257940
843207530
805673295051980800
426649501
3034201259
712695926
90157200
4919661688
1375038438
2951907850
1439319032
22025138
4461052161
586568738
972096859
146738509
131183483
1225064317
545187530
2340110677
1399325755
470116777
1026894067
1063497715
3435537363
793504466007973889
451428588
416165363
131105980
2596987738
2680027245
716326404707713024
732255482
2502342492
767843726077071360
1979545116
1593971712
804080566949859328
2348140042
1408129375
541494300
484570274
519330046
1638762523
4889623209
160255385
4822072721
912342114
380275805
782907556159221760
3701486717
320840015
2751847457
1014946904
402002433
561058451
1447215498
27259807
1379254362
755225798
329710075
568377117
4893474419
118360232
44775742
733743331218427904
2950904957
2407966115
1368152558
26027914
2181953194
1084193910
3012027837
561304474
1296801535
173081447
210820445
2341083257
801315098409271296
1859562668
1227495222
1134647432
447965111
140382700
541527026
86997587
48142375
1728170558
700729705490681856
1085863038
469519219
2167782040
721338196639014912
545384133
2286936794
512105666
3240372507
488339106
1004781943
2363490707
586401250
113981849
2956894029
111828008
485178877
4230212914
1047886850
712961271776169984
2335113854
325760306
1015904244
2437846648
851471263
408437002
2877794140
224226820
784297014
495323941
496370348
64423644
2482706624
104239528
465494905
738344440851468288
3213490474
545284832
2754427949
2296153657
439081205
3559735215
2644998883
1028060143
2351775654
492336069
339672122
724894143688876034
548616993
93705477
1114933988
250064801
2679507545
317660741
1221361957
793361599230861312
1964557453
4827286889
285523418
1213722042
1635285210
767629247221465088
2322947462
161983199
3187495264
2341649217
2656936986
1707513894
425135784
785773375385923584
394921985
707850172307472384
705852604807581696
802630058468904960
453516464
2951637958
791341431625490432
2491534261
2912985663
252606578
264637878
3410528027
1640096334
820389576
3887606853
24150879
18618749
17653018
454914850
1274882076
2318598068
4891704587
801845830483382272
325152794
717452216840429569
1264930363
167566334
2465017751
1577808642
2531011964
1376724398
244596457
2473375067
717007896043716608
153700119
77240565
458370341
1625597406
404951630
1058676752
493332534
1723165159
1280441702
443649906
14900051
22755772
161450764
2767883764
1044932990
756587459312517120
260150517
1399868256
258294816
3341739995
805698551972036610
84554567
417213341
396705268
1937464244
418200938
20432064
1208853571
271468279
565334533
3586252337
337644410
442988779
588275518
332733912
802475642721800192
497825787
428507062
3439135871
2908364331
2352132366
22627429
775301877512675328
2401247832
707643839343939584
799754734315782144
2564440558
2341326693
382906147
982628515
743735767604699141
564629186
891590768
1921317079
361341817
336091189
2762654597
472014480
2223407550
1618048597
606731466
3750926914
304085872
2915521882
524355966
3394261233
805538449986097152
616365409
2862555916
2857035293
2768874429
4558690911
486511597
1261453891
1443706704
4735754218
1293251905
2151480642
634663442
2366082457
102200819
2195380902
2207550247
1642455607
1274737250
507746291
773134022369275904
1499706972
195792208
775294620259483648
782643007
434310171
1951047476
723094218734862336
2854853057
1843782967
3436555222
1329384000
773074386
539150646
792312841458053120
2347523763
56405358
1055140058
185657735
215278944
342008649
3137320963
1067756382
3238853314
1407198973
510529234
2472367403
4754556873
2359338077
319764127
445553436
2432690404
4019514868
2906329295
97269994
2532166333
2922539446
476857175
347967498
22189370
428588499
440265526
70949497
2416229854
3053183649
1012199538
1247005489
2294458666
390118819
987114463
429274652
422419297
756085177709916161
1941612414
3153491272
170205783
2810679525
132843246
1978729974
457703874
2172017830
578848085
412553405
1155222637
2178160872
17288700
2777641048
805701944425803776
3381631318
621230485
4806536835
97962621
1516105712
97938993
2174691850
2393374065
3422769471
838319900
1750311
77547900
112840433
141975784
2949317921
966502022
477844210
559544729
3359722569
245480277
787927354588946432
486456375
389473754
745025263679963137
4881267029
749913490987552769
951365918
1429916701
2886845566
425280400
2356058000
253594450
754953683385851904
2486067773
182859080
517929046
376069634
779922361
1339138579
396146922
989322810
129164948
786865600115204096
372448589
1097807131
270050737
67107066
612478035
217072021
953265385
726085176
459446024
787732270832640004
2849996488
1428656318
196560266
2901882595
142393098
586398719
219406236
15182465
125153897
234432349
2390747907
450555112
2360335217
312249402
17777533
108990971
3298930011
774578326795059204
2833630354
2270307124
730485660570812417
2363399704
1384265604
797127537696579584
796684613452238848
2530670244
461173908
84053797
524564763
519667200
787222894153785344
81797113
474303874
1904781277
3221685154
2202172361
777855788882812928
4446307913
244882651
1454614525
4838046849
766644219930873860
2216179636
1556491195
1106896303
237665989
481296557
1056221840
420538185
1324690742
726756593728114689
209583572
624359831
164359373
2515151075
1329125336
22621322
345335051
721957168015126528
378224695
2516807525
731131129336627200
421753222
335871173
3357308483
2461914300
94567726
803188604491231241
51727698
1351595492
967843051
3404776456
72132769
770630183837655040
466809596
4217007153
1446141966
4018507636
1068056972
789459828007723009
3363209998
1449811436
767413359448842240
783330667258142721
2203665905
52552781
1066149530
702134290470072321
118193582
389395835
299020216
203124202
2318610186
196586897
3027236165
314284217
3393504791
570942587
753897017479458816
1026040676
2792094531
295232530
737326025378570240
1117323301
723159842420969474
520256703
1166637379
2717902222
2189430449
421098765
1404635250
477992458
522591515
436639077
1632483738
976467152
205840088
3130731489
277375609
328556088
397440368
1107358112
739960384573046784
446999468
366518575
422670896
84932530
583579935
2944681743
402653752
2780900078
3037864168
3078054789
3360251476
430912043
411323343
994850227
1011786374
75024545
224594895
556650372
885303356
1167206024
534655010
939620869
68735558
725803612857835520
522615564
535329665
13294452
73057018
784280066
447923082
382650535
292241201
748058916093853696
2953200712
1244162966
2311589125
2949717057
791713072549335040
2343762240
384192964
1165554492
758584125905375232
831251114
4112673143
2849555159
2720583173
266084021
1251714114
257884666
970731259
552619515
32469851
68821833
700837442
702845547078676480
493239048
2765428826
145439895
2225279382
255392227
3164390831
30182444
419131342
358808488
365420803
367011490
3108658288
3869821037
2597273655
2500916406
390906063
1379519166
362992930
328064771
1125816168
2207984680
1198029061
742406724854894593
4506822040
1614700928
773825985590484992
553446904
717298250462662659
570833587
269250682
424142793
4810630096
754275727877505024
780498867984986113
761278850286424064
2942618019
461962554
865964642
495045767
698787801748414464
311721221
491225607
4227664641
66975806
869685432
2929270474
2763256746
2438058023
956094938
2637040723
2948698869
132965464
429911425
763393541427105792
418163121
578127658
1712654598
2757940289
3094278383
128834892
196234135
70937566
2177615174
729774550951546881
271927785
246172560
708471552958795776
2154746892
2860212599
2888898605
2358588213
484147648
1021727540
2870930289
95727438
780711009883344896
1162367792
2921454058
507773595
547050389
832111555
464167534
3338378788
767081839592898560
169935318
3803802809
413411300
406453295
3729773657
4089064751
3568595656
266705242
2217330908
104210812
40877771
767596251311407104
227323757
104275351
35202108
722317619022471168
144138429
1082984088
1244648594
3338622107
406126168
565577878
91348491
2853470165
3121453822
2348272160
247712433
402821533
929859818
951786427
382052171
421828997
325165914
829834464
1219792052
2201464809
260119817
3333764236
446937412
2788765798
468304135
306923201
2788788411
805687949161562112
165051584
3173819499
1084100288
1534786369
434893793
277474925
430058524
112550071
3610344497
1696330177
4204183834
80867890
308536892
2802841287
480339529
419313596
2463497702
318601090
2392070607
1223037354
570699348
2745834673
427274048
2357226215
471861275
2293903162
1024451294
477654724
3037744342
3957585869
805687588866637824
64139825
939425341
805688610368475136
699020578955661313
490624174
1213596138
1360217082
85167868
194095848
4502398887
4192474587
973456609
2244460336
2303218766
611580827
421911547
4405224977
1240943017
2292219675
27417914
396151080
806305806
881165648
2475717514
248734017
875291742
2349348009
3044692557
1024162483
1357718432
112127119
720515573
572654418
2148135826
297433623
1177462297
116907932
253975868
2654085878
3973423342
754680784548667393
1148226661
2208789310
3107012981
1262939593
740277257424523264
843757543
770154469283729408
2283434864
269449767
402176204
1149172598
846129223
270951173
3124013698
2980878029
802522326315266048
751411079947907072
89745601
2754433723
734074574275514368
606394161
3305477253
712285514586570752
2961260590
16543583
421810729
2176873756
1160400798
1551053264
1086810552
2374899158
141529750
505095711
377660882
807581581
724633716396580864
1089824720
501775506
81467672
4860266019
1344701089
2240262750
1885687531
473063723
4040505046
608359188
3381325839
3068635497
1065319921
1598763572
2986513055
783670680491552768
1726403760
485985971
420905398
763784342
805620493306970114
602574015
1304986626
1305371940
4873807691
188043254
3136144581
2946495526
763844678005432320
4827701787
2354462598
423657969
221318149
158949892
72808908
485029333
2768984488
805670522025611264
260191236
1262160091
749166528898228224
1329275215
1400701532
832767270
452923861
599468852
1357254163
2151672697
1068604638
431177356
570780870
2742709167
2967719326
485634584
2868144198
600145734
2855733442
433472919
4713636089
1351237069
1558415174
3657726321
826724414
82316945
752944386472865792
385014976
4352298869
452909538
14942247
3431610221
1171339730
704249890793193472
3117151365
538529568
4846573275
189555728
413916151
431438801
2789274177
168659266
1581655399
796795293316612097
402803669
963955711
33986651
256717862
838149116
369200086
83126449
1124867449
863845664
3501641477
787574840077213696
304010529
798807953671266305
1092084720
388182126
2514624711
162862124
1013065578
941567396
491641386
4327300043
251345771
407240144
3365915002
2784216706
3077650311
765223385320263680
1091717713
804592286600495104
487002028
805712025179586560
797138085725278209
729713207103922176
917041897
2972964329
1059890124
2425305955
799621112040751104
2534314678
697707497981870080
272028995
3977951957
4008843159
354917445
2356127598
719193903694524417
394861796
2353760868
2188803397
1008728029
461229005
421120188
1011183535
761582724176027649
382817123
1874790332
1385223960
354188080
493222250
546255035
68362418
713019672808005632
3437143409
234753926
3169603576
804355320
245053650
782126365315371008
418790167
501225131
425773398
2409566784
2472256093
3319305760
1103641160
6827962
1860240812
3298528972
720961705086492672
40851070
433717645
3262192089
1063944884
3102288245
995769296
583877210
2445766538
2814040655
3995707457
819397051
718898270727180288
402997564
2236568389
285222215
3824147415
1083273792
997495124
2887946273
2877949007
2962475685
579760787
605303095
94966761
83356669
477025365
493866087
518403199
1444738142
1254398576
1219022928
375505860
1085901524
117363440
424153335
3039699201
343370530
787751257364656128
393650311
1335905778
805710328625590272
2341908197
758178577909153796
1377305138
1249320013
2244123961
147371974
455345649
618929613
1676787925
2300311050
434343679
2305829379
608035508
785985792032333824
203422688
755745950
3343049686
805692461213487104
82349024
761729339201318913
697799370297774080
15036282
485521993
1260160800
737964567737864192
1086700214
3403421475
3601606947
50270346
1116671611
161268878
256471924
424281659
309673616
446903999
388459278
420852268
1085455423
820293164
915386305
1478155554
2937534765
1287327732
1659759625
833575614
1474185410
1387286844
515698229
2388969988
482513993
139526532
4869633387
1352568188
1260617916
772498157636820993
1116634686
939317492
790372009
1732490672
3046671413
381128944
785123317858590720
3155475373
1187349354
111299323
2798863589
2357012943
499834334
2957122799
4208755703
2391558574
849747361
246417264
111860209
714382420
411490873
930194618
3353377672
415046131
2904967810
201732490
1920497612
1079126036
3366092747
1148764633
1679376193
2370357600
4853428299
294482809
508029782
304329439
3133541547
730850159597371394
796416761126158336
1227191976
600524618
778374858229092352
1357615280
14184504
2968165661
2781460023
2429092036
776016576
46194698
1566023431
750372158367535104
263179271
2900973699
77813903
492916204
547890554
532610405
796194001
582549891
560577301
29315272
421380054
408418039
797592047893020676
2885498531
736299731152961536
384220760
3294527697
414050719
2390872007
307362538
1220072246
150254340
3167053779
1955153960
284706444
559461859
1199740002
419535328
1251322195
541112195
4898428150
268992090
483198813
140945344
1006597970
972859016
890639928
201913735
43503218
2220255020
1896592458
989147641
790981308520497153
1543627718
1381849902
3030465038
2384215806
4623838474
973647258
2397628801
2902433603
448091207
486759616
4869177970
2734382703
609022558
77207264
2467428376
2279399816
2876394988
722421795106766848
1190659814
432211151
2990123956
2592883342
782890990269001729
489368395
2574266145
435173619
408445567
1933284714
2572855533
432352683
1260000139
485031544
318940180
475021007
465526247
262225947
1930118646
58300699
776754983626760192
288723029
49551708
1068728030
3088790245
447990031
421110631
4902342166
441851951
385952157
3511306816
3385590159
2382081974
483304367
410910327
163527039
780409230788554753
596157185
2277568157
619043733
4256851395
1121666197
50950136
389104963
151205711
1371655940
2375736855
209786311
3299627499
457582089
4866444225
968459856
555754229
1109887628
303759481
2993021697
586415579
2328994740
237608753
710500851270492161
4886243230
782482968581378049
94773688
3372706481
2716622877
2884126876
415071140
775000178558431233
478427328
459977317
1489965936
805409336373690368
1694143957
3082109127
1544336527
2352984616
2976505282
2999484970
761248696197640192
566273326
4871884721
544352838
28085918
803358237441527809
1066962283
99125540
412094285
1648199708
1608647216
2966187939
1461615506
272842856
3104565904
47781017
2733966208
724573957781856256
2432208854
511778772
634892475
454888291
4039287245
988373714
1385276504
1086424626
2244512143
801525216883183616
1069302920
420923031
206146639
216771953
757632771233812481
400585839
243545857
2862461084
634024815
280738990
620914838
2731197053
949867081
504305349
482783302
785763689345363968
2309009431
890819750
4756502391
269889614
777088269003677696
1063634156
444549684
437408259
90466924
777478419424608257
632021747
1261559155
544376886
2163227033
400619636
396826432
474132230
12490782
734456397824430081
1338857240
3245335695
2588246800
2872801499
754232386259476481
621815597
719158696983588864
3103981311
416709850
187461328
263686293
276497372
3862086448
1692344714
2785214645
1875161478
1675709983
3345732245
463977603
1037526320
68711354
43588209
760168608890818564
3398885945
298123237
2282469222
126462116
409448246
1605328957
2810106892
1855532930
410942770
1209210108
174210451
2320558507
2987972555
804047458334572546
366660837
3288289414
751412274
864808656
1265150719
23979781
533329366
259098091
3362685705
3395459769
2511415512
13382082
3652269263
757989565600858112
1389042925
996095940
422340734
369481356
1009689127
1540142966
1942643138
132326725
200932330
403505287
791154802549985280
2283221770
3054090717
543866562
1325276551
24504702
51733848
1231825982
2984502441
784655540874076161
2287024507
1223079336
499128183
596821309
881122356
114553027
367904175
1307016348
589997252
1454326411
3001084382
2865752314
3347326925
1137093510
2341995352
452010658
425730108
16660014
462701585
1241549911
7184902
2946803811
3393834010
424129589
757227009772773376
765453674
2758055709
481575282
3400696882
2351303368
4187308379
1583259805
3126510327
461567074
2659593264
3385597569
420301474
414063300
3437869852
504625929
1117120286
2251811183
2629123617
1219456740
2318588162
126677638
1080882642
792376445234544642
1379840682
2174489653
2895843244
3348998127
2744358657
3426670696
395775680
626845548
200896162
481130225
462156900
713186874
497892219
393338020
275044697
4221257325
80583467
517986135
3022999487
938933701
2205416773
190688480
1474220623
1395477444
468746327
2507798559
2647873162
419443005
397199507
4074057137
858023484
961231022
1336235796
3189712181
1294913706
2355540180
1934445032
186221116
262744469
2201962850
411586879
430633617
792496932
373453321
291328012
2771313035
2227116203
3169533665
722437795
3873999737
1227799914
2333203880
136225328
575229086
2376999356
44384123
430200691
2648038336
732290751380459520
22598131
531851126
2243332343
488716244
1883320610
1244749964
776357522
43668981
1318601540
788049329403506688
2345481387
770748061
390172879
2785392735
582622919
87964051
1444286834
3292705355
23052200
20940320
605229354
431792986
465668838
860222119
34666215
805710378768461825
121096234
1226139085
151536511
3290984981
61174500
2318573988
2200551363
4471649477
318467812
570329331
19531637
1381974631
299161391
2310261690
1241025565
1228029926
2513339808
330904043
561823534
83386342
119851176
3292905852
293484907
718898052128489472
2696366840
1157798953
735316014
3239016405
559054823
773869687465803776
710044495748927488
200971949
2973687160
998351023
1103820174
726417519964213248
1495539583
772520766885728260
378591855
313359104
210182258
2931982966
926290832
2192271144
393220583
194768449
985254589
17709747
702248011250974721
805706164466020352
3438128289
2267746965
419047301
89253972
458580695
23570495
437533038
532920941
4854132653
1276107571
420987413
415130455
4184943027
605281984
2368731993
3731438296
429835426
752244313875251200
2903859657
3169131753
265385204
791559506
2377412898
982932835
447005422
495885483
769784946361794560
202219931
429404903
781480445783531520
923883992
313199623
2242921584
1079977711
766981398964084736
2456837270
290511795
385571810
3039663933
1613251314
2161187708
4592599288
182923566
577023890
273590378
714457631151296512
805703498604118016
2858833809
420494257
463866926
1106530849
450010911
388229935
450026499
1134464702
2252899982
705594306
3719207249
476006502
147131446
89545368
451224111
897132368
3058699804
61046134
798881423650328576
195421730
2801711627
201049431
1226957078
513528757
2444235358
831144326
2318230960
429203153
796097962384433153
497382403
3008083671
480645077
2634843893
85657467
2319542538
139715784
715828512
4387850548
299780153
796421015052189697
385828862
2774751706
433207635
762595570183770112
158017561
96346472
432882729
316741574
2719953051
3055459091
21825227
854909414
2714080196
504329686
779236559908442112
837942602
346161795
1179962942
789752828097069056
369728921
3150275694
778177707234451457
1617496921
3870612845
1070320147
781392022800306176
1728835788
545051848
2360933014
782138334
611617045
2416435813
2842838170
70174464
368468569
136801143
48996987
149167222
354866096
3887691934
462088303
3348196937
498766319
706097800040357889
934243021
573977989
1071485604
1314132968
495806630
1077925266
432524169
1233975200
1228034526
796181961513504772
356159314
991727834
1615176902
535318339
2335367718
386572967
803350148143316992
603531704
2477361829
588367749
1662392455
1165412916
1082400372
721591701958193152
632742781
801028194702946304
742644750029819905
252124333
237392330
59200159
1903397372
4058624363
397997207
3638160616
3323281697
258758131
754403068725301249
700715250
1617382848
2739398945
2365252169
2787109876
776453763624214528
397278990
1168797480
3243909749
774525301175029760
44948272
3387963069
723219535398989825
794543370530095104
2508454141
798166261
1618073041
805715101651189760
3404091532
805704118031581185
425479495
300158013
804786031027437573
720617956540026881
1357159903
805700470597709824
1364981654
252606816
788831011081715712
480635666
1280566146
906165092
2410911599
202220952
134206590
389066130
198981234
405498866
4902267070
1927224049
181480719
2764705264
4892696093
2224962167
799504971502944257
802074705641537536
3228177251
1278423985
528699157
115409494
382579217
240191766
1341462944
66739125
4895241172
797740375213568000
362952577
946023379
52071233
1165794031
4857416872
738932299
3254498950
2177411409
714002059
1479114414
1367572112
4919837110
3337540222
32845422
2591060556
2262356182
794565592628035584
26295447
2439810651
2729986610
4798705814
1911991346
69238668
769427987754254336
602157500
1437778471
1972786862
1261644342
3348087791
564693328
377894223
362093487
1401984294
712712005287813122
714891080349704193
1370502229
493203375
1037035632
591741476
543546376
413836005
45319683
805698403938271232
326079212
3346752575
122476603
1528786182
4069758477
9214802
163417391
756061004556042244
388572693
530990399
792230731
133882939
4031602695
2925423826
377535786
565784508
1111225376
1154510216
3014273699
4570489414
553392203
787992135236775937
427209531
55183612
400654283
1276256071
58868395
4928491697
371278555
396691435
787704652326400000
865991736
156377258
278743750
1280322788
22634187
2158195314
2487798168
727928106489614336
2198193816
114428546
2597549564
1035803582
1365056664
821799522
1075391245
3308560736
481245436
2312728101
401438300
2839838987
2537853697
1127733265
3069520923
22659500
326183542
451473769
552738376
1690434842
268357558
2918014485
2762141323
270418337
776867281880178688
889896296
3293750699
2313632045
2773639269
1128501696
1402978436
1230361375
1418554027
502904251
2387695565
532222780
4548204501
726428495413387265
761787475
3225158405
1183790352
753715123500515329
87449931
4885903612
701388779114930177
4850369241
2334303233
99702635
715083557581033472
725294324
488894721
180519887
883065655
1360369249
499533706
790246284452061184
906762372
2401418695
3559475297
862986014
553859404
805693511366545408
859151486
610278959
726543135136964608
484540133
504661653
2361666815
852983923
51018936
448343412
398108618
360001807
560260712
525337793
2166381300
3299490593
239878288
446426646
4045990383
2214308771
219427574
937173019
1596031291
421050354
390753281
104554329
742397869
555287914
1134246404
805712974065397760
406995185
3024022989
2456227901
983222238
801361825
2778813700
128030995
2581628565
3306815747
27880740
419300656
3366458710
265438050
630524940
3552200295
370639956
461088423
2710203335
399374372
3522132023
2351310581
614566110
2409273144
1579008720
3233255813
272858172
376310225
2720607815
1103389747
1123009382
1222920510
2324947372
805692881054953476
2821370567
2376465507
2502465806
247722432
2343563478
726852195501629440
38223194
1921230823
1228485109
3328162088
385980814
248453535
453810735
312250044
3746304743
3764059997
596702756
785129133009494021
863020105
4008275807
2218143675
964599037
193775609
1336547604
304661441
3319406075
2572430290
383888615
555195323
3939431595
335267459
305255857
19422447
1536096506
1234825501
816969265
396583648
784398647471595520
3510108957
1357640916
773054104549593089
1464350060
4589805027
711468143768702976
106254280
3433131149
403544693
861320575
51040020
31158194
2182828334
818183167
471971193
2722795647
1011196998
472202396
204041863
96190394
4782660614
2262991946
133030062
433236253
2828728746
2417465334
3164264061
859876152
706086896275955712
317607384
194113330
227632733
706451584851566592
2341748583
598558484
805697989218013184
718146673684439040
3246732970
486574767
135813465
1088675498
1572876396
2916512591
1029145604
2775040101
767934323366428672
418636676
459438013
1357773991
600962933
2943801525
2184861378
84057783
778622611144183808
63419089
4819490909
2448563317
4214140767
2589077888
477543705
2370233666
779036371608625153
987513386
396884500
445595745
916522718
2252314592
555183394
1402803522
483384295
2863674411
192253996
1201691502
382235216
339814113
278689818
730421706448343040
356009891
1221719288
312553561
2253891068
1460451570
473930097
1854349454
405792460
4640857347
132253492
716290497325694981
1943087478
458254308
482897816
548583885
363616701
138773287
2221318495
2383408304
2435216339
118058340
91559209
1214739008
2342104352
3395736707
753499324915519488
484005172
297060762
4622550376
81075901
895702736
137275274
338600797
2754876919
350982730
491516594
1011308838
1601251586
726840615099600897
1255414892
821872394
116278363
354165740
1534486934
581752139
3354605609
908047632
2565072187
96236264
1407173916
2613219456
409089494
2831682317
1361432923
4621068317
195193212
386154304
4850084878
561391482
2207172466
715487343608659968
1260018566
1142647476
54918431
785934232698904576
1051389715
2885037524
4461464967
583894749
264753679
4655248997
1846097041
509925169
373887841
553772651
24528997
1026219187
295088615
894946183
154824095
2187516904
58165167
3025716337
404088514
778517474472030208
1227624775
755110968078823428
281884852
293464241
1444784371
786233441742364672
39028896
496229128
4622622557
1249365224
4284146182
299159229
765484843580948484
796732600706629633
2562814182
40453222
2362318798
3034117503
1291622634
289878978
506387757
263758608
70209996
1241466834
2526923119
417150886
730034081698877443
763682961376108544
2397844595
489519253
4850532357
2221319742
796670191648337920
2639918968
2184144110
1266611112
1060109168
3179961507
29478533
2726498655
778995733953441793
995345934
880008648
51792460
479810905
1034473320
1173363540
574674189
493270285
2257828493
805119209588006912
1060544983
391286828
471486462
3224742693
522221243
2434254386
2467489015
469750828
51486290
482107935
318939574
252116102
707530111147495424
3373955686
562370831
29411470
377249170
757949254765834240
80875024
437389258
17912290
177937746
2597977564
362550965
24252705
460322510
3333323567
131262995
781593851182063616
4904675895
199194367
2353564274
254092558
603613167
2975094340
2377000184
747404363027652608
2986885877
804406801437458432
2321610591
338351183
1430390438
764402685617508352
2160354942
3039804694
401680400
577936933
2757331605
702957764260327424
1014721082
404961989
331763256
722514964095889408
1260171894
434839840
3836329043
720742792
1037288737
41480658
2449816968
224310474
733755778784497665
798986980159692800
275741325
1007282528
721456681683693569
1274823746
3400063569
795675927363645441
752897299186155520
4863618933
3082215623
551427696
2549252170
28433379
60883783
596502176
1134804595
956120414
3255232402
489436391
760834031412019201
400902983
1107334009
748862663808221184
93953682
4067986757
4898162783
3321556576
507006278
989202396
222442719
425449888
722684492
2482274467
130561661
2185717829
61011257
1864406076
2609290294
1861590582
1344131071
407233459
3355048384
156584886
733722041585655808
102398509
88257786
776714498795311104
799398669036425216
282545240
725677299505463297
3074913665
2945491781
181178915
2764545717
591986209
2377701816
485795272
771702640019402752
796115663530115072
441158014
797161661283045376
2747743036
976742690
712027921083277312
2744895802
776334317857411072
439397412
4211779384
3305696997
725810364995231745
58020070
805707992800915456
469502626
456975633
441651345
178854619
82295380
3226485597
254239188
291951565
184149361
3070135450
47708105
2351364017
3100518405
2883146585
138349879
862825219
3396602141
4664853389
897806558
91313375
422894611
2318283220
1002351
1358611800
805704733356916736
2347206761
49926262
3186506021
1147701895
425332035
771114116035543041
4098206903
453161714
1284039450
414756787
3082030787
204700178
1357675208
1081132770
576139081
401252318
1921125602
795924287827886080
84050169
1461760566
385416021
404759504
2544438851
2217996483
877456254
504905043
3101946463
3415357985
780736770480541696
2195327711
316364685
1170462018
459595085
457878187
2596256804
791602493469913093
1330069440
3075707201
795940967547371520
542888208
3332411590
1586673164
711310994
781838922578026496
2370908109
329516948
136232653
1067982564
82068999
2329849949
2943507749
1110202813
313535823
381986062
95482042
322540485
423294786
763391744314634241
149823875
2883758397
221581460
1456556520
19592755
432688797
4636097626
324262863
1328735738
140866381
1021681327
264396151
146364035
2161648892
512543036
4526622501
782577416548020225
401687825
2273249119
458555476
1061060934
172255005
91565008
188257090
3063936611
1318108844
3385699887
2241274927
365973612
330466142
87136437
396756630
1154012262
1329126331
2267787658
164780237
1186473829
2296569134
1360191522
423785778
309610370
470039284
3001456207
844286359
2255032249
608232130
505803378
3428472718
434180931
3064826483
2405656973
86347667
536285838
144544732
3428340375
2625842403
730511071136645121
47398478
50251798
926118050
1166904667
2203363914
413217587
211191573
3092389516
798463710
3334148349
1070500039
757173570783043585
495321537
450779740
1473356281
509298472
377430097
2856745493
472689582
2238395111
2484303523
340294381
286307579
3251331238
4646013268
443836053
378831710
1901402736
1149014184
36730956
389638623
1069196982
173430456
992601505
499102941
1849326181
1330971246
3151774115
2423714223
471390400
336442306
518886475
45305228
2221331347
2420870084
1649930347
1339960975
4069173009
135267045
504413569
146215776
2376927394
492031787
474759809
761555654943408129
2814763981
545867898
2301319673
768783082736455680
4688837276
747243626
1464689852
2800699455
48182327
587639074
585263805
15637949
519587717
742926393600839680
51522357
1015440260
718484300786724864
2310559129
397358182
3395020235
99973010
579829577
2864518829
2426996976
389500881
3245146540
496477841
858187692
97221744
363542054
479677859
1374198374
2355253204
409304097
805680742667784192
426557047
411530100
637254997
804354408
452869670
403618249
2931926547
71031958
411670414
482137874
475248885
397436135
254607958
561565372
553784534
2394128916
4210408893
3503667437
1722899785
955343978
486811448
431862853
3912089235
3937406775
947730906
118039326
1427556781
497949112
876085555
720586127
191383270
3302109496
786432845111635968
2289394911
1606319989
2640051129
1432663974
1346199541
1013151366
131800710
2741727190
3322548533
4714487295
805682461292326912
101218055
288718876
2404577488
4885484931
505733936
55218593
4845999597
412282966
2889221200
2792238116
57279615
294801723
2447883613
434870760
2543538403
461072651
2445645806
267229498
718159838178574336
801314293031510017
420620863
978514940
3297842873
439913147
324231882
2964109143
151195438
259068501
805707555926315008
3024109528
702428174630649856
3197941023
2385290202
781359137909248001
1477508138
2413125525
65937395
3665160975
1919814602
3567388877
298996098
327334660
202256562
1374652910
745595735966613504
230742884
2860190313
102422828
718540476220076032
1193780617
751363025920294913
1183225614
34572462
593744793
47963163
3155012400
607981040
491591759
630918299
1277182454
1052239855
496343408
1086749148
415027449
784828953726951428
2777009091
373917939
4577470288
961953667
2882526197
479832408
23304197
79702732
1409747527
2363684405
316511531
1205891113
2472152787
22345073
563993100
331886813
471888854
712711445
946620907
102488547
1359807542
417004763
243097501
564597336
491318883
410038651
995021599
990661279
242490259
1691875730
1065271796
4652707168
500881322
340991415
322993469
775299421705732097
304642539
535860015
1658117701
729952668999942144
1382241883
996850076
385851132
3020578613
465631373
3166156053
368302931
3119868942
2545660573
421715120
594370025
500970014
318713537
899952481
48291322
352204244
3332720836
2527331874
585172516
773378492
469717295
121612157
994097172
432639718
859867832
2432707060
34187758
23664242
151572582
2165200374
1357715070
720518351160766465
1103245380
845781758
394757811
1121935962
1334865294
785769745538621445
52425615
2791413571
1462993410
1879889592
583687484
1227493782
771042114188742656
563172729
1260037848
365423540
4023291459
78592366
3194482085
247204411
706057101
1306691233
1011351750
2942486068
3331160387
440247035
779754070965948416
507591568
967698096
216361540
296836306
136308372
164808304
436978029
72248630
1725054890
554957686
1225991917
805718605430226946
3307165198
406360666
344733253
2872974977
2604065315
542483774
2191000136
4495868356
397444524
2937536080
753717345512718336
2357747324
3320655053
514658137
763310989232177152
2851968971
2359465576
453394221
2985347933
957357619
448335186
2730482441
3954502719
4713684017
88618860
898297518
1084494998
757855565368274944
604477428
3105224145
89651876
711187023
4117718308
2219899278
700901262
796135243
104270122
430090090
430743919
2864012763
399663966
1063955917
1870961815
2157740007
235651997
1295101627
3233336236
256043626
474764300
251732759
15098906
254203042
1397205259
953264690
787911490586177536
110888613
456508187
3068102367
1648058642
2348837399
2865861602
247369956
1964779298
1562493492
387121961
33521233
957427112
243207562
392056373
774133777412923393
777421732219129856
370940742
407685967
1021541239
4738886235
524493374
871346808
35102347
787074648324333568
388177934
1002209329
827245560
889694360
882314276
3753251897
8266162
957810049
400732379
1511626796
1876212612
471859605
309920258
474782976
568621322
2509807266
2597512767
3094969685
435145706
264741422
2348635034
16615022
68689180
497382096
2795660401
2480352662
1630204784
2261379506
480608415
163409464
1251382370
4048644567
2983945431
68421930
730389738323099649
2261638041
2341007582
980971442
32917922
715889187
98135433
39705114
297692705
590918576
360518583
432950146
16718357
985140906
446122798
88725905
600150904
769434494789091328
722410225161125888
245808318
3126770075
2578134970
704238977
2362319847
489178186
213818443
1262157433
389611271
181949906
1052975310
2894383587
936876583
4049039237
1198415630
329734973
214950633
2574033231
501183558
744458832311631872
931280858
171002941
80307651
21363569
2973444760
395234322
781046072865087488
1176618985
811076442
3153855614
847536198
3228521201
3019874188
706711917
2328166991
410808183
325127006
2427311741
619084943
958322611
229637673
37005475
2382986116
1092508782
1153862612
75022649
1143690379
910560739
978059748
3070122863
1659473750
580843452
2540241518
1547029806
158288741
329937650
404537108
585455321
733019965796802561
2413702907
1946899837
2569507486
475064906
421319874
143745231
781821141858091008
4186758514
1521455803
419743304
1045330356
534231650
264941030
798570804086763524
186393484
371749840
788770532435132417
2843387003
753931328664535040
1147448544
4838990793
246772500
431793867
800335452079173636
2887237090
3404959493
4705737143
435825241
714739556747243520
3131316279
3458047347
397593095
2826747794
42401967
337228975
1867073203
599940695
742469305976098817
421053911
928297514
711972196646670336
242922585
2192978913
798601134655078400
798485998183313408
2460265962
701143665876606976
85844947
805690089036726272
403334506
122750266
1747158031
422468997
103444619
904679816
470990008
38573759
1109715696
1127560747
747398927759122432
2427493826
2285463353
579066168
560296447
56140855
2860101424
4714030515
761205835565522945
324767880
2569072195
292203548
454259670
764201799217717248
2990072992
343269126
723777820309217280
791195738785087488
2409085213
38830544
1616497069
131198482
432764261
594802106
707247204067627008
3115905790
3085712211
2554792633
791726904856416257
353921058
363642894
783059860007026688
2308437769
3233007315
753570089094504448
1360080895
1898454535
4794239181
2860637732
56674519
194725649
421753973
2841380837
2730612779
1203559136
1262138317
469182544
712713408806842368
2209980606
4182142288
4185928505
2367130649
1219977643
1485090944
2494327693
757861360864747521
89216551
1059984817
22005584
3168011729
202559331
3058950893
1640473700
2282008813
135547288
1037187446
3439290718
4143037823
3309946937
218641201
727915998100238338
417101186
140823837
996978686
1112068350
2284493280
1533610867
753547141965082624
4630256187
742756630530527232
760755097882198016
205365120
942045698
117407713
790099830
17732518
367021544
2962700505
974511188
1420244702
634832081
4876178589
937129249
1158164456
840316471
533612875
1842759236
3326961875
1621071816
148556286
2300182119
411525579
58768691
1229549244
4727119703
1254165626
4164038717
727247636080824321
711886078291152896
334658624
1011657595
1619961732
218923278
756364930413129728
22170921
897054630
2272851296
568262540
157060172
431810837
2842490193
344552830
35708869
4735890017
1254323509
805719943367053313
733320875156606976
412193273
82572788
3175723277
725059657295912962
554634650
237278320
3513368788
2435959670
2860530848
91854812
241237709
2900503457
620351637
1428556088
51271311
585968039
1098304628
2819648452
2933100036
946249914
2594589722
2836840346
498262901
1642282560
774874962700238848
1880747821
767820208228732929
1456904898
3201907600
3311857721
1292021606
1163495276
635327839
2422417280
225105585
582671427
4877232592
711370887543529472
989151792
195742892
80200885
128978964
4197625936
4883535952
951681288
195754877
15155803
724303327077502976
2447574735
750462275799035904
978547374
704986703321284608
2210419316
310379722
710498404531630080
746302511095685120
156651046
1915341866
738003923508826112
778106431
34257738
1357793023
1173130836
1155119443
2942625706
805689525678772225
22252395
315262547
416422287
1303573562
797197311201972229
290093767
1479710359
3545111663
2904232168
859927674
329830899
1658698728
64444386
1636528548
717965900062793729
805717589217439744
3009818987
207070244
790670703016239104
2394225674
336861442
939341838
556780444
19643514
2799598061
746826726538383360
1686110437
3295090787
1433806334
4797073893
412157593
3044646874
548641254
970767908
1351717566
1145972966
50286652
2173343885
172675414
707187085657174016
318538251
304598010
1201200074
470364053
265494725
539388826
861521874
2355945550
288221412
1263818557
2463645967
999371760
425865474
502006918
1885987513
1859667852
176921640
945604388
4309935400
2804360437
630961397
51720974
390259533
789699968
961466779
1231366670
317348328
1088677627
1443322674
59506412
3031629415
1726058940
562316355
1415041356
2311967105
3145614550
37296672
2147638752
2413871801
2233177214
136923043
2576567384
2430707253
2305531562
3667535967
1334463464
85258045
2640207038
366180331
243100646
713058194059304960
362391310
771669639705219072
468567070
3115852689
2323593059
418361902
732566732
1278146580
1295641470
285738375
750005202913226752
2313667127
986782213
462401192
812943912
723203630917136384
567392966
888353958
3381622366
940811316
805426697151639552
1435333154
574727541
2497173595
3385105642
344843714
223382695
779306269190553601
3359391815
1114387814
2411949635
88014506
2767368676
2300213626
971590585
789025525322899456
1901331644
439448960
2442750422
637273012
260230310
2392610875
817710350
791983374890070017
340847319
23460272
725769888590090249
769904121436659712
2312718366
717447220530909186
120283895
192165373
3317237277
126883491
495011205
728260979205804035
2281680027
238183373
630961303
394293884
801916664426205185
533593257
487012569
501523214
122363556
156316785
773964344476504064
135167434
851233315
1356882974
225407938
291202396
299824035
2940410703
2198032835
562440912
472004214
1976450136
2694982606
173392709
379834490
2949402237
1437584052
249316723
2714251069
1434133657
3412344964
1492748089
463400590
1097739445
4275767177
4485777502
591826484
744828787137839104
712653089170395140
707652990
1363882460
3023541567
805497960360505344
556658329
836271002
582087196
96350254
611553781
720856202
2988152434
301676560
777789093640040448
2244974332
96189729
803931008227799040
245924561
3319596183
2322998168
747451360715616257
2423424370
2338003979
593582642
368856385
598603007
710525705277325313
295535267
2301754507
121424128
2436608759
986811270
546255957
4121288038
1326332772
805704917197451265
1219272870
2261320772
714325641
2455581933
1851226928
2233285044
426616593
3385890497
550025801
1106363018
2322216944
439358950
197056224
377252203
1280967290
63878035
3230927109
402740534
468893263
141326259
585999327
743437317130575874
732098609336991744
776255018181722112
755322696301481984
953895188
3119071163
2553584834
1166877775
2906705362
1341717607
4901828439
376883984
1206110173
1260162366
1282465680
3383047606
136232116
801181588365209601
418226638
4839936285
1144953769
485546674
2366791501
1948986380
2959917485
399043688
1128044090
432829154
410764821
2361146452
429226101
768575901516828672
788879371
422844048
593237139
1519853935
68695059
428897370
2710243811
3228211917
1539421987
2768367785
66378035
2392820977
20430345
4873507006
229142623
152037698
804037361407578116
493455308
761997788662169605
4909543941
2361121173
427266614
783031450266468353
4330314027
29452509
3160030421
439131272
72423039
418662548
2675322447
851456364
1315995308
458458943
2354953242
512370496
4079805563
6245442
2495549258
634720492
3471387317
465771339
2297725321
869332554
114157032
3107458432
1482927091
198282057
793572620
1395347809
762068647766532096
455500859
453279579
1367973715
491969040
449736439
2239697994
735788453737041921
3246166239
1198279076
1117576526
804368763781021696
192244668
567052799
485877476
2907756975
723538940502913024
303347593
2378868702
908088338
2173132780
701505930198958080
778878957089333252
10438412
470440954
538354982
431904458
368271151
754220905413378048
4590616163
26372427
81648032
580829299
3310852186
746943549661450240
1165684578
2409152520
708916797580419072
217784655
439208118
922711819
805704816647344128
2892298719
2380568686
3657151161
1632879812
2277583123
985284978
1079226488
1937328956
1055582876
175344168
2880833578
2240897310
760763901889871872
83933813
701762343827537920
4165031189
2373624002
2971919439
618961022
274014643
104540988
311951978
227078040
789786960470614017
2322849823
215735286
3977573897
3610537156
709573328
448056250
1299375126
2910439048
432832773
470935070
785376573604102144
140606748
1357782474
632940364
409427594
997143709
267224001
15197537
2416219590
1354437403
258330117
262100774
2415498244
1562485622
430437851
371263878
796033040443129860
578467058
1376818658
398299994
888204092
230453692
413215193
895943784
1456715186
1140071011
142229682
2176387748
982667311
38638858
2482305961
831827472
1006685844
778276896215891973
438476133
253717329
1238996869
586411382
566361704
1208620304
487921167
2996792386
797136508293627904
746191665065385986
1884023996
3328932137
3399848795
3007710135
805121880583766017
2957360231
3325251946
2835240843
2724148806
3248346514
1067801792
1857517531
2299526755
69212533
781798958440079360
2305043174
776300610740219904
545978235
225920702
535729333
3070646573
91960359
412424802
1360162670
746785459
2525016102
803536150371696640
1145355552
557803659
1091835762
50338513
466456399
4871567830
978106428
4909156781
1041823142
1385085271
3091346249
3385563579
293109507
519731238
2748801657
35702935
3373673675
349545540
964950798
1283829570
2807167028
2708607896
2892020627
1642335008
989645683
744961229853167616
784372637497688064
4429400908
821921425
436124417
993576199
795950031916376065
3531524723
1372167474
786553690039681024
1299951859
1171065324
3375604709
2494551224
224699717
185999770
2951349335
353640576
493335702
4105925825
1049970506
2706574363
2340552066
517367400
200111887
635446554
4329077177
94103025
490472621
4054402138
800464320484098048
585588201
118028997
133949650
522329852
726021120701378560
531200826
510796801
3025669096
3063242561
720592519
278467584
2245999991
2220186288
2354818038
783613594810351616
694638444807610368
156939096
606223611
2352059977
1008884305
111063679
3408525531
4817576595
270594643
765400964
3750796637
522595824
759487561
706067859550695426
280401262
357464260
533510595
534146296
2716757798
702952578
472869908
1269812862
4098447160
38739769
710950204229476354
2324049793
2735436460
490229337
301399914
1179770209
3041706941
274152077
773204075303276545
2246935354
730111740
722919613
606096596
943158858
786276460080209920
226134529
85171931
769622179835154432
615526160
733363232581255168
532733052
795278357420240896
4046262857
1164794377
918959929
446929805
240354973
432397706
410738333
3006375111
505705375
7697992
1164281046
2359330276
400076822
1039846340
2891197923
503353225
15191260
2558870687
2962387389
2158689967
3043696354
147275134
531821962
1190283926
2307925110
236829486
1062563778
165968066
1042134122
392964925
269855245
444606700
12660582
327525703
3298832756
387520884
335970126
4868655040
823416241
3758739195
802121029766234112
716259184
700785096853495808
731928017564512256
1597917860
1311638582
987148741
594495236
131272764
380392437
304865987
592647058
744130567621517312
475827565
786481498660626432
555192641
2401743697
3404259215
735190123076288513
2545781307
4887546159
821879334
3030709558
2356057472
2267288613
784105196070854657
4106023397
1099302026
122744687
4151740097
2902748278
1644683106
743782951285043200
1539042794
195374632
337649843
321463844
500654851
105509137
1009617660
3033189805
4187567045
396564186
957962750
310195119
4122678207
957540841
121177103
748446257924947970
446942856
493854798
2976167669
482112828
2544005815
2964328161
488356774
33891215
1220767266
430539830
547510198
1467807296
3717753735
2482400314
520761690
39829984
940908529
398290240
787182731453140992
986828390
1222699580
486093428
2983119910
1348851210
1872814807
430906902
2470879507
729328485701947393
130181213
26492009
700939605521145856
856974438
430967902
209547335
476761508
720935684010336257
931821571
3077812983
2993765523
130507715
149097320
4830695975
527778059
2380461960
1199673588
487403092
2827063011
763884228
608063632
407891527
807361466
3081713651
275635768
589053788
206831627
148032190
3144292696
3094312457
238909327
442005205
14897043
2342272249
440737015
385994748
783020674952626176
151390694
440949548
588607464
2486841155
1001479656
361097511
75883181
475197913
1192856120
2810439424
1179385580
263139292
2568980217
3064476580
704584631631409152
343458847
773517618187730944
391693281
420194671
268910347
367139151
610976694
473355517
453813069
461180122
508768772
745212254111469568
379030092
701731753
50574247
204701915
83830961
463347621
274214893
803916997058760704
535447658
2812961
104947644
805560292616847361
455843920
592154280
797804155704373248
1385272040
173943002
296475664
790567158489153536
754009621724012544
1116345037
424084271
447235932
22407223
57069599
490213783
464156077
475887245
764140480775020544
533122115
2831480482
2431061097
317117163
76616277
416469167
3093330052
803770735957344262
375024079
1035238824
564217156
1021660854
2444401000
500110521
204820142
99748135
1350188071
1012818918
878503224
735025433700360193
732218122846011392
57249412
741592495155478528
982515475
2396546196
275139379
557827565
771364683609702400
523683527
4633772304
2255408790
22887971
1430162268
1277743430
59746019
353894758
1007379228
631827717
1272629420
528584272
2902464045
805678043092185088
2767354107
125171112
738878628998582272
968479380
3254165183
2241594340
71101905
724805793594363905
4015312877
801422494708236288
1918130443
29695669
2537410802
2811089575
944721086
50809837
458671915
803299268136173574
2822583095
89212874
1277404100
1250020285
2541739757
596739356
568446041
3002376390
1071185384
425193883
393352465
999889903
790948562
408370356
3044947366
2807410572
455859309
796274996255592449
3165299303
322920844
4851133229
1469353392
278503681
3230048619
2345206182
2480246000
923266004
2190313025
96523135
3027566599
1366431756
480453928
19210707
2997523247
189110064
37077204
793101117844520968
1080507391
3000722393
1490741580
746053497750228993
1472290938
4743531021
266066911
121106879
1059127664
2178104040
1197796561
590230314
416439103
1096235264
1586905838
406934764
433697535
2778061603
2357134366
47875351
1142378659
3697237636
2238798353
1736726556
2320478792
805714747064782848
1440871855
771464957124804608
3183027280
85812206
4468274056
1490192347
777814211636461568
774226010011295745
709874646305402881
540703786
805479115310723072
2317777112
713449513088888833
3696334103
4864791995
698805851751108609
110992490
796001849295966209
2154151569
43138213
1449199578
301529365
2589915440
1556452244
2749566881
3026965575
499134939
99736212
1357909922
317975293
1241451222
904333099
2557453016
70951142
1652598498
418874919
821776178
227615641
745995221348003840
858748634
195149491
407202586
3016841057
1065279234
1497687198
785989636938235904
744869633912606720
441973402
400599578
802199098984120320
707252292408512512
281435013
2364479547
2999973344
82072785
2479372688
83793343
3014477295
2436934572
50579220
400622438
244601988
129978050
412409340
420548533
113323470
1254184530
1454502163
281966090
2582843789
797131449321345024
2376747126
872579222
187873156
476382885
1060028629
2341872502
2854387281
191204810
314485218
803859098127257601
503388013
1857194689
217166151
893367824
54531191
2320446328
2621137109
2521114569
443752341
592148376
434242329
789513059979104256
1220951875
1491065850
111728066
1665968257
469176737
803590719432695808
1148898289
797123652487696384
799279874057891840
4702133172
1171486081
701296182
2385607692
278425671
427766337
826878486
1450171
746314809503809536
4063913308
2761811845
1162917516
97486124
3383580753
84874030
3410081393
3074176598
2221331701
2321469412
315428267
2891116426
997853018
2296638619
1864429872
44892328
3288432659
3599372182
3058545379
49355881
766731574616424448
229082336
400798557
1316630180
169584409
502000933
751772149606744068
957099499
499813451
55204495
1241733120
326370210
4373742383
321233623
3297423564
776513891060813825
400048079
958633201
2301561164
392008215
2230108075
724517000060518400
3134724957
1381291388
3417233499
709427870419062784
318371203
498846820
289839081
1922980620
714555676417265664
3095405121
800327294
574343995
264332440
2915881749
415930351
374678484
95630884
171941344
2797546156
781930651528392704
232908749
466348695
615539623
4773242133
425885590
103571895
4284959421
50588947
722086969094905864
783223122
767795023970697216
4054551945
614407423
455855824
795590799736078336
199264427
2938198527
705029912265097218
494980825
55549791
41800657
1004239573
498085187
1667966527
735230765353598977
2327680994
154844900
798181337433829376
3341940117
2820568367
655073
580825596
1598253523
785481697462718465
810928926
720632573639192577
484947954
987564762
1657867358
276103905
751148634398490624
2420911521
109970315
261542509
920798731
199216783
735022891583016960
109504226
800088627120214016
713852625867960320
2192421606
436629007
351703720
1273496268
430948614
2492813555
558591392
420271389
847114458
1222000628
804979919788933120
296732220
2787077909
337727921
2547561248
1384769748
330247256
2316274661
22988685
447859051
1972410698
475965087
3059382495
3085555202
775632857993797633
802561370445217792
629583176
726031112632471552
4092958605
1062682290
1690928773
1049008081
393525107
49271778
203864243
398928323
2465000210
787620843320905728
901555177
2495303823
2759766535
244058845
621138897
391721080
337155946
3437538514
472813329
3105299290
798109389928431616
1322580582
3093445126
1694886410
122695396
739547121095966720
352242111
947879034
118316666
788434519514832896
2851580481
2385752304
1217871432
460201816
1117558933
3293894566
1580376102
1151876744
53200070
392117332
31255401
4817816537
1458889328
2613133313
2958702779
2616680851
518949245
1451116615
2361394675
732465793863024640
2523901625
212145625
765195398587805696
4892218558
25676606
1101913508
1609040186
526606808
2601961486
748995130548424704
318414872
2754731478
3223861275
598279585
481952930
100298925
719855009928716288
324818479
1308221184
444931260
460196865
299638613
