4472578401
533329366
3236208180
1273224013
788451050458083328
742950892786290688
805856142337445888
2768557727
4376544262
588180335
378246517
788124436406923264
1200815466
2511415512
13382082
1142469860
16986506
925807837
777089880417501184
1474213489
726505336996302848
1426493510
3185042662
757989565600858112
446079805
437573164
1911169982
2510540902
233959380
2735171102
703360096944988160
422340734
1032639654
2541132644
101028336
1269842413
342594630
511735099
452858854
703956848836222977
490364129
1405465094
369400792
39788776
800534858
728695134
370172207
51733848
2872007299
613350364
444090574
1593768152
179966511
805875630994837506
4824031401
788748356185120768
777543896519892992
3356485570
386576472
788617257404497924
3360432215
831364490
406153137
1531677930
211882930
868298592
702989036391112704
2814599326
3079657612
338003489
1573078681
145815793
2335271666
1871000750
2282687898
2753616771
2817092706
784854175
701480889084207105
805551327208148994
1086662395
419589451
593910587
893203832
497021694
1322447304
2886824073
726583206
520617010
2393222217
7184902
90302266
2514594951
925782877
2276659249
1082575249
529480892
443187387
774013810617319424
81167940
3398394214
1039048494
133373778
434272476
1145588754
1371577741
584529887
781366033231802368
943426963
4212951118
2744358657
12612202
3426670696
318927329
1282936026
3076660063
2735301707
1890525444
2591546700
590037686
1128223242
802990670159970304
424102462
1596483368
978137395
1260582402
784731836043956224
387330438
76987068
2182009663
941193336
1636014708
101031118
949920186
203827028
1040920220
114057984
2303644001
2525924002
2585597700
1294913706
303354406
777522958659100673
2845307079
441971587
600638391
581808446
1421358978
2201962850
473848168
133480321
11055732
1071686498
2227116203
2333203880
1623140270
2690461578
1238622974
3144005519
1487030509
744598818365255681
3073086526
784408093199392768
70054648
995797856
435962018
463969453
184425554
1374076440
475134082
1708213249
932591684
4866717149
3101406220
788049329403506688
773214636715995136
3387206505
411480461
2194307234
3188172256
243819751
3063043545
130233164
87964051
44365850
522446445
1444286834
1068754034
2274898827
1093276411
1653832284
602903174
565613864
776553725603307524
799370718324621312
1012822723
418169040
407860171
4829678764
339918824
3038910641
762983877849800704
2656955561
2497838698
4218351261
3290984981
433536879
2246377665
2318573988
1363855172
770268919055671296
486617604
570329331
514552306
564948559
374994058
58244717
83386342
396426637
3239016405
773869687465803776
1158208939
750292500364009472
2180128512
3834311536
4657932088
1951780466
132810751
1247326638
4038647320
184489591
1006198212
793534426990911488
797840909626998788
827030329
85362011
1133516726
3304520524
1122157453
2468306143
3300878565
3010362874
716357499939586048
766983575707144192
89253972
2952724245
481170386
4645739417
480670025
3188122815
2472017715
154896410
602069331
767783947220713472
598184647
531181741
2414713077
1243604144
3731438296
4450843419
833545501
716857591738015744
1065118284
3169131753
89511181
128179643
2459950812
793787252040142848
447005422
499227001
1150606010
747092955966627840
625923
3063738106
3347613405
796297006926925824
2884205577
1364231341
541596083
14073125
572125780
804512863
2885796447
495466998
241081077
503288686
1386751423
253550542
989340356
385571810
1425553855
708429391
1171490287
2192778853
524545909
1106530849
1857148146
3079246066
319063113
521442128
2651274657
16127199
1257641191
742705128533299200
445567589
1558834609
3719207249
792646000074715137
801457403808088064
1318996693
2319424591
727103416682553344
1100783203
754082430055833600
1475502421
261741456
61046134
459584150
1389693396
1667419908
3356670165
3033519897
2182403667
255047902
2301664084
1180406000
478601909
85657467
3007418795
294314591
800246184
708581628201844736
1275597386
2651374166
4864217043
2774751706
2332571271
2169931168
759129447022862340
2739768281
2518805059
1244609569
1411184052
225168723
3906735870
2199795114
1360362446
777777871
721366193
51465605
793115977634484225
712933454577549313
2784502136
754368761185046528
739462988365697024
2892694835
408050299
369749865
2543019165
369728921
305481008
4833637485
521355230
721386970493108224
719103580247076864
744453072601161728
729563331783208961
3243222784
782138334
1331672088
805814550079668228
4905992363
800750620818800640
1093512139
510393002
565619932
2447213385
3198037594
478620288
2209032833
972414750
3145034733
4927258641
3361173604
788047861342691328
731252371226042369
258861907
559513996
416525926
845920736
792782161065680896
437840031
752081166384136192
805865844198821889
3231673353
1139422028
796246539668692993
714117426057777153
1240806810
3082906144
1596835039
599129644
573977989
3001624527
508816846
1696504896
805882663731077120
988879908
2464335277
801731765765308416
354003815
2289164481
371160962
353031276
2973508025
768476862905479168
3410104307
356159314
804413937907208192
991727834
953887928
3340616146
305812698
175127426
1615176902
2250661044
2940240305
218564804
438849246
581858737
390978339
3222700497
4358642595
1165412916
2385918867
789028242221109248
2851165852
2195968707
59200159
233287464
397997207
3036352179
167446961
2171153391
2848115296
273611729
776453763624214528
1168797480
2546064788
774200668550758400
735366894857916416
437807413
44948272
1025169505
630459182
2675356905
397488853
559901924
390337126
2560295545
742397759991480320
126315515
2791075913
2174295987
41334221
756751959386906625
136294036
129973470
15491749
134206590
515350705
548221028
570873859
618465622
396873985
1229121186
1018100335
2351401893
31429348
122030995
807621325
1001879178
1886319823
379327370
37460935
2366187324
1002265298
804758910397743105
3228177251
497257174
528699157
2343281118
1333369999
494350445
702690830
1341462944
3406987503
206804813
492420338
31107308
1487123558
1347748350
173967262
537662962
525584324
524809983
805042719252942848
16501369
2585137203
268292521
598691163
1719811099
1215471452
4186490207
2375774460
869531054
503452485
311539656
121778278
2885630548
2368565725
416300209
1394277882
771317289706749952
3052641775
33871360
1070987708
1876822200
2948155437
74966378
279557700
1723092912
2591060556
753675279420235776
1057907772
3228121683
1475611711
442225392
112810232
500691106
2343512623
905788567
426094795
452985926
1911991346
1180597874
589312435
3012543173
435210132
2978007322
3073409573
3843148408
794287344715235328
306412249
805536748306628608
987640627
1191081025
425968213
146990130
27326931
418508915
2166627741
147622871
420366735
325588415
36020729
425387616
497068404
4738687402
727758699587092480
610117076
2186975672
1048883828
274455749
2363961235
4414946656
805874221876412416
143415269
3008763837
486881973
108408660
836504312
4148271653
522667905
552411252
1519870862
3428693765
328715454
438669292
1251971718
461493236
777547178516553729
1019814889
291617943
372859866
3409053184
3034643483
2875114239
2971568187
763388821677469696
2334451799
2386835695
65014859
2215399657
753856766639824896
98921343
528515428
42735462
3380511171
2400285224
2757467279
841735190
4754870661
396417613
430230572
427209531
341001184
337095643
1275308629
58868395
4928491697
1262134226
2485596211
2736523546
3302069128
732317340092780545
66363389
805796955767107584
405646675
515666862
3448617916
864312458
87648838
2889946193
246840871
429848799
1175057562
476264118
373419503
1386793261
859694112
94529815
543495055
397122109
730811617
2350760913
2288254558
271407710
120879351
2899253805
3466428077
1221995204
792796905558446081
900066948
399609372
407062660
417461282
2312728101
434752212
378265547
949878890
2322781029
797016847229091840
1015149367
6322582
315895880
2969726416
852675379
443068722
22659500
787902572
773563444750589957
501043782
51674259
636955791
1505560448
2369467775
68963860
110457196
3238508633
2280807893
1390413402
536941243
1068405199
1282855974
765113425882218497
1725457507
1402978436
442787991
3001145196
459073997
1291656504
444063000
785027790961778688
382034832
4869095007
532222780
123712076
761787475
1890326197
742094210447335424
919333159
3165917453
3068039679
540698983
2194877690
1064422592
2403408967
3246716987
386729684
135861040
170044601
39724785
9055772
701388779114930177
2990246674
3064824634
1019142710
457542725
390775547
883065655
452970006
1360369249
784340188679974913
240262614
467573735
254242037
577289341
58453980
2339922708
356050856
1930695714
2712196248
1365378122
2990194047
2346647000
2196018501
180377840
420543944
264356690
64644350
740204367400337408
2401418695
13815432
2364393968
3019629387
2540030877
423327600
2530226425
750709153170161664
477202343
726543135136964608
504661653
448364257
735185380924874752
1461667334
3334600017
448343412
1548872300
2342306520
393264051
1861180525
4251258976
805855379485691904
51167606
465830605
2427155309
456928505
421155334
1853857640
696473558990614528
719094683213946880
452151464
85060556
937781161
1474855951
34718178
446229315
493568309
473209868
4192391296
3227318753
3024022989
2780597242
167139890
2956811146
527221660
983222238
479865593
477757835
1109639072
407364835
725882047
3474585855
525479700
2352321186
1090143086
3893394741
718527884055474176
747862737833857024
770866242194399232
4078539741
247209095
223951506
132175075
1077736116
722862976856928256
846098538
1366663460
445705786
403997300
61703985
799044681480933376
569206780
277931662
464881732
3035743577
43335211
440663402
4782734060
513253779
428910342
226627338
391661534
502816187
268905980
471428838
799219281451958272
469396491
568550981
4925341691
801700087525216256
337344038
15108909
483856566
247722432
2880844661
712772554973396992
418639778
2422131402
390712724
3068966572
700448999610970112
455266241
421347689
1002084986
3424436500
719226699003609090
3225202246
1898223246
403066516
1195176624
800110649212665856
1037692622
1680697170
206202531
2544433278
596702756
2465746842
276665800
2180958723
3133358394
552764717
470450722
2197620432
722437734
392933135
2766253847
2984790724
1891604736
398254651
2891077925
2173027221
420624994
794234183128322049
23288693
4920828160
555195323
711433591083941888
2436604883
965139624
52332450
2737293437
2685569658
4221091641
2465437060
3228712372
3085895092
3347525428
142807042
420419717
613766004
784398647471595520
1039675664
3434631431
68361266
2431760298
3306397287
772559732196438016
558032072
60143566
443248991
131873545
1852186380
2274450562
3305976862
431042658
123983186
2367112236
3305939879
1060130900
94594903
4853498398
434062606
1395436003
818183167
2895608547
99645256
32402183
2191221171
785552040244154368
136335723
477897185
751149104236027904
36626879
133030062
709634135288111105
572409634
804961884
209007993
415118084
2532999106
1927559616
2853718191
461019019
227632733
2184944111
792097117162639360
3064354900
3067642931
2985256906
598558484
558595943
91067402
3059131623
56330660
351573915
600962933
4204167976
378282999
805853807099936768
1335464852
118978778
1267780669
1267779690
2440573178
202220813
705550688
68944792
1119822385
4860992891
2675073532
446929182
4784066715
752940728691621888
2448563317
2334105918
287662689
477543705
987513386
2479381757
1200249895
815758254
2165345631
2435080910
1251517214
3125803247
1160278561
474124874
4315782987
2872332023
803300175955558400
1040606185
2364041090
72163448
3336546496
1894932806
546958874
55007872
1975677404
587948551
533692413
613491836
1848211086
2282363144
328020740
403656460
143178638
387694120
1431247669
15166671
123298770
1668127376
382133673
795757734
802782433
799987025055256576
587521626
3167399103
3355297455
198234611
1899972746
414978233
477977300
4924743345
353869428
1594040222
752957312072093696
2246257107
600836847
81075901
774695827201818629
345374298
982401096
2350818704
4860111165
2591668977
1540659902
3399075250
1314367554
763479233146580993
2282636046
1355407830
1622970242
524828130
403799808
1968968935
3364660727
791583592799404032
559869101
4426518575
476812303
417947467
74735060
1366555484
1534486934
122497273
1275799418
107729277
1639987099
4851430133
2260660337
560715196
2260822969
470889853
1366648526
3859630461
784318068889559040
1038060108
4621068317
3007150403
386154304
2418921020
964333646
113358672
3154570593
2233203519
41068452
460496157
362311743
2341476004
778173491921248256
627131845
4243700865
2836615967
785934232698904576
403405684
460648513
4362010276
222157419
2756333990
3024921597
4461464967
583894749
4655248997
455167030
3334729282
711666982299570178
732098776312250370
872497166
375888827
410649275
2498399355
1586227562
2895077031
2187516904
703974865859117056
1218826147
3253240709
1334666292
319578825
60624922
186390637
3384511240
69340006
392189501
146065455
3881850688
1911007232
1227624775
281884852
398819061
970274028
1331514499
827801822
4622622557
1249365224
2358729917
238288111
280580787
398595735
456894487
577226307
386687136
2562814182
1444734901
580082154
2792472296
257665435
2897706765
1168703221
2345320392
756987907852890112
3405779049
595781998
3138188655
182499021
953435533
788458787032170496
32363073
104493225
725370452210794497
1389335053
736596690
755313289
1124490590
2397844595
432637066
586620795
2207339461
2565953471
595878183
783913786382118912
3035015758
107517248
3324608649
2726498655
388144170
479810905
745600405
2350347318
839698230
789368501903495168
499783780
4818340347
384552588
805119209588006912
112462239
4054575329
2215619547
743514238493278208
421236822
526735998
97699315
81116943
163189003
471334188
595786440
466789101
397305599
1259513954
1384446301
2909504255
1391491368
3224481191
400752847
1511831448
2376911012
480617106
450753841
419778202
496716258
4275490114
713277977589624832
239328110
27083314
1224876578
489693440
2708071882
2166635091
455434012
1040719004
418023685
27612304
501137418
2977934441
4501094794
833317171
319116894
251278335
47369045
1366334430
416885209
2494488768
337228742
337334877
2993829604
601591672
564904778
1074173322
418327554
421408360
2584971675
722514964095889408
1308988975
1260171894
759380139713163264
2895918321
244936627
383639966
16182995
798986980159692800
96734471
4863618933
412363318
2416492224
3225190005
434135494
483304757
402352368
510676186
404934378
1683545012
1134804595
239996328
362418587
357998864
397972599
801520165250887680
1064141546
470069972
1233945602
2191680460
2728382920
2712331625
439268123
475345967
422652467
479395136
2919241120
738070283819581440
453966391
2609290294
260786308
3166034463
2941915384
1273311685
428272958
805751697960267776
4701923905
47310459
2454877798
724647029234905091
3013216870
471906211
4713725061
448825733
3038785617
278607080
4483360943
740493001248673792
1871381000
3029234086
2865365393
3323471141
409540134
485672360
3305696997
2308197236
800064540385812480
2874974035
511569049
2442105406
450531242
1949833747
4576031421
218231432
184375711
47708105
3588475175
557366826
194275021
2964012705
73971750
71204526
1262412272
3008542859
781557313492705281
3124079014
2944763793
2326629605
418941097
239434137
321968756
135939871
801747385949028354
4664853389
415134614
1002351
999004099
856476714
749384694219800576
933124879
130527772
4063380377
213616021
793610243922071553
434411738
505019583
1947835710
158262409
103905680
802829264
108648019
451365630
804008103222054912
1346676926
752559084881211392
2898075617
165532712
429167216
268906720
342273250
304483611
3223932303
4352975776
2878338268
546610139
93691257
2719760326
225178719
1275239096
542957424
2311558334
1586042605
2454559204
3101946463
356795091
908519516
1215290216
557127139
399617102
547980228
189131385
2205598141
428376870
30304111
355415584
840241477
399903133
467401158
731165050883477513
46879002
3072009003
718536182846648321
779870528
528277961
2656984642
164213527
2438650607
3060193917
2308599589
89412025
711310994
225490204
1013246078
725937762449264641
2896345199
2484857381
2719499155
307026014
541178236
778089012
2256578555
2992689333
307304083
2598772198
482405981
805862649812631552
246804879
454298153
499249929
503538437
2359426044
4697711293
470531271
85590368
1324250802
752179418102165505
532234064
609883387
962462347
1318706930
782583694703853569
2774578942
768575366936100864
1170081618
471995227
3309729695
1216222302
1052689938
3018473477
409332025
312166162
488864885
721937520771129344
258800738
780444923619340288
782577416548020225
401687825
2223286957
788797759965032448
3996421990
1061060934
2933811321
1318108844
194138920
266249609
2528025827
2253757506
495059879
437358087
785150345135677445
546687476
2241274927
816899671
370193812
1860543804
396756630
4076026275
391486485
587344620
2236656979
2395351240
1102070556
2558686037
2481640663
737693
235486421
2803289796
3001456207
763353589347672064
905670343
488895138
396686981
467473645
746539553771651072
586806065
60995609
2920441331
1008426252
2948897212
712685256730669056
1116999974
1055931559
429327262
740031002
53027129
1192578464
813815496
1418786191
2800242858
413217587
2172743300
406580561
4470002068
789558621558439936
432329081
431756712
757173570783043585
780501372416425984
44370691
87179410
3167105703
509298472
419108460
424391490
793015261112696832
596673656
455777345
376303691
743016612048044032
788467491299287041
3261123452
378831710
1471608194
1346055018
805849108929974272
422529041
1171395356
1134217848
2398143679
1372284787
432584137
801808342125514752
220689840
710385175
410972234
738095532166553604
2523568577
231915122
2791795096
715525255972917249
711948130279923714
1949252150
709268747010314240
788784380860829700
96325900
4069173009
615027209
4220172382
2404586361
373277341
2768905294
454191208
768783082736455680
803533550091902977
260185831
3949915942
440129895
58016005
745339531566661632
2753154182
1353602473
125272120
1356673152
2212226706
2919306970
3401227875
126049704
522780512
213991891
147654699
1595498714
783257684971773952
1015440260
1304437381
567159863
2942275894
847963362
3381470813
2178758289
51857387
805826300426457088
6820052
1076597023
2532567086
799562367323480064
972582380
986714714
389500881
978186865
2310322492
465973745
363542054
144557195
461501385
21310060
2435099377
619992702
4844733082
599090564
2521671494
1332270650
91528810
786828737958535168
528609456
449681904
782935177974734849
632332554
411670414
304417243
266855450
118635700
2845689105
790663292150743041
735888541079732225
780431262469218305
1480759831
3305577839
2158651894
2207927540
424383813
1438986181
802487031121244160
537300588
747892541400428544
431862853
768399420367011841
3802234997
575746752
421363907
326226399
984646254
2767355170
1470706141
767040529100079104
634886106
409175847
379240104
2366943176
65316505
452723164
908164304
3169206307
783287015865511937
252566192
2777913711
2183042574
3207511185
4331454017
4703605746
1013151366
781944137952231431
789175269667942400
741338484
2741727190
3005113455
2216369030
3288318563
4845999597
799906643815317504
2786641987
293518432
968433782
3020130143
1369658370
2543538403
2467519995
451482401
3015642023
2445645806
430554250
469267629
2758116250
3056847964
173925687
3433360601
2978592185
209249028
3010691444
593560634
587706164
353575520
1010702017
805176330367172608
1357710228
600280702
726108618051997696
214240583
799992817007345664
222170521
554553427
805858804588023808
495277927
446406820
1565108870
1704854190
968512015
2816903759
347202597
1729169192
773285663961600001
2921447206
4019231493
357374751
805173019706617856
457926975
2344799433
611680497
2548104146
481304796
1374652910
802942235398565889
4408591421
2219545025
171159516
577337366
2425542965
3182903687
602802570
1193780617
3043362960
257709473
29507504
787933918808997888
935056956
4885620221
261745556
1003747159
47590022
742063342584483840
2602365833
3044525876
1000366015
2569703055
790113096
801157617653518336
630918299
310925040
3806452282
805875930388426752
822269940
321252271
1086749148
209228950
309895770
1552489903
2756691348
373528809
56740850
144094119
778134198
44178283
738690837027131393
841814256
3117515938
472989062
751379826024583168
1216416914
805875199707062272
453851050
1317107058
946620907
4063692863
837370934
472893871
3311717032
414926221
1053440604
431084648
491318883
1314087421
371147491
971984220
725073326163501057
7824892
72379041
1052352102
500881322
554347347
556620797
801741532218925056
827716970
713721722613211136
1332185558
2524993797
1868341807
703830078
3016707491
83900772
2723526534
607517520
493991580
428415112
805770135193735169
1026484628
448732675
805872931222024192
443708574
417904492
186027722
742097369160908800
83232175
2375255690
19285928
85161350
129515952
318713537
2157736823
3332720836
797928230997082112
550922171
428360358
1244460240
403711807
768341665862082560
3239998575
1381899780
2973415361
805880406797066242
636355979
393289136
721262971616391169
43074989
429565076
780051591273611264
1178411384
88008523
944659129
423726677
2819754561
1665775525
590833841
1121935962
4220893533
1334865294
2824900016
426903849
2301509868
4895702908
1274373458
1879889592
258562609
805880374798807040
299612403
801507896165093376
782601399993532416
529679724
2958168039
897704491
3589159876
4414214297
296955653
132090376
299858910
1918247922
794724626
82093201
4070800127
262613327
726022286717927424
1410963865
3836479403
1318358461
805852083224268800
256198020
2474193206
740636644735352832
447896469
394837520
796081384695721986
428424005
2779739962
76694254
1127618904
871146553
700062533
1015819494
1490220378
493278355
480803834
2194637036
610702664
231118677
53868926
2904770691
584096772
241289430
2794449916
3043654139
1064067836
87950192
421691549
232559332
169233625
4865005763
2154881111
391241156
317214523
1055346697
112233466
157994523
2730482441
915566532
505611609
898297518
81837035
2442517233
2202091984
3342884483
387043149
605280351
4611169457
711187023
3023571627
1088806153
1366886233
4884557896
532365440
253262674
1870961815
1295101627
1294725276
3233336236
1089979686
2209323881
1524322628
3423738129
2263294183
599516414
47978197
800074358538399746
374516440
799905556832063489
2455541630
805388432713334785
3400107676
45391969
1498521200
495386998
265961838
419772240
774133777412923393
407685967
987578060
10282412
164560443
484982764
704270026669486080
2581933774
1829960281
3103748006
831768450
465471132
2234822984
2170643185
602961831
481355521
47335824
881014213
761237376601563136
706964959654187008
376388605
493464041
1225720460
1876212612
111872156
756811786603663360
138922382
4034391863
599247299
62022464
746638522539466752
478988094
380526746
466850530
352164101
778599415007150080
594548423
3075932493
1002359352
3431896313
3246816695
1004322594
396841926
2227705731
536638082
2753018300
410995682
296499025
1900726448
3152228475
2663677899
2480352662
775304806332243968
2418170407
525712846
712723654111588353
898362882
16824428
2166276905
730389738323099649
2753887168
805564222600019969
281170467
2279320206
756256852359413760
351514115
1254420654
53053554
4160203479
2758210086
272317881
2792119504
440691898
532235560
1926643158
1199579786
2317976829
431603239
471211037
805870261543325698
467389922
109251997
2263808351
419592621
1359299438
1025048880
805786401807667201
1174274426
728807104790794240
2409473389
4528485567
746057083456528384
3310422237
283636579
1056228325
502998687
1052975310
329928735
2504047919
3304582408
137642246
578393872
1061111934
2611334140
804959867085721600
83580262
119921111
2543001328
447231795
907548870
233999812
945407058
805808765257875456
1206011900
811076442
2398543407
3217393599
356754698
513335052
462882815
761151413330255872
1596747122
1063725991
325127006
1219296788
266642198
1339887457
527812707
3115484254
474442199
1016066683
719945822348144640
872443554
405111915
2845526283
426606498
76461353
395605979
2348283413
722130030
2763290893
498234811
709479074029240320
76383375
972612174
1562752760
85136516
268850788
1084370042
1311732848
423519154
2178600592
429279647
2723099309
2426878565
1168596805
4926458867
2397786376
494401392
255666406
4243748615
455378815
1521455803
1635670363
759428777793429505
1045330356
104609732
337977088
367312496
2921143773
301516514
264941030
183992472
558981012
371749840
440775164
18613760
782428984554450944
1148946079
45410367
513144334
712212243757322241
222578228
2353752559
796334964342194178
4408788677
593791954
427200832
1460431345
805875706555146240
263619418
543379040
1477403678
625324811
972804156
4758052456
1180026866
805838348422156288
1593579625
805820811890278400
1015870262
2948848851
561482122
742469305976098817
4877601425
2992828757
2447803388
49756590
242922585
200310833
2460265962
242339687
1518874812
704418409723904001
521337019
1747158031
422468997
3053723635
1242324488
1127560747
512047393
781749446908477440
2902692352
359900851
3491171117
1097756916
585916083
584173480
587614054
770615305
2222178930
3027478686
247863643
2951408861
130270574
434309073
778981281774366720
473109812
2965000805
454283322
944519454
805714384664350722
805849648569139200
2393209665
482940177
365622822
805884109021204481
3430176939
58052287
2588051975
999469686
258755575
1676734230
1216167666
152965422
508680506
1326880621
2520868692
84887445
724630872964665344
96220057
3049334202
544669386
766664451223330816
37409125
2797440824
849459919
1143922956
2459731620
843528308
1409217584
3996258160
712713408806842368
4182142288
796410172646232069
2269417069
2744331992
1145616823
1219888831
928609825
821719770
44160875
52694024
1449897637
583920508
1205970120
2549528592
724648551561728000
2876387074
798743088206319616
264883591
1059984817
453139074
803591105413545984
254969508
544270231
1665027356
2282008813
125941209
3309946937
746774248715345920
512049031
2250913801
1054523772
417101186
99273846
3166400685
355608779
1065387764
376942840
49259395
4258813169
759653411965075456
2520582142
744593227529977856
1274432312
575654596
2341209893
2611778665
790627611663863812
3590525597
320663980
514712257
573600313
790099830
805870849085599744
2361360169
2822217403
3006219351
258694076
974511188
2946586799
2167053595
1254291416
1717274785
1158164456
2865546393
231766882
4601698335
3239328725
858249276
3198028097
416018070
459180066
782494015
307233953
538974085
776841423421308928
4181848462
497426257
4212866417
2628648221
3299732200
118053242
419878274
1080657504
847495968
517453341
2592758547
1037602873
986431795
252332089
335239965
3001197518
559300555
798635240889651200
2209414790
4735890017
2526966019
268744692
799908542354440192
1434038420
314087585
2392904948
1155350713
3384666371
1128723278
4473209477
3077658094
2435959670
972096859
1086897067
566142199
1052150743
620351637
3222791895
768898726895185920
499653980
744167896985767936
1057682683
1040203231
928287380
514440497
1373001379
1399325755
418541142
2609521728
2303466121
757917606707916804
430844411
209645583
1615832094
358717314
131105980
2905617357
2979240557
225105585
467792801
255590800
488623615
2686959970
350469171
840287467
317382077
431517647
804080566949859328
1122358856
1292743813
2976195935
550355511
478077718
780490807480553472
1261773409
470008762
2318032643
3878305648
3039647428
50625691
3701486717
1387126244
1332430760
1447215498
805879348968439809
1379254362
2804233346
413314779
2358348371
2272705066
22900344
2481418881
75789796
766066296618414081
765965028893790209
416422287
594793423
561375612
726121006981599233
427522940
2411144520
1062955644
805858685717217281
3597402316
1593767335
956276568
492610228
1368152558
1912110691
11198782
740428546192080896
722161837383540736
365400170
786547747130183684
705813420973621248
2974297485
877958954
1380113185
1636528548
457442858
304054754
69303695
2407351214
487914737
317951602
564160458
1135392818
306190367
799323094544424960
1627031726
587688477
128311146
915969295
342681065
304598010
545384133
273051700
470364053
40985455
704598502
425699152
3122280521
2366719264
431753835
1910621256
565630731
187483233
990685159
1332412902
3424274885
1263818557
541759113
805536902619267072
2463100707
4517354433
421406745
729704804868599810
3041446144
459908865
562807602
716598542572396544
2394145762
1208394690
782163778817363968
489722273
2829230812
748252291959037952
851471263
58796712
750670310
2360067140
4044502341
224226820
1021836865
341045112
961466779
1812202452
2697659090
1701151104
96327061
2432146794
1910176993
1320668719
2289505911
1231366670
2555751045
723406713924116482
3213490474
1135323564
545284832
2296153657
416398905
4631600495
562316355
448671883
757649527197339648
3038103838
133210283
470257543
548616993
768385300355743744
2163566358
403684823
2328757685
306777099
18864067
2458440060
395548966
3413443713
802247908708024320
418918882
1964557453
783366855952064516
529261734
3368334621
127703143
1030774051
485926036
2358512956
732566732
805860684173086720
534534709
4851423724
848845550
146765988
382238648
480629483
3208643200
451416799
364116957
723203630917136384
1325555809
441623488
2912985663
3048188693
748624843780800513
600136789
454086006
813055092
239328870
342672995
2469878238
151597193
2590515409
855050430
48047949
721768323013308416
1292204629
13727692
801845830483382272
717452216840429569
3987937325
1455785070
3673796295
796004115688161280
2964119115
3980609777
3918760877
470076864
2834785259
143004001
984049369
554284031
490790247
244596457
2956272873
2692227380
2249959502
634301484
558012025
3331059982
442862527
425365839
3616853657
1103152945
495011205
440129638
161450764
1044932990
2167116718
278422359
283107590
888296226
4891532183
394293884
823596008
941928265
2328908534
716911634871160832
791259822301806592
538461403
3012818477
327799914
253762746
54496528
236530231
802921281414975488
499085030
313652711
719784629360816129
727620218
3130622027
743906868075053060
408681712
2987790683
388946039
291951525
1410209468
384914074
3341541105
2183022727
706749882514731008
845313296
3289975816
490602212
1006949785
3377613693
3840758295
2456929573
1583613260
472014480
1849153957
381369966
2532491303
1873095224
2310543444
82925896
2942209786
83071101
124543826
1016215621
3394261233
348580382
2360848925
2466589783
788455689421197312
836271002
2881244285
795352402262114305
4275415887
249862119
77414996
2941129223
805141954329800704
805522849461108737
1443706704
109216039
851318875
1737163674
2751139073
145592403
462427721
1877054737
2195380902
3124283242
20300000
22075599
508088713
782862294338469888
8017142
131926981
324332181
592489826
805875189443530752
1097963750
1395104083
2436608759
986811270
2180545696
782643007
712948986223730689
716653596654313474
236565724
110218135
1929877436
1312010358
4866822466
2223036664
608125539
2954907201
4076054254
29723197
56405358
220996437
2590072486
1890784644
2331861340
419107727
2481656687
22743702
405426716
759460766273695744
317661217
2871007953
215278944
3646464681
872432977
2183696980
417070549
989321461
482969926
190896259
541147498
2316947536
4860906586
259939028
1101847890
2759396308
428588499
2238203192
704996147
4403955207
776255018181722112
785467653175513089
3041408584
2416229854
3152337561
178029740
1166877775
849619442
127435541
4353818968
733330743800258560
2583026273
612113541
123374600
1908575102
242318672
79781325
805682417755443200
1260162366
2650582614
735175269695115266
387198659
4155844545
1176193080
163899788
83935614
2197080899
485546674
786778001790959616
726150285870157824
3244021258
737302538542845952
595411616
32758692
768575901516828672
367605848
1155222637
728897876072534016
616372545
436074649
108869321
417920790
2328881514
431804232
3392585361
711250614995558400
235308086
2946540694
97962621
448631884
170691830
2812859778
986382066
130072716
1039964510
3422769471
2497628532
711543357898674177
784991612
428450570
433473950
380209326
938810556
741571693051826176
2755345600
805847808007897089
1315995308
851456364
389473754
745025263679963137
4190295975
800282029254246400
2217674274
359993281
2243798055
1115415468
3586257136
2239737678
373287402
746830680257077248
237816428
798803459201855489
1338878742
730500778637594625
350735540
2276394841
2994392625
3402774227
1067773668
1477219380
794349664267018240
955249244
439060498
503508983
142393098
219406236
4185673192
2390747907
2239697994
3327004810
562816605
1086201870
2281936099
2432954326
1430789676
2447961335
405659403
1117576526
1296222936
475642592
46120689
4354044861
2907756975
723538940502913024
52019004
2221083463
379241145
304413441
303347593
736680442624086017
452382482
338026601
43322330
133692338
1454614525
3234201647
3313832169
14394318
1219848883
766644219930873860
3021221585
417204485
1289667200
478995914
431904458
2375216695
595426729
937279710
2425442529
1056221840
3353758954
1265306502
494429032
398901089
734043903070994433
406636399
3291919205
716119452304154625
2617470937
209583572
241092944
875696023
805743265454706688
295742279
98633285
1464772885
725983920
124012324
431646228
1702932332
1142989243
4577632036
3357308483
315096338
253018480
389131517
864457176
805762492802723841
703695640782618624
244688082
998952552
1266792668
3404776456
2433378680
770630183837655040
2316301654
2971919439
371258463
802512718905409536
618961022
57311970
274014643
360868017
453287155
451610877
560305227
770822827222110208
1299375126
258237482
2348529975
1660746445
576472472
2155767706
403407114
1209547698
24871028
295232530
55049219
456674882
805861733520863232
3213236578
2280764604
96324701
780768805513342976
245960120
162780582
262100774
801870151549419520
430437851
2940866446
438176540
712430129763512325
618985031
144040138
3866842575
250285557
791741544831315968
2347290581
756546140644974596
222411571
4353449848
174643719
1189770253
2482305961
2452415854
2731905976
438476133
479764945
487921167
948616670
2858759915
36493382
104135821
405192597
861252402
875644892
101180862
224594895
556650372
476835728
180004814
381373938
2348203520
723600471445897216
2997783909
13294452
2164822594
3327831430
703012262
535729333
1475357329
908126539
784280066
2174535898
412424802
1360162670
4188671596
1145355552
436870309
349554491
462233476
1062995012
897918854
405004713
3023835220
736299738241306624
72549997
229502990
1449933242
448402028
926061175
1127973074
540669424
386689343
4550803281
222224368
3431700219
597370837
744961229853167616
303794824
796343050452795392
572478832
1691513624
629514678
436124417
2285114260
1611260352
224121124
477984092
430130897
390906063
494442505
489421781
465408460
547553319
1545110719
2687036433
406307909
2466205924
489551817
58636171
805856026507362304
805857262568935425
2167242758
811657290
4249591816
4340888903
416234718
426702527
445476842
1357199719
26982622
176712900
473838165
2184911833
1280346662
545888247
422708925
2516146196
482114630
53302071
221707969
602982217
573986602
491225607
3136897853
1035334644
1050589128
1036763983
768698124793745409
1226056380
483809978
347442566
2871347159
2441575992
250085208
1048144170
2305058365
441715117
3094278383
3408525531
3195753809
452226860
22804777
1065081188
356058863
2562622972
445332184
1220811823
2580881463
2872552455
2695893059
354370350
575543901
729775229598351361
2389396971
321881471
840555816
547050389
2152426860
515635680
1378845468
328473338
387762782
474231235
781405127366303744
4098447160
40708908
1323536942
1276951700
749248856
18577800
2324049793
2427964266
613746177
698226027756126210
796774926166491136
763943146531139585
405644134
1082984088
2155585841
3338622107
163147626
804058015
293110572
1016013998
747885089812525056
1949663004
421828997
790228543557005312
318656163
325165914
917157296
756921009882759168
1723175678
306173200
130794661
1152242833
2315591179
2512419964
723754024797872128
598242321
788744386553208832
622237378
4404458955
187874363
1037579658
1937236256
2572210756
2231676521
1894241174
1249472208
2891197923
704431464524423168
1222677294
2480341394
2767302037
3159646263
494239795
90760446
593454893
762186331011375104
953404832
805878452947709952
796833371066351616
721303651575341057
3052918302
2400465787
499718301
2160920051
521748405
761859584
188686556
737350565957623808
392964925
210787486
770710734573596672
588276310
531321923
136982977
781793383052374017
539917130
2348566523
777833969773645824
846045162
4868655040
1223037354
2745834673
2726112076
2187901177
4353109942
305808737
3037744342
3145265249
72546841
493055875
64139825
472176643
486509124
35186461
731928017564512256
614259382
715574358350163970
564689324
8032202
788813950636986368
1577432971
46928097
2513417675
1286370181
193877941
780581562341466112
443193400
334661979
2380747454
401470201
4142636141
2828396831
337168538
4753452742
2882163783
2892216196
597453726
396151080
780690044730220544
758372531392901120
2786595941
821879334
50661164
2267288613
784105196070854657
184390072
3322620622
451305585
3368018859
3395014151
365664894
1037394888
720515573
1644683106
572654418
1234555272
2148135826
935328864
851698128
195374632
2278599870
321463844
49358807
701732204
801423589484412928
718196234712911872
754738926083010560
521583209
1274899394
4229498536
137939617
799713470782414849
780100421536849920
463649801
3973423342
932849480
2390176060
2570957394
63650287
396535606
2757272345
740277257424523264
843757543
2509117751
702178529
123494040
800971386
410749879
1409815622
130287541
178436339
3221712009
536225770
1027404487
2250563281
534740292
561780967
476224626
3093504958
610814425
236842366
734074574275514368
3344669734
149609445
1384855346
1189817647
1222699580
807581581
377660882
805796013403467776
1534659492
2472634306
731393402
2983119910
142088836
1348851210
1872814807
724633716396580864
2657542286
113380928
3336144413
579318663
1350769627
417094530
2344660859
95873530
805875940442177537
57444664
3825308554
1884220010
2315669589
1367868512
3860196976
608063632
1013216689
540296438
3256271740
786280190129283073
445478574
1015010252
482872015
411657903
1073514842
508645944
347755387
206831627
763784342
2889852755
1672975260
2837876374
454920726
711652640938205184
2192427702
783020674952626176
825307926
151390694
1667190788
1328476232
271879647
3305419432
1409736301
3020267241
3349425333
96580657
397514572
805883283875758081
263139292
394059966
1014870637
4787048363
343458847
3503527823
1264710499
590188450
14703893
771305044394151936
2494397392
2958464458
832767270
2626156881
3182253213
805728238588821504
2766062542
961184737
452112808
390081612
553529776
1563068839
379030092
532578743
1498219698
4915900165
3043540575
708369888679743489
463347621
314164598
803916997058760704
810483710
1260351403
4353366976
2296154927
991498111
534111651
3183670121
122413948
2956619387
1695453240
752800121138581504
343442484
444637053
179941490
485841317
3117151365
2543265306
3912008141
452082534
786836131
402894474
3031279703
4807013549
484665449
1916947843
4833255767
255939314
324936579
1245505458
2458549645
299718468
764140480775020544
579698198
2431061097
29173778
388234689
2938273510
801524815282769920
304010529
803770735957344262
14145846
443832737
3676997313
1446753674
788723015089524736
1551743478
2895666573
1546547437
3365915002
805873042203275264
1101107228
3369341207
333410580
722050091624833024
1558587134
2823596068
1123148515
584528289
467761042
831530906
797138085725278209
2722863047
1401974312
284057788
430995991
3355372709
557827565
717894055405961216
4301109268
537517335
1033180843
531505166
64041947
722053268587855872
2917451476
358298610
1013753576
762707938247057408
896973488
126024866
2380867248
2725178549
805869011946926081
379915814
3213646640
237672328
554550990
3047652054
436642108
3058454202
1248202345
924222074
811764625
972598303
1275965784
1385223960
4641805162
3031672891
802263358674206720
944721086
803299268136173574
3169603576
713555902385795073
313514631
782126365315371008
634601369
317209595
929249360
236395960
418221631
17565436
2393696916
391424539
373574384
434150529
573872757
491678583
444053011
2572632515
3121230182
458347992
702492423562379264
2394684582
3192285299
22289832
1448165712
6827962
1047455850
1004946811
139188966
2252812821
4186572869
2190313025
979023937
722304412740403200
480453928
1915578642
3102288245
3654048027
436101698
2913907102
793101117844520968
286608996
807471169
3567486975
444088552
746053497750228993
500096474
124828785
919964888
186184801
4743531021
805865914512142336
253714436
2895069737
1037995544
254000967
474348821
749353549
2877949007
1054906759
3370553369
3471435689
758304360543707137
526758106
2962475685
1920745218
962989620
919778352
1926446076
1219022928
1402688845
778530030
1085901524
424153335
788463119031013376
804670047117574144
950190842
469233877
54861599
788368573471293445
2238798353
1644541332
805710328625590272
594855576
2256723448
796309484381569024
1644456139
469495566
1872223814
2556552156
3318877703
785193802352955392
442235388
383531511
795323268660101121
1146253243
517389774
544595395
793026146183053312
302765721
737964567737864192
2373907857
555464982
3048846859
426987849
3601606947
416346211
1275988495
498191944
10285092
464781062
383901382
970705082
1006641553
1430875939
747516809323122688
200502085
4186870516
446903999
2749566881
937338294
99736212
2450265194
3281202923
2363390223
738086816226676736
4603127836
3241758183
598697094
487452976
457843889
3199592356
144114581
489312732
34607171
2153829339
114311004
1352568188
428418598
716422928
1277296867
545474882
876541483
1394635735
1065279234
4774077809
790372009
1732490672
2817088916
71597214
528855195
111299323
1074397933
1004205446
2957122799
1235964151
1018268425
720358668739420161
770009519254536192
714382420
2866250985
2780267589
257383300
2614724955
4887827675
258153630
796311583077044225
4354012102
33226107
1063187516
4830782164
533354824
258382452
592127497
712574295336050688
1405789050
2226219453
460992881
805848878381731840
2960217431
231073683
966699302
2396672482
2429092036
61081513
1064168858
487674751
22130055
916326246
18415587
201789369
459201110
3327805900
1036983026
4860909838
1080340506
122016493
1068164431
440237281
439073471
2885498531
2951279819
2749896161
1130420497
2574452613
585397603
1665968257
313517712
3430718068
514592290
478647183
2207784991
3076855880
707560389358305280
4880423020
764071712950550528
4702133172
2853761597
1564993735
1101963793
425254477
203570539
3171167135
1890293305
3431316856
112741355
84130259
342658873
448374270
1162917516
89070452
466780465
2362415546
43503218
1325259006
2986523391
444116937
3076910169
315428267
209733883
65791929
558051435
727770559107485696
3030465038
774957933285244928
427201823
2984894152
478025833
3430185532
264463684
29220492
1283034565
764414759261315072
2203253941
3074122662
238604711
2152870890
3521388197
766731574616424448
336587735
988579303
317769975
1316630180
840337094
1190659814
2574266145
345579983
435173619
1933284714
2367834092
780422259802533889
216686073
717445456050188289
15342585
912833226
475836408
2728896824
484047462
2246289873
479614754
538899105
737918135584620545
2207932479
616442617
805857083178553344
462938464
1412500075
2741753878
329600452
2980684566
1250016204
2721584009
183638480
58300699
587677613
1657344816
2283534272
1201274174
110512600
159885894
51508401
482197018
1064222863
4861025711
319527817
4353451101
741985855913512960
805871282784976901
474026222
415930351
799698414006996992
483304367
165411387
500297242
390250086
545821255
410910327
51470278
1251629106
1043102054
206165773
3067322229
208130207
2367128011
950642215
232908749
1886228065
3696089777
3044897558
782463866
1036719990
968459856
29416653
4284959421
1247099534
135441917
575138798
1074413634
899978641
2464828514
781483367434969088
49573971
270070566
404022377
2768929786
603612465
402863215
937463430
705029912265097218
427237029
709467172
759717599328411648
98875589
84331830
472946369
955736970
2190915769
3082109127
1280413848
475264432
922785494
2312389900
724587957995352069
3492743956
544591001
4871884721
1063034107
431649074
1373751762
2822310640
1186407192
516681772
1120206308
2422875421
2204006071
99125540
593966072
1608647216
2966187939
2899612829
524741361
261542509
61751856
2320036413
1557375199
1039035398
1092846918
378489654
4244881703
325145422
378477654
3979912491
60409480
454142762
1222000628
3309670823
749611364
476976196
1353994580
2792078239
760549090291834880
303139807
278210313
2332028285
406880559
109082696
3126022637
2788479895
2862461084
334640323
777664636300718080
252088941
3318552736
2786191966
4235917456
2465000210
3370729102
4543326377
787002672855539712
337155946
2780354471
1267065014
425774798
499571765
1075881949
2561760034
378489692
242367360
1380350532
2172636405
2163227033
2238710393
1398974834
720323265944805376
1699665619
470554249
2372229336
897043482
591144361
2781784450
3270063726
3688803513
254354362
734110428788297728
3014801056
4237807073
943572877
447945408
2523336293
2940755837
744252966501236736
396787275
86209782
1104420319
2527788012
1495475762
2695502666
4791845897
1452474535
2994679426
2167899593
3291933754
434482607
518949245
1058764218
2361394675
96798994
1410586339
1492497582
2614748019
2979813760
1013577343
294535863
479410027
2447717504
758028983208468480
70757011
703510405809872896
25676606
4189424542
298123237
2601961486
563718067
409335640
2282469222
1707148159
409448246
1605328957
525472430
174210451
729670117185998848
2865977735
551732083
