736166324028768256
732564570527674368
214558009
599247299
627550484
3041069908
391335702
742950892786290688
780133788001112066
799248233981759488
1055367092
195689744
2169042164
2597512767
126000118
298462276
732222836153192448
418268844
732350028216422400
437573164
413452932
490640451
65335565
3152228475
497798126
767831797853982721
2418170407
732504700872876032
1630204784
411723377
1179157244
194972957
53306660
574357133
417284653
3350936242
2873782396
763983425569034240
712352177478438912
3140978387
433395124
801449731805347840
341174683
1228034468
3028492330
2869252114
744524292050788352
272317881
2978091879
365375902
421822131
3906213625
14070425
776152342425198596
440691898
2986307781
764525968623071236
2982641339
495090591
417624241
1369768926
467389922
1223079336
788617257404497924
499128183
3200053252
1359299438
485493017
1461493826
1591945410
1082718704
868298592
180317088
4528485567
4136033488
4871917449
3310422237
1307016348
283636579
2817092706
701425649169338368
1106140585
3433378229
3427709602
788472799803367428
1272905017
497021694
1975733520
578393872
3911482575
260464075
732412807170433024
382590107
399135189
527752168
4866039789
2249221297
2364107448
447231795
2192358781
1256727248
732508696249544705
1914960499
1176618985
133461180
4840524647
811076442
2504129001
443187387
712266973070159872
4502381
732828942747488256
1017412344
906647966
3398394214
2962238746
2328166991
36392373
255669937
1117120286
2629123617
2449208155
791374730536386560
2543293925
732532585298067456
2350026720
378521973
3426670696
4069821075
246976552
1588323260
2889749489
200896162
20373953
2334070474
1372078580
2801667790
795374988849270786
1562752760
586869426
738092501853216768
85136516
76345466
564609095
268850788
978137395
1040220258
2178600592
711206425
517986135
144213581
131486385
22018055
2182009663
735107028
329937650
494401392
1396350326
732467769619316736
4186758514
759428777793429505
3260329509
725657324
2303644001
573991398
3795933213
3047373732
704594335317278720
2585597700
282624338
790540888237830144
253531074
767772101503836161
417279241
960087626
1565412319
2244061237
409444860
3130877788
4010873177
411586879
732414937482465281
513144334
736896977749839872
732832019160440832
386474826
509309976
1655311418
449280374
634575700
3797445322
714739556747243520
3458047347
81689292
1341261416
585919562
427584830
972804156
94562956
258286288
277137414
367391294
732413112821784576
1015870262
382562043
325473654
2725137316
4877601425
415081496
1053176233
2427827258
472301391
2523203476
4858527059
892912476
2356846439
1467415374
1518874812
732308016821862401
521337019
203831509
343239720
1004482429
419544191
203717084
1504717525
732562229619494912
376998975
2887152821
1387006716
214418541
775039590784729088
852595651
1492509740
1023906182
436640636
1044907412
602903174
754269659998855168
776553725603307524
2284081610
795232921246400513
2486701467
2729520336
264211609
364138262
762983877849800704
1481960144
1122699595
2183357423
2497838698
500835651
3290984981
3303829486
2427072883
410808584
3313238927
58052287
203070541
254229084
2231561825
83386342
3288980225
2363886035
290585680
3115905790
759383486730043392
591323175
797185526331805696
1171488392
4910534572
772074670208221184
3239016405
2850135335
732829126436982784
2180128512
732414646364348416
732465486944821248
557052658
2936002895
503176063
1908263497
1139871650
28398786
1413583716
1143922956
799300362930974721
3807059417
278156769
2355147860
3996258160
398293985
732308104252145664
4182142288
732571746214236165
4172823213
2479620311
1334169152
464045620
794617750639562753
1219888831
334750846
141875715
3028809503
783023868378279940
364189418
437533038
345488835
3329102776
1244567756
767783947220713472
910790215
798743088206319616
2970117851
481929883
797536939280834560
3871871513
772840526840270848
3230455617
2517301839
2469049688
732380130530758656
1665027356
2282008813
231750043
727938981120323585
4579125253
2998534481
793787252040142848
4702970784
499227001
417101186
70602731
732541504116404224
1065387764
48312239
1168974246
345460028
2588023931
624511807
3289742169
234134162
364452450
313199623
2341209893
451525866
747245468
599807864
2410447644
241081077
765879972464656385
944665938
790099830
3010269323
2386642032
510597929
240618556
3093110545
2361360169
2259459451
2908108096
3341844040
1262576665
233896013
443926629
634832081
385590574
708429391
414373079
1327639712
3046854717
1262874817
1254291416
1717274785
987258930
976455469
388891207
2865546393
28820399
4601698335
1558834609
1707854503
4833429358
354125985
1100783203
244705592
411018458
3121299317
2850884786
705386674096832514
345535835
226995153
3324571887
2400294800
103303397
2174144839
407296758
732470071402995712
2495079298
732419981040865280
2666051378
485762114
732467731585339392
3007418795
798635240889651200
409474239
70969814
2651374166
2914286685
1642789244
2332571271
3336455937
2518805059
787009091373850625
1434038420
2509301951
732230231071805440
2199795114
725059657295912962
1128723278
1667689482
2257121711
337185218
140012862
1179962942
4849224885
3004033149
397153745
369749865
3389194037
1692220926
369728921
305481008
2475551926
406469071
2772740636
2836840346
732546347098738688
2365498822
1880747821
45863022
1456904898
3306426130
307578679
4905992363
497384675
154587914
579438624
1093512139
416165363
2707414594
732574458649694209
2895110417
413908796
984608412
2226318312
2226893086
2979240557
340717082
795271477901791232
716326404707713024
428515597
732469344714641408
732374775474061312
510494062
2315044228
3361637014
732514315765485568
731252371226042369
788859641082089473
1023807246
56819005
80200885
134232431
706097800040357889
1100633432
1917418159
4462664181
1212664380
732416107517091840
1305597956
792329915228127232
523682869
1037942274
2527780688
796246539668692993
2544957299
1382274499
710498404531630080
462764304
3336714819
776082811849695232
2751847457
732373305487851520
2450147531
751725458631327744
1042228705
625161318
731139930362138626
512664948
4874825699
2872452713
1495618316
766066296618414081
329710075
1924664406
985542859
448842961
1303573562
797197311201972229
431901295
2973508025
2301791792
2910674200
106993932
1368152558
418628923
1551339876
2887842544
859927674
3340616146
2808346126
705813420973621248
855369620
732481979992526848
535318339
480295579
438849246
2341083257
731015576013901825
19643514
3958590737
4358642595
732568610074419200
480625889
2408803254
2460047262
632742781
732468170582171648
1037335069
541527026
504894136
533332467
327316481
1215628212
760091608247328768
772163082609102848
2998582120
989780574
3292928026
1045245656
1715312280
545384133
1111297184
3700008443
776453763624214528
731201528414015488
61984934
1168797480
3122280521
3124933529
735366894857916416
565630731
934476271
2462025474
57060570
391034014
2354558477
3254334755
785032312123719681
1056404035
172382368
2328765859
1263818557
2366790998
387078143
215549448
2791075913
459908865
572802695
788822353048432644
1105944535
2190622501
296704078
1012718378
15491749
3106260993
325760306
712749671031169024
2829230812
889444711
748252291959037952
3251588698
750670310
1229121186
521501519
3046386205
3332678698
435085205
322933929
780092964244783105
3213490474
2296153657
729221180985618433
131961780
492319960
3559735215
9584192
2644998883
399585033
1064261450
528699157
955750106
3038103838
784666406508003328
1341462944
2533349664
2483582362
2147638752
2840963657
921591691
582293703
403684823
732375938944634880
1157043744
775798541679603712
2706185665
989486672
893289350
1660263480
395548966
1066673862
2318220141
52482015
4527310402
1348514569
418918882
503452485
309178760
2888908630
2417683973
1873008853
2885630548
428235056
303988517
1409028001
1339566332
1427398915
394780039
732478196650631168
4919837110
952400288
1270403142
2948155437
3879969267
442225392
558038204
392626820
17439787
1911991346
723203630917136384
441623488
2618347693
2174888165
186052553
22009205
1101689227
794287344715235328
838693075
3385105642
13727692
714896919349346304
717452216840429569
952533872
1026144254
800409968021098496
346421096
312772509
3096871079
982166486
1101918108
1925699017
69834006
3008763837
2362402099
340847319
404951630
3331059982
356997587
836504312
1077627415
3436942246
1062935281
126883491
779976176416722944
727548236710481920
240401072
702614277472034818
939337284
777547178516553729
870289915
522457817
1328396414
2984732475
530990399
716591970106417152
195455137
716911634871160832
522329714
3199220876
2971568187
763388821677469696
732543242168864768
271468279
765416956921057280
4555750349
199413728
134554873
1111225376
790171114278445057
2514997128
325739333
2894775544
1595653056
4038857799
3157207294
707643839343939584
157746760
1250044405
1410209468
1712830392
430230572
2279477919
799754734315782144
1028662526
1263909744
400654283
614579877
2347482439
3302069128
799246755414048768
280242927
771197191
490602212
465661057
17647690
1324659536
2456929573
96319859
1341410430
2185435235
792801019625439234
321879271
476051821
1849153957
14210532
796268494589493248
704330777190907905
748240006867730432
2310543444
19392607
715674751
1531171376
750672563794223105
3394261233
3382921643
453398028
836271002
127025568
593523410
4483387102
3604001897
4275415887
4824188417
249862119
96303460
1365056664
732339745855016961
564794492
1041134352
875752152
407062660
3018290121
2322998168
1335942066
3390942778
764133596512870400
757287162115137536
2751139073
1322551362
1315096190
3063366495
197193073
2312169774
131926981
22659500
390985672
637292613
732569584448999424
2436608759
2180545696
2661453455
2494099190
796340446221963264
802293571693019136
1169506849
746970733
4018049902
1068405199
421332919
765113425882218497
972589147
150172108
1402978436
1420443511
627383485
1230361375
560636317
732309850009575425
298248825
732206617341595650
220996437
261264162
4869095007
532222780
715597025404968960
3045043101
1161191406
3334602243
401517487
9476932
3225158405
405426716
68239562
87248746
10350822
2476119007
2218697421
2871007953
1064422592
2885220237
103544109
197056224
3458373497
2295417636
1608331512
829507466
4885903612
728969390163677185
732348495395442690
482969926
248339544
468742060
3064824634
1326609169
2420586324
732513904807448576
2547606005
711299618219364354
4299066556
3092809936
3119071163
2309237552
1239907388
2837707258
378304814
775636532
1927387476
733330743800258560
2346647000
458632561
10939652
300798803
1419854173
1443830137
2650582614
387198659
740204367400337408
731115339145195520
1176193080
783307585206222848
3019629387
767698418869428227
490933406
406584242
485546674
732824663466840064
3340132480
2810679525
317424889
786778001790959616
2932258043
726543135136964608
2560173527
4280485636
401161443
504661653
726150285870157824
402864796
2845018504
3244021258
290513880
714554670375677959
1482693858
398108618
1384962734
4515949217
128631063
48967204
1372461787
2342272314
527852771
892942010
830081490
417920790
3580289243
20430345
711250614995558400
4806536835
475896735
2999932538
4024983855
390753281
2707913025
937781161
3345594861
3015774443
2812859778
97938993
948318834
2608779441
3422769471
3306842937
2956811146
112840433
76596562
380209326
477757835
713492666034561029
429974408
427804855
39273093
732479051525292032
486456375
411581122
1024976264
398611235
1089513403
1203674574
802702284127928322
2416164429
439386203
733371908750708737
1579008720
445705786
63126601
2495549258
1868610571
1034897761
2239737678
4058475545
2365011298
348137712
237816428
3358483828
732378633071955968
164472951
801700087525216256
386722621
270050737
732828603453431808
953265385
3107458432
2315538860
1213547995
15108909
708930840
1001303996
2235047637
2821329929
247722432
970577154
619798896
1298737056
1027114068
455266241
733695386846662657
4737081682
2800443747
392987772
2865271140
3300846436
468780268
77705614
735788453737041921
419951447
382539264
406277596
1919132101
732231709278752769
1037692622
304449851
100991438
1117576526
732568637312114690
1231417717
101272144
3243326117
596702756
785129133009494021
4798473051
67002064
863020105
723538940502913024
3133358394
3366574198
1260487207
781240727380619265
751104484969947136
45147364
348393342
1642833512
277001398
390573861
546646837
4923500123
3313832169
766644219930873860
2470692079
1493039701
610908085
529483712
478995914
108447810
2375216695
2740676513
1899976812
305255857
97636338
2425442529
270877772
2230102908
164604281
420538185
732831753715453952
493303189
161074994
2804109824
4845403365
428083671
421302747
4924175543
1960098824
922711819
893488326
226511693
887290825
757899059399131136
486876996
779077333
3305976862
123983186
1431408690
94594903
789477506646671360
818183167
1040080075
434865626
447863789
19488600
782137993649848320
3080231404
767250170488688640
104540988
51228233
783330667258142721
3202085314
3653292675
415796020
732353567357538304
804961884
451610877
209007993
1620434077
299020216
990990421
732280257064112128
484881943
227632733
2899686898
2155767706
3939037995
761880624
1209547698
41391760
55049219
419543607
367768283
456674882
1117323301
546956225
419907704
1274289852
765468572390944768
1867118582
253164055
418636676
761516705445183488
421839918
430437851
3377153333
617418787
732420654868406272
298532531
431480206
3105108137
479909176
712430129763512325
767420353
2929390888
3866842575
2424988655
955568864
2347290581
38205384
756546140644974596
222411571
1063009350
2751256629
722918044880805888
2832460317
3032272127
1745966046
954041064
2482305961
456907209
999278988
2569177823
1238996869
566361704
1208620304
333923672
483384295
3065958947
731349319920427009
2998176689
2858759915
3879573977
929354702
104135821
411323343
3879187997
402324365
801397532958031872
3297601040
785104448
2482753367
556650372
161740961
802265146164998144
79036955
797018028160466944
748870907456786432
1524796764
42062113
1041804853
574117698
387694120
1601862823
61419304
1217799007
2174535898
1244162966
390876101
732826599851229184
427372566
1022288858
356975403
794218079878266880
1249400552
272077852
831129830
1062995012
405004713
4924743345
529787529
798164626844319747
474746645
744790752
3375673725
3478668807
989841337
1594040222
421433392
2795593730
81604089
3193772039
365105383
50587135
732410852347924481
3164390831
2404494057
997500716
2219448182
391937038
725949864
732305997625233408
1534486934
53234289
791598579307651072
1275799418
331702255
1068928062
1125816168
460042639
367137042
3375604709
132233895
2950824579
58636171
451370524
702775260849033216
784318068889559040
756798814518964224
133231909
474251278
877284637
732386064233603072
404836757
341358459
2233203519
891042680
397853516
4133772051
222157419
2942381427
772030120097935360
1374923707
101752682
3260434911
721084485190688768
24528997
288329762
769478656498466820
796830886494949376
50590345
3014521558
1370308218
492928982
1586227562
2895077031
2909963555
532361025
566540382
1461433142
718185423571390464
370895961
728733122695725057
1227624775
281884852
970274028
776040035049152512
452226860
124528185
732481763763609602
1065081188
2340386652
827801822
516918398
2482442108
1415054761
1017005305
360691669
3431535287
1227286962
585661410
219686177
2562814182
1011559662
598092190
725066954394980353
385604119
14324681
42084305
421758109
138864573
1331603618
968486509
3138188655
506387757
547050389
2766164451
455729797
429928689
737934742461526016
1163827946
731045925884461056
732477149882388481
2940769763
2218411411
770463936
4098447160
2154499070
432637066
749248856
2781429287
1961276468
429743373
245328223
1371404382
732561712549761026
3414864718
1491470516
767596251311407104
1227625616
4866412145
1082984088
1034473320
2373222249
171844789
778304305434595331
746263383473799169
743514238493278208
756921009882759168
2373340799
609145539
766378262259986437
1219792052
702432335078285312
2405837416
2740786029
361373768
97699315
731071997170597889
736880955374325761
104485125
707656621795713025
3333764236
482107935
370345381
709601106
461190832
103064354
2788765798
412877896
2909504255
238514182
754269921949937665
985080900
15191260
1533848563
2160946687
419778202
721303651575341057
2328923415
802683488843481088
2539709073
3257070727
732420596085166082
542327855
732539918635925504
480526600
1096331473
758323644854599682
24252705
1089272156
124836934
270242796
490373717
354901534
747404363027652608
737358292398317570
486787100
1022801072
3421640121
785779065617846272
1223037354
823416241
2726112076
405482706
2603234317
2935626166
477654724
1052596340
202675420
400273310
1732467540
1074173322
2719186852
517385690
748536833869484032
1456631540
478591778
3437777866
2312781154
1260171894
1249912915
383639966
408027768
2951587293
366511130
2411149982
87467449
2158619688
443193400
73587691
730380067637956610
980929243
4863618933
617201169
2416492224
3304830435
305476350
3225190005
304364739
2401743697
1076537990
798531277116862464
732573582413418496
396151080
307278565
1015924872
780690044730220544
429422542
107737376
260404258
188787298
3368018859
22845706
720515573
255674310
717022003354583040
3072664510
455991791
869514487
209891777
49358807
4229498536
447439107
732377020106149888
3973423342
940223707
773684083117490180
1172520133
926181096
2390176060
1544093054
628367790
199219780
720880802939023360
3855759741
535367158
2609290294
3166034463
3176594760
564360716
732341016041295877
503564760
4784064865
1092670394
2339087055
882708728
2945491781
403444000
4548508636
732829458953076736
14108472
732375633582542848
1039860102
2941186311
1871381000
1066344667
426673401
4689813482
439245001
1551053264
986828390
718396521390194688
2983119910
1348851210
1159982192
725810364995231745
732279867983704065
1515980365
3412244357
182109723
511569049
2845221227
405919398
26492009
760894592317358080
138772797
455127016
111875060
732825031798095872
394191157
194275021
156780554
1040485819
2219308648
4858595345
2193007701
2341257671
515615524
4664853389
796097572167417856
731100408916135936
776138045682806784
3860196976
2217779195
608063632
1889899333
1517691259
3325181297
1358611800
794889137845366784
723239801193926656
411657903
206831627
469193428
3305521049
485985971
480023608
2889852755
589396414
1039152966
602574015
475234937
2847253456
2192427702
783020674952626176
151390694
2203686361
234339579
1524465355
493462389
759712744044056577
74962376
198822370
776771798
188043254
2898075617
455126171
873734450
557074159
3349425333
3663181830
93691257
2719760326
506057249
2486870561
1586042605
705130152062271488
337377041
590188450
520662652
420194671
832767270
999729386
461180122
3065693110
553529776
467401158
522987521
2813435920
3239051487
46879002
3072009003
256595208
1498219698
418989912
1009243501
527270217
204701915
732569611145732097
2656984642
763405961205800961
400396749
419318448
16246240
1222585838
252822331
711310994
719147371045765120
225490204
1686836852
776116078124687360
316684906
3432845669
2896345199
732346361723691012
1296004291
1231473788
602182097
788825081552244736
2481514407
82068999
731098013175812096
273466314
376145932
419285776
3117151365
752010888
413916151
322540485
424084271
85590368
4164981808
2306317658
796795293316612097
1225737806
3086975528
4807013549
324262863
2180831464
369200086
541915851
1905601525
1170081618
101573147
2161648892
382657928
3296497990
76616277
37892753
721937520771129344
333498140
22958706
1183534806
782658311812321280
3074652513
782577416548020225
802649713128468481
3260418921
610457895
2784216706
3365915002
144490047
1226124266
2936690493
4818092890
3207310307
722050091624833024
2253757506
494360036
3311137528
1119430706
481217655
2241274927
741592495155478528
396756630
2567121758
711875747183521797
557827565
708425080645279745
507570761
791986391454511104
2255408790
384214851
2998311941
2395351240
783613497749938177
722053268587855872
788974585266012160
766601799155449857
400209582
797328567436713984
164780237
389920206
4194026595
795043750816911360
737724815780499457
1595499780
3079419837
714376418055073793
2982639635
763347591899865088
3242281907
1017064423
763353589347672064
4876627103
2323867147
3254165183
467473645
215762717
746539553771651072
763583929798524928
501084838
2594391310
1377932563
2455569297
3428340375
2948897212
761582724176027649
1055931559
1385223960
68362418
3031672891
428915501
281562636
3169603576
4244790082
302054401
966592213
1250020285
1264774998
284410061
732308760937566211
929249360
425773398
3252775852
1032967056
3092389516
220729165
790948562
3230165817
67574568
2189190782
211226743
773929798192300032
1679279490
2420690215
2371021127
3260406982
732276529909108736
3300735423
139188966
317680130
159090988
2306091538
387278075
2190313025
2480246000
44886581
361960565
4197183543
2435083828
590393555
264669243
2993303818
822184940
3163801167
3045361705
1885749720
714523939
119742732
2709633235
380000975
617476851
336442306
253728666
853678268
746053497750228993
1472290938
995189316
88782615
1116777187
4069173009
732773769824047104
732536651503800320
955409628
3065868435
396823374
953571752
3291043083
2962475685
454191208
703927942192173056
768783082736455680
4688837276
359096965
1444738142
1314297019
1219022928
2611865982
745339531566661632
355122344
183287158
2778061603
15015396
585263805
1356673152
2171028731
3401227875
126049704
1429964996
732378014219157504
788368573471293445
764073381532753920
758178577909153796
756456006331297792
460275730
567159863
1148357390
64144248
2469248088
2539362027
2300311050
3069843927
1057930387
68006505
732574864343769093
1265141706
1102216892
461501385
302765721
619992702
941772781
155300542
2262396887
1527761478
406443794
378741753
1895022302
303298353
1116671611
464781062
1011101666
475248885
2627015590
735888541079732225
1192260607
3892072667
1085455423
397436135
594423854
1510196660
3092183353
4603127836
2900897831
3087248931
595882332
504740393
102998244
2266096538
253175429
489312732
326226399
798072013655015424
3937406775
1586159210
3101475160
1277296867
53139843
742013658268598273
3613181357
381128944
743569884257337344
3439821209
178685251
2798863589
453959464
4797961169
3169206307
69030213
714382420
930194618
4703605746
354747398
1079126036
2509485582
4866956075
4112981117
1926741584
4845999597
304329439
732826623997816833
1128330918
732367506212413440
281966090
9862602
731151849131286528
1230607256
457622220
97538677
1699438579
2429092036
61081513
483368442
469267629
518334910
72331470
109573130
265512336
311056063
394729845
548276767
732504900999876609
581801913
2949739355
916326246
766471224
201789369
802152857759842304
444938307
774612532036329474
4857744741
1410780559
712743044345364482
1357710228
938556860
454050209
445611250
434242329
267335558
2474741607
501988952
1068084830
1084044583
488765562
1130420497
585397603
278915300
1295447916
1704854190
526293847
708877086
3405599800
4702133172
732407190254804992
410300839
798993988158111744
1469982290
2494115132
236794333
425254477
423372441
407079267
417223754
54779428
1265375377
3036230170
815731375
488767725
731350114321747968
1890293305
634912538
732479662547292161
2344799433
541112195
783740138660700160
3183738556
763094873473945604
4008290355
2273277140
760872623538597889
4063913308
4134928156
452275725
732386954373926912
138537677
2203727552
857753196
1374652910
802942235398565889
731348795691311104
78971533
3446733917
1006597970
26504043
113050066
1966419620
2362415546
792840100874944514
757666869499363329
3043362960
721068668944314372
4405643841
315428267
4885620221
2343390020
727770559107485696
534616483
407584537
2323971608
788161916246093828
1914030042
97580009
491591759
524772947
4320197602
3074122662
468197270
766731574616424448
612374141
229082336
317769975
1316630180
1104789270
3001239377
1045573032
2329940551
435173619
3299152901
2363684405
1054518055
2347350496
2450054256
2802425242
751379826024583168
3238619722
63060955
471888854
2510576799
946620907
3426426969
1975150249
373423842
392008215
2230108075
431084648
2405206161
870290785
1412500075
3553383737
995021599
329600452
407179725
3417233499
317305371
500881322
278982651
2701881606
2212638076
773956774932127744
116743111
2365532641
618297054
2735109711
765647763442896896
226641470
732833854055124992
55238295
732343403736932353
254154874
939846266
426064773
235323455
172170794
1311291734
2375301992
415437027
730121941521203201
443708574
446490092
4808531415
3347934334
3064021768
785058148650450944
483304367
823671146
48291322
2333450384
3201928624
528800955
3308223903
389104963
1225509780
3696089777
442189588
3064914777
3264510455
1236246583
161645013
1036719990
513492134
497752969
220799803
572606248
455042529
2993021697
437792860
899978641
487006102
1178411384
2360647972
144973391
789182381706006528
2158966523
758612977926959104
937463430
636390373
3000601366
705029912265097218
1121935962
590833841
2884126876
3995124705
759717599328411648
511895027
732378899884167168
1306532766
529645960
430033517
371123495
702597457490927616
915191390
433426566
482838031
2906554709
372937945
1355209729
732228924479045632
3018112323
4871884721
714775585088737280
1918247922
1852450694
1120206308
2745763192
744711517
731174716329824257
2966187939
811786944
1037152033
437446579
2294163321
4867194041
360105746
2902922074
447896469
634892475
1045175822
4244881703
524354089
345591693
569680694
590782282
1173410504
754987145635454976
3300431854
3309670823
2414500381
474854274
256491020
53868926
788301440733315072
3001964055
241289430
2870220975
3083483560
429981335
1972410698
39022638
15419455
2731197053
106819754
500582673
482783302
785916344575328258
3168904809
576539396
738803856906301440
362432939
898297518
732226741385760768
2442517233
986564732
60281313
448998373
731201410721812483
605280351
212962983
2929169337
711187023
242954953
858795774
54190624
337155946
787718454
1100350039
700901262
3093445126
39220730
732223184301346817
732230261254062080
377272505
3676549834
212638814
2163227033
562846287
784777867913723904
2306444410
1699665619
471949441
1259921263
986286079
1524322628
740801817555132416
591144361
2781784450
733298006
140358976
3928015222
38438354
3688803513
254354362
127931750
943572877
1111162884
547051962
2437403432
2588246800
3372929813
728267401
477187357
390353740
255752744
507768657
2262555456
22487487
2365416492
2231318146
4774998749
753510446800535552
797805269539520512
402923726
774133777412923393
2939747495
1725220519
144210805
4853784417
2361394675
794961451194712064
1021541239
1090448503
408312540
37282173
35442860
52731955
2875322452
2719761311
1829960281
3103748006
4855812923
963938472
797053138326945792
25676606
701059824520396800
96332109
3398885945
298123237
391896780
624543149
250316913
2282469222
1368793633
3158016406
409448246
761237376601563136
1236577764
1136344622
444931260
311694861
1876212612
