736166324028768256
1323345139
910314312
780993615392825344
366332600
427568761
1149303008
228027870
170684718
737201584057286656
2215983346
788124436406923264
402174719
2597512767
751776180957741056
1509825860
3094969685
1283518398
489546240
437573164
2348635034
801827480172658688
996095940
2418170407
1134732668
3904145790
703360096944988160
932376896
47686952
422340734
326854012
194972957
328168761
434558035
1370769932
4048644567
536577845
766714182804836352
135673716
1540142966
1288590109
452858854
623602877
256697871
2732373033
223405753
2157198452
529317309
4160203479
4794560983
210376076
526191743
3184426408
722066405839998977
744524292050788352
2232286277
419339559
126344012
296721949
88725905
440691898
564876371
849022136
4294251033
2984502441
193642133
4824031401
764525968623071236
1560011725
1199579786
799203458150793216
380912265
1015392134
499128183
1546542043
1359299438
4143635368
367308374
728807104790794240
180317088
2891346688
1307016348
550883497
283636579
2375430686
453277617
2150969605
3433378229
169935992
751315632134717440
423732690
452010658
1975733520
2384955978
338578564
463591267
502039896
795677947428503552
2611334140
485012318
794538327085084672
717532001
253137919
520617010
2807355797
2514594951
432886301
774210914409127937
595372301
1256727248
945407058
2276659249
411196574
133461180
4701854126
712035142508945408
552318105
536520917
3228521201
454282873
3344602462
458708195
1111825675
1039048494
471328170
492273305
342641955
707558440235888645
328472277
958322611
268749571
2299766748
779211695239655424
1219456740
2812760284
240826173
538462625
314537220
738361680787312640
475904046
2207712781
444438933
2170742693
936533587
100610543
179034462
3426670696
231414854
246976552
717326322717089792
1588323260
2268903785
2801667790
1562752760
738092501853216768
85136516
1319275574
253028771
765965375792148480
271563592
322163202
3155682418
1168596805
970022552
110421890
3147597048
160164089
13056322
2182009663
471281332
964810638
3355724674
210501383
1946899837
22604437
397199507
464538447
425931009
781821141858091008
4186758514
296791433
1045330356
1037393713
427326829
339638966
2885939163
282624338
53438498
3555782356
4041893956
2839439607
2951309483
350226442
3312303309
1091357406
1934445032
186221116
787941432267051008
371749840
2206083227
788770532435132417
409444860
228325926
796076036299571205
588238264
305258223
3555797841
513144334
255616151
537275178
160252784
50589162
739038057479999489
553638765
634575700
2788727236
1238622974
3458047347
4706693655
473107684
972804156
428648797
2773268453
700397826824654848
721018058580606976
70054648
137068692
1362230798
366475120
2400347005
184425554
4877601425
4736610983
743204949606174722
1053176233
1318788918
4868432043
472301391
4858527059
3031943085
1467415374
210007161
704418409723904001
521337019
159587152
419544191
1600776799
1444286834
3053723635
203717084
1903628389
1619769668
707885009592578048
304306690
1447003466
3108090405
781749446908477440
1492509740
385904680
403530668
786541347750588419
1023906182
3491171117
1613023184
754269659998855168
438360919
69532732
3226385187
139055024
4636768817
2729520336
147543162
264211609
136342937
3053117626
2222178930
3957645843
3964414919
2481680403
2497838698
251148054
790625241856937984
3290984981
3047287645
764201799217717248
2965000805
323764149
4095450675
2243103750
757836788949929984
2911054737
1331086867
4351104375
1332176233
2588051975
4910251161
167406951
1406267430
796449951643529216
258755575
4266188127
1086641828
498062460
1676734230
2889628751
83386342
561823534
3115905790
1602847736
293484907
149519170
1857779947
1852433868
803249243242766336
804423601
772074670208221184
2755001196
2520868692
2850135335
709291269135187968
772520766885728260
184489591
312929295
568860199
81318149
521525028
1467197706
56674519
2420367649
1259041459
1474111062
215728045
3318734877
255526995
396805021
3304520524
3313351684
868671120
2192271144
395759988
2215783693
423578767
801133637911592960
387067067
785089989692493824
44487069
2230541908
1566329647
2729299155
946282471
4182142288
2245661774
2479620311
776421220451512320
475127858
89253972
3043905536
3363987292
783023868378279940
371781632
324946999
1219977643
2339983460
780089815786283008
563981334
4854132653
62060285
345488835
943120548
778195022973923329
2763929843
518549338
2923267265
2549528592
787562992728670209
798743088206319616
2215701370
724648551561728000
384003817
1163239069
9820132
892954382
4871676707
3871871513
805286678
4242565703
1137588186
2517301839
797894971651162112
2282008813
135547288
769885684538703872
3439290718
4579125253
3309946937
2339917973
768863741354053632
793787252040142848
499227001
319166186
217419880
2809802006
1934151967
149096219
2396252383
358919228
106688111
345460028
575654596
3115019001
313199623
944269080
1179711277
700388922430504960
888895441
2719244173
3384474441
2386642032
2282351922
81832300
2337708335
240618556
760551532815351808
2361360169
155743839
795963213724663808
4170027736
829814995
708429391
577023890
4818884571
107095492
1717274785
33160759
1158164456
799985228789977088
783427775709544448
2865546393
1936456670
270518699
447452303
4133217027
14270140
241602781
1707854503
3198028097
944687335
4833429358
354125985
707223648986337280
293699524
298079436
244705592
136603615
3346569904
741250447781040128
3217711420
3121299317
227372839
2850884786
345535835
1000188997
3356670165
4164038717
1397232085
413007749
732580256
1485951925
430160994
2524398631
362516905
2873683379
381430358
425686235
4860336394
3639353537
2495079298
2319542538
85657467
1196181998
1372517456
798635240889651200
299780153
2914286685
2443200701
2774751706
4735890017
89407105
553030181
228010525
1434038420
410894122
459631864
911094367
225168723
151029385
16770004
3031188244
2199795114
712647058709155841
4472007209
1192866157
4817602365
14060262
4613838695
1667689482
128855697
586568738
779236559908442112
992686250
620351637
2349060598
337185218
700630516043649024
2188769004
3389194037
1888044751
2340110677
369728921
2471692167
4651751608
44742853
1182788720
373942178
2772740636
1086481526
29066634
1096419438
168700104
1292021606
4905992363
800750620818800640
403409845
416165363
4920528677
2226318312
2979240557
778870456447279104
525733847
716326404707713024
428515597
251554105
389348747
3046529709
404994168
855221910
278558220
731252371226042369
728573094806364160
72777391
56819005
349043533
80200885
128978964
134232431
342798255
1675230540
164225784
1670823475
1701456356
633960487
519330046
791671139521142788
743151944437501952
1852391984
426812759
434279064
2527780688
339805718
185722558
2243856722
2435499830
2305365956
248887130
2450147531
1173130836
1164336541
460496380
751725458631327744
410589376
1118887171
554336117
138007135
91977894
1386808813
1030566912
712755285362917377
1653188624
423088643
2872452713
271852789
766066296618414081
76615199
797197311201972229
736399368
2973508025
2816450251
151482583
956276568
794495973124874240
3938197216
717319878542245888
964876040
417111368
573662606
819186312
3082159324
101014254
2948863234
262709701
859927674
1084193910
715423321094033408
705813420973621248
500278693
777140031957901312
51748015
1028499156
2335367718
2341083257
19643514
318660927
778703906356330496
1433806334
541527026
405432607
2370256891
100396172
741232713345142784
2800128455
522194539
72253054
915969295
2976535643
332921113
2365252169
1111297184
768494852656996352
1128760278
167410534
421953606
1007560902
1168797480
776702932523839489
231967652
401270818
2355945550
1465205899
2806242466
514714806
2328765859
4706663313
229804443
2524851416
258760456
742397759991480320
459908865
200661860
257600699
1105944535
480612566
1280566146
941761956
2410911599
3403004925
3189500505
134206590
889444711
1479702782
2371000552
489562627
354284014
3345161205
1006906356
3251588698
2329972429
1229121186
198981234
4342029017
1067008310
476836933
495323941
2998377094
209618253
1435908997
1923459475
1228391671
164266350
3213490474
1088677627
754694678314901504
729221180985618433
254710766
9584192
2644998883
1021306837
799504971502944257
1028060143
2351775654
246882205
955750106
1341462944
470257543
548616993
1024535564
386450799
19072992
720632435306807296
1227045804
556818121
932478324
414993771
564773110
395548966
1334463464
1933850857
1100813652
3900401302
1259100200
984507426
366180331
738932299
4639593141
946170176
742455271
2797539111
503452485
3926735649
81804418
2748304043
783366855952064516
930237486
2885630548
2278995820
306920440
1020020185
2593299788
23475322
520275529
2375661338
3294587596
426515004
1394952978
309347048
2948155437
1080493914
4547668037
4851423724
357074444
584513372
346676055
909935803
382238648
785773375385923584
595267886
2197175103
91843058
1280953482
451416799
2343512623
951368623
2725435126
2268022753
426094795
17439787
1911991346
888531398
723203630917136384
454088602
67006079
492964938
955966339
3042211947
3403818359
2835121973
794287344715235328
2149778921
781114803465191424
581697530
299551316
789390786991263744
3385105642
44358785
255453880
2271776366
84300444
418508915
27326931
782874183365779456
1274882076
1247343212
730429652
592546016
613917828
3295658451
140057440
727758699587092480
861313466
3096871079
1376724398
4414946656
857873809
2356768939
803252196695543808
2249959502
1068545209
296778555
4328992043
2355391573
904438754
2532904492
447400795
425365839
516753630
1106167964
437646526
3001665089
981599204
777727512189239297
2226747666
711833597980835840
788670895665610752
377931910
240401072
1635242966
2229049953
4069758477
529431381
2575440461
416466936
1349000059
1105814539
533112380
557229572
5464132
716911634871160832
399964269
789001282514198528
4372999402
83904123
779268696942477312
3387547060
4642395077
271468279
788462570827022340
156316785
499085030
29556279
337644410
2850824954
2365219877
4007831482
134554873
3380511171
3046288851
3130622027
790171114278445057
2312394189
408704922
1127815087
1622401218
4850286592
460330693
388946039
1410209468
3214326549
799754734315782144
1028662526
763274024675897344
419862356
2258689712
765074451838955520
4928491697
356923000
925649047
771197191
1274581027
1006453046
569131534
490602212
3377613693
3351771173
2772829228
1310209976
96319859
507970638
472014480
321879271
1638121028
2845429815
94529815
103334447
695998919059361793
721242552469479424
2157985906
836271002
2388661380
22757909
2399995393
1221995204
1073842549
2198193816
723835861989756928
537525524
4275415887
1035803582
2913833871
79988162
695753
2321258784
4777957102
712275596001288192
2494175436
4735754218
3339999905
764133596512870400
2751139073
113299873
944606934
434752212
3341975913
102200819
2283780786
2322781029
72579640
1015149367
22075599
3063216130
315895880
93934681
802960255147773952
1127733265
455620250
22659500
311371032
803259004046704641
567306134
2436608759
429312499
343306128
782643007
64789750
776867281880178688
122785870
4866822466
239898664
3676153480
2223036664
723094218734862336
421332919
765113425882218497
714325641
2862216426
1017233557
4034460233
483693163
520657885
1303711453
781449420281876480
1242248954
797186498911203328
560636317
3653824277
856094503
1851226928
528673372
532572724
1291656504
732206617341595650
1513517870
1923616602
763737673613840384
1278185288
791287209508933632
1204076232
261264162
4869095007
282996856
532222780
726428495413387265
123712076
742094210447335424
175783590
609533700
435138644
2476119007
3165917453
3068039679
1647344210
1180622503
996823994
2853625643
197056224
770611373713854464
2295417636
89505539
4885903612
701388779114930177
541147498
2316947536
1056094116
118742948
4850369241
4545680897
2759396308
714364362320912385
2957131078
3841727477
545248089
1698574146
4299066556
3092809936
445424014
953895188
3041408584
3119071163
931508288
1032404179
1960868090
2475763732
2501851306
1354935949
3675806057
2233502635
1701695528
374174726
458632561
2800729570
3297456253
1908575102
799492756158738433
23054148
1419854173
300798803
789589519
567278450
1224387126
614658253
390118819
387198659
551331260
756085177709916161
473940458
2223643491
862986014
522438312
326368123
2540030877
490933406
966475711
3018797151
1488372031
786778001790959616
1672302936
304203375
1978729974
2932258043
401701859
443230830
1128044090
1074250160
4280485636
410764821
852983923
480663852
3244021258
972656305
4160599461
408310502
426719729
2682728206
3088366689
117863568
1372461787
48967204
2753082201
485820574
1234164054
428897370
728897876072534016
616372545
250697308
421155334
1360099448
20430345
1853857640
2999932538
2815160163
390753281
1474855951
19067940
2812859778
507066425
2174691850
386145254
515625469
3227318753
2456227901
2608779441
299336244
3303871432
433473950
701190174445805569
522292867
429974408
3014148579
39273093
398967740
1272137623
2883671135
4913380492
458458943
4881267029
2985400847
777103966668718081
940275222
398611235
247209095
2166993701
3244161467
223951506
1429916701
2217674274
92602577
63126601
1227657768
563558852
262539190
2239737678
1069422908
507966909
3545919143
2365011298
800371833363017728
781578050865627137
391661534
471428838
799219281451958272
510430173
786865600115204096
262194160
800339370129559552
2784546021
1477453526
2742019060
2743862297
1310591124
801700087525216256
1050911497
953265385
1257355178
2950650945
63123584
537389666
554529672
4814810625
2235047637
2712636045
1369005530
455500859
142393098
421347689
234432349
2489764008
743412865948860420
2446847762
435285639
414646088
2945972459
3851084128
735788453737041921
1218936162
1195176624
2362563636
1223798888
398809701
1919132101
1680697170
2990250646
6477792
1058440837
52352441
752592752303607808
1847744737
3020472585
385890505
2267581078
384881122
464020852
422868495
391485689
91899366
1361573503
96366187
1103450372
2797648695
823147850
4860590037
1260487207
482343716
770466882
2173027221
777855788882812928
188336872
388401730
4133259777
1071492246
3298985147
4838046849
287379444
78553388
930659928
2216179636
1562880570
242306600
621945762
985118000
501594854
533588637
894909480
559518086
4845403365
694604698771427328
3347525428
142807042
746943549661450240
2409152520
784398647471595520
3089667535
2698192537
2494379611
922711819
773054104549593089
721957168015126528
486876996
57282569
2516807525
501700431
2449756487
558032072
430052444
2416044272
2230346403
1243910071
3357308483
238105558
3422740641
4794361
123983186
2306080108
589445550
3302920433
94594903
188029214
52773121
786474228258332672
3104344534
730962018
3404776456
222431192
521625330
32402183
1040080075
475086960
323702564
2373624002
4130639901
411403085
709548392
384757380
477897185
767250170488688640
4180762211
3299546625
1183448389
215735286
2322849823
794274429048131584
1043011003
564148431
93055456
2635714649
389395835
451610877
1620434077
369655257
541670926
260357937
402048742
2345353315
2957219068
128960061
409427594
2861197613
803115076672700418
82910300
85636061
1897585116
245960120
3089846940
2916512591
1166637379
2717902222
75299581
3034313507
4787676166
951842702
85543043
1307698028
1103371136
1402391311
703817284
504326435
2424988655
739538599918571520
574642927
2448563317
222411571
1063009350
866474910
477543705
3032272127
987513386
500243289
2482305961
793949758012456960
3008182149
151109371
366518575
815758254
916522718
351555225
22643979
1006685844
438476133
841647078
566361704
1208620304
2338483821
34556545
1299807378
2214021765
797136508293627904
159910237
3360251476
3879187997
51457032
126680070
754282812405084160
430169858
3399848795
472043400
25307802
275068001
776739556745940992
368595599
2496989087
2271564014
1067801792
236642820
449183569
1353760267
130209798
533692413
459275547
69212533
180004814
1580176014
534655010
1254790184
134386098
26513504
166976785
3309870544
894067897
2816273194
13294452
1725431600
28119689
2355023489
108987060
265941526
89518361
2476324354
481409710
1022538426
348141611
4286750921
412424802
2436383674
400919857
93591010
1244272134
4188671596
1062930973
2359548435
611777238
766657539710783489
99475834
3099675839
787718928638341120
701647912686764032
1427710298
2978019477
604899762
1268082668
400321579
4914230231
1071579716
1219056841
49322048
964488151
3385872369
2876888039
435314449
895702736
562081610
3542464695
1355407830
937620956
1268297346
698085001380937729
1622970242
2340761410
500633142
54655555
400795945
2924455714
53747091
39546698
883099326
1372167474
733519268
401953158
801062327810461696
595804316
4547911761
888075391
53234289
1176499273
1284065244
321264725
241857339
293750330
1125816168
290608259
4636463057
943625054
1198029061
224699717
868842919
2242479691
2900884007
76355054
49522536
773825985590484992
3416068515
775446087884804096
294214172
570833587
1361432923
3970849215
211090942
1116938592
419006507
1272928376
2821597763
2706574363
561391482
428423623
964333646
3241941287
3332448431
746297770559012864
1085112558
330205544
1157878980
891042680
332389973
461962554
58891895
785934232698904576
2311945255
1051389715
1084247610
149944913
717334646405611525
383754117
493914599
491225607
24528997
435042656
2267623882
3390886840
1370308218
417260423
307791956
470078914
2220186288
533592035
76769340
566540382
60624922
431658112
3428587589
789433137700962304
2753920042
2478069432
347497240
1227624775
281884852
111063679
633831925
452226860
3398494691
927916422
1249365224
478622166
421083574
3224691417
784072008640434176
2703729438
398595735
565559566
1011559662
205742791
725066954394980353
4786466487
706067859550695426
83091296
1288209314
280401262
47448810
3345672868
715134939155578880
2389396971
3138188655
506387757
3986971581
515561206
2371137846
19484936
961773410
747777122018672640
2359562326
406453295
1389335053
3069657982
2334501166
4098447160
410047799
1556259583
398913989
423531049
1645295228
2811521884
4853392221
451449745
2427964266
587326472
4611199415
871246968
3015242813
3776006296
105355320
1966371889
3033476780
3012254517
131450639
722919613
1082984088
3328297725
2726498655
1034473320
2350347318
496876586
722071862843412481
391286828
388299949
720978207437144064
743514238493278208
2714660159
781763084486488064
275805969
14561296
2377155925
263059517
104434811
2360365059
2995754453
392657496
736880955374325761
492460290
707978044179410944
1540462218
2790815674
2440237919
303768164
482107935
318939574
2293813528
252676505
529561745
370345381
209300173
3148498593
2788765798
468304135
829449325
1426319126
1063503469
769128592299134977
15191260
75576699
2767302037
3030746020
762186331011375104
419778202
757949254765834240
461248674
165814836
574072662
177937746
249099263
781389132216107009
1096331473
181950730
1528759902
1319113675
1069206085
2353564274
2301111365
354901534
417827591
606494426
747404363027652608
2717484025
412371395
2986885877
352268114
486787100
1022801072
1058075719
4868655040
431976775
703386818
563773403
51757652
62019002
401680400
467307839
471861275
218931858
400273310
4868840069
2719186852
714881599263940613
426640529
759003465808883712
768388865417736192
1456631540
1062583370
233913376
960666673
718895818305048576
407746253
1213596138
870590246
4000962629
21402138
411329576
2301325605
87467449
2650978150
390161953
2272916900
1053075751
2244460336
28073305
29442185
4863618933
540895773
468777277
802515553
3304830435
2261924345
4755949588
28433379
307278565
2892216196
789866400332611584
4147056975
4053624556
1112761910
272941891
332940060
525636772
1251089251
2986302741
472170881
3368018859
434110647
720515573
1229651126
255674310
881002346
195374632
142094294
782095409313439744
89411566
49559333
940223707
1148226661
1325348036
2937388577
498075479
1544093054
4187567045
749991934165385217
396564186
2197478480
61011257
310195119
740277257424523264
843757543
4775882567
50662478
726721856749842436
3166034463
1640766590
1107205176
751920799964098560
799653873338224640
787669678957203456
564360716
1097626686
478758338
801510904433147907
3222096079
416362189
254625981
387315829
201750208
3038785617
213603186
4548508636
403444000
2945491781
3053055853
14108472
791242213321834496
549062047
217634365
754671440637624320
421810729
791076407036215296
793539264944467969
1192998770
1551053264
1266500113
1961251566
796123967853654020
807581581
322857506
1348851210
722816711049646083
3043907500
733282660127236100
2857413639
4828915329
441651345
760894592317358080
81467672
111875060
1048895396
552302316
925600032
2353257175
3588475175
1037713867
557366826
129135649
1344701089
3124079014
36469575
991024189
1885687531
2994083519
2341257671
3011001645
470180296
465983180
117701249
553844061
4664853389
4089359207
1101021343
755077129554059264
3381325839
2441189676
228052591
3256271740
1358611800
3351926470
2679895724
132191455
1372573350
722067507679535104
749384694219800576
1333341758
782535732950958080
3239222661
148032190
4063380377
3123285591
2889852755
4098206903
710589026840002561
3094312457
442005205
475234937
3119244148
26760769
2361364791
949261333
1023802202
3216517384
748179751660052480
2999587893
2976177485
290433689
3050183838
1488338479
292898293
463963
471163054
763844678005432320
2898075617
117187684
455126171
471304889
2475022843
81808899
721432104396025857
1857320594
3349425333
376435133
3663181830
474023066
520291889
697879690309214208
3356662759
1372497578
1014870637
2369010655
195787575
3101946463
14703893
557127139
143934900
420194671
268910347
457323161
2205598141
746691972459597824
4489836154
925583479
1876700449
1316245117
4915900165
2656984642
2438650607
2742709167
100004676
772766178313904129
403034488
712214882859532289
715584904482971648
225490204
404048864
431706859
2527227066
2508257327
761272152217808900
1089498344
4706326756
1067982564
1704174554
1385272040
14942247
2992689333
1945087009
752800121138581504
3115015726
714226829071151104
1346566790
441643347
343442484
3067944443
2163623162
2149138327
1110202813
419285776
2359628135
703215154897485826
3117151365
2720608185
752010888
2740139597
246741652
322540485
424084271
3385958710
85590368
99273214
376869096
403468828
484665449
2342517254
914050591
2237570059
2888678625
3907730538
324262863
2180831464
732954867833176064
1036938613
4371150255
1017310213
133673973
2431061097
29173778
1124867449
384760605
3141878255
4405181775
2344039777
76616277
3224669813
1092084720
488864885
2794339455
782658311812321280
941567396
430995535
782577416548020225
1384894520
1324201430
849568508
2237969899
1035238824
251345771
402676744
790942738414010368
519426332
4818092890
781954997806370822
1642762838
259778195
722050091624833024
145563443
1119430706
407685623
878503224
2867906470
396756630
788827713624735744
390641455
1289227574
1375116127
440724583
436557042
557827565
2255408790
7912442
2998311941
2396676379
1430162268
1277743430
796237284
2364035995
2534314678
43106925
167341717
51752772
3621473295
1100946536
770157263118036992
341974169
2733575715
714376418055073793
2982639635
763353589347672064
23301182
772179889877295104
488895138
2469186961
4876627103
7773732
467473645
746539553771651072
819138062
501084838
2823678166
508555134
219361447
421120188
962612156
705462413169205255
2948897212
761582724176027649
58795620
2525254006
799574384763686912
1341254522
1874790332
1385223960
332522093
3110560259
3022012884
1145634865
1312048352
598650191
89212874
1849672393
3169603576
407816941
782126365315371008
316939559
413217587
773278801459568640
929249360
2315848360
622020182
4470002068
142589904
802465369633996800
220729165
3092389516
528358780
3334148349
3230165817
2436764943
803160024319139840
2768667015
797171228092100608
408370356
434203166
773929798192300032
400755376
1137449617
3816198827
377430097
82301254
54207415
1062997310
4876302513
3347284031
1648213129
3298528972
800148156973363200
1471608194
378831710
1934154674
775421050054139906
438507165
2398143679
2345206182
303618346
2480246000
531243852
613624250
2375374114
480453928
3002999651
583877210
2597478629
2993303818
822184940
781443342798381056
37619931
786904848692289541
701716640988270593
729294897891676161
2678632959
407380746
336442306
68374302
195355769
402997564
3154630425
746053497750228993
2477124216
3323385291
965239081
709268747010314240
715099712345518080
3010276522
4743531021
2323995158
121106879
4069173009
431622091
541741004
786506557437640704
485039963
1037995544
541704097
732773769824047104
474348821
2330865256
603585557
953571752
3062947644
2177455281
3471435689
758304360543707137
3611858271
60577301
794302419203215371
768783082736455680
2565970578
783227203433664512
293043500
795696466366959616
590358735
1586905838
1318605636
142227794
2301960876
183287158
355122344
1353602473
2778061603
429847277
424153335
713021589886005248
2734208127
126049704
51522357
764073381532753920
2921948057
783257684971773952
782496009708507136
1015440260
750020737407315968
433293009
761228645008609281
147371974
504973589
460275730
567159863
3069843927
4914906047
2752389489
396218442
143474661
767600300
797882257470062592
986714714
258131405
397064333
68006505
794587894145052672
1163796132
383254576
21310060
1044114469
941772781
2355253204
4844733082
155300542
3370370428
2521671494
1055604996
112454772
804354408
169441983
303298353
1116671611
783679588677353472
2278958635
802869362264829952
2412990951
424281659
2364603574
366563735
475248885
537554676
1192260607
420852268
446090752
124167705
1223294028
728107134714437633
833575614
2557453016
410157432
713737407636586496
3048124403
2528932253
1591737049
747892541400428544
783327441951526912
1521671185
40653660
253175429
2377363345
2988110818
326226399
2204128029
3937406775
799465139154092032
18863361
792133535024967680
779999286042001408
871666933
876541483
53139843
1059877728
742013658268598273
3613181357
751351053791158272
3439821209
2336286075
191383270
422670166
2212470754
3302080187
734725512950603776
409607216
3145545058
2832335447
784137711561109505
439622452
1062937651
2866980146
866380896
930194618
798978150772441089
2225431370
3322548533
1079126036
2479372688
292850268
33226107
23740366
917106613
288718876
432305935
96516447
712308565541855234
3420517433
234677675
304329439
586675940
288204711
351843456
366684418
1405789050
281966090
293518432
272940016
113075421
616886078
2960217431
2622683400
445546968
173925687
109573130
394729845
191204810
353780336
378706057
353575520
766471224
2325858085
763674351514316800
41820644
2640275823
755915551910879236
1357710228
706768881625513984
2217423505
463841107
745988095825293313
267335558
726108618051997696
50373692
799992817007345664
396874129
2951279819
710806725
282719746
712016368816812032
3036341843
1262566346
700752813979074560
2357482587
488765562
52468851
1130420497
219995423
585397603
2574452613
2329384532
278915300
768275844
188521082
1704854190
3012881507
794582375867052036
564480485
610088678
4702133172
2921447206
1171486081
539157045
1101963793
2385290202
278425671
408501396
366252148
2267174346
531645942
883001814
802176344515866624
426755550
1450171
4463441
392656492
120029441
766261457881337856
435575179
983253218
3361958991
1948011380
611680497
4063913308
957885578
2565240495
481304796
83865444
745595735966613504
152977521
3446733917
731897851769438210
337333658
814747711
778693643976581120
4878708910
3182903687
373893572
3043362960
43503218
3076910169
800327474106101761
41548247
751194313661513729
266207346
460611317
338471527
930324210
4885620221
3027220066
18114610
2481203321
276006001
623936681
717020986764165120
924918487
73595849
433500094
555309932
405022704
2720722905
754620296993333249
1316602933
722421795106766848
843770665
1316630180
2245662505
3955038435
583980924
3001239377
2882526197
738690837027131393
1225968722
3167141009
707373654
796759446370271232
468345152
2614768016
63745515
472989062
2472152787
2940585718
2367834092
787973235417686016
278110663
258400230
2728896824
1975150249
418863047
1377648812
2301561164
2292699266
1565366160
1076086058
630008725
431084648
1891166046
2230108075
738837939321503744
480390700
1250295715
1412500075
995021599
1066129710
426716463
228764254
1222967826
3417233499
493164077
586429781
776754983626760192
2221902807
242399306
773956774932127744
498846820
4822257778
3436934397
4914915772
175344790
2209486779
794535156291866624
55238295
235323455
99361454
1394582718
3347934334
2382081974
882235051
500297242
1905194282
374492014
349649017
3332720836
4003940735
389104963
781930651528392704
711937157234106369
232972471
232908749
2845737279
3696089777
209786311
753557703444824064
135117869
727045398901186560
801049687298113536
29416653
2920005634
991309093
270623814
479821713
702128508835860480
4872050638
2396793506
3127610290
2970206104
1735792825
635191741
722086969094905864
3527260401
16213811
122665594
421336323
949425925
3548317936
422646193
151572582
786347436595970048
404022377
199264427
337555221
2373805427
2158966523
1858960344
87398011
937463430
402863215
705029912265097218
845781758
704411356355817472
428510416
514806426
2998767579
1334865294
176201555
718105328416632833
832963470
2291180310
541538081
1151495287
2222816851
1372944860
255506193
1857838688
700406264937971712
3410200684
4893362397
1907744952
14570884
999773377
2430152420
2906554709
392911131
724962370880176128
467361179
704601949304459264
108262067
429144484
1355209729
140772582
1028263898
35060058
1122980041
2485514081
544352838
599114492
3079727565
1186407192
799826440439156736
1918247922
1337403674
442314209
749779490
2422875421
251235949
57573467
407699712
751148634398490624
726022286717927424
2160731013
261542509
384104103
61751856
3020271189
25746502
410719288
397568220
733168113672413185
787611145083518976
957519266
607174392
988373714
119067790
2169771406
847114458
529417647
454142762
1222000628
71009163
3369172816
331047338
572985046
3333382456
146545986
109578008
725728464268066817
1384769748
22063717
406907214
16162692
278210313
303139807
524597055
2870220975
241289430
787557789908492288
3083483560
257953952
87950192
2862461084
232559332
964460408
2359465576
169233625
2367591444
1268032573
383052987
798899498152034305
1715119512
54887680
156621995
419456103
1464632462
362432939
2992335411
332885533
398928323
757855565368274944
979279446
481416521
89651876
788123704546983936
387043149
141331080
2588366118
858795774
559988325
919526072
146219613
1100350039
2219899278
104270122
2858584827
499571765
1366886233
1638278257
14162223
752199246997258241
1380350532
1261559155
516778754
2942619196
377272505
770398549087490048
2525069528
512939075
2163227033
562846287
4684962704
798797834698883072
947879034
1140264841
407777608
125851628
507361899
1010820098
2900782241
591144361
4076045092
419739649
45314925
3001581299
1106230255
2385752304
3928015222
38438354
3688803513
88017073
1510136666
943572877
1111162884
2995507655
456508187
728267401
2523336293
754232386259476481
193261391
2853575920
2859495347
1249898532
3021196773
4076099719
2365496574
377444324
781136131140222976
766171934539313152
2370723536
797805269539520512
2553199141
263686293
78943556
3862086448
54225347
4853784417
593519995
2361394675
1021541239
1013577343
1068963974
2973535553
2316519053
524493374
1037526320
425699035
1829960281
2951210075
963938472
25676606
1671070807
424355891
391896780
405430528
624543149
481355521
731884829642493952
1368793633
409448246
711589458529882113
1600397972
598279585
1315127047
719855009928716288
8266162
790269417603162118
2338806398
311694861
2728402871
35298549
36030252
