132164537
2850074284
1048295388
729214200925532160
599247299
531198622
1364657192
2768557727
352164101
594548423
3417536049
126000118
735708052788121600
589140545
396841926
413452932
131494824
1220800532
5893702
2480352662
706132390591262721
422340734
194972957
53306660
858334032
1540142966
433395124
452858854
2333765223
703956848836222977
1860935300
4160203479
210376076
526191743
598374852
1137221989
360518583
24504702
365375902
4905744514
3906213625
75538541
440691898
774283382108909568
2982641339
504355470
188136909
2241896284
797773134669680640
352244786
499128183
3200053252
418312648
1591945410
805709071
496654038
1557514573
2991872159
1230556524
293386882
728807104790794240
1573078681
1307016348
2817092706
229089974
3433378229
292417838
251502882
2355576961
462701585
962311958
3054098656
515681310
2634426862
131704372
2800197810
1162323121
591223321
2353082360
1256727248
481575282
945407058
781046072865087488
788414501049753600
1187399364
221044706
3344602462
219226566
3398394214
2948429116
464516274
2720826652
2328166991
406841197
170737353
36392373
325127006
1117120286
2875783329
418037227
2589653764
2170742693
1192193401
988229000
2895843244
759675705647063040
3426670696
3109897131
2927647053
455612937
626845548
545008992
20373953
589418956
350256698
1319275574
2178600592
765965375792148480
1632398988
712247530709491712
4926458867
2182009663
329937650
735107028
2458355676
964810638
2720571343
4074228269
210501383
552441601
979960242
1334810558
2915545942
1037555461
2525924002
1070363677
767772101503836161
801536179145424896
915385926
798570804086763524
371749840
1051114320
2323955682
398609882
414016969
2206083227
4256715496
1348840861
2177864810
4859931532
2878408107
513144334
191488665
4651949435
2353752559
372220527
3374587240
2921904327
263619418
1623140270
2690461578
752157495175442432
1238622974
397593095
229758375
189454893
367391294
633259530
430200691
325473654
431416460
708028845950169093
463969453
614362165
475134082
4877601425
1043099688
4868432043
1063955072
2523203476
1860383658
3291493733
3031943085
3642445823
1555562509
83326299
540066448
1353781825
582622919
803474330277576704
1444286834
1747158031
383284208
2981642447
1693239398
801070091131584513
1374460555
1387006716
472327553
1492509740
800699001687273473
2367130164
804208006254755842
546275216
602903174
2698697022
282643059
69532732
2267806358
378467099
83072323
63813563
3027478686
738775045347119108
1122699595
2497838698
434309073
414184489
3042840742
837129073
3081135833
4095450675
804031502229110794
81590832
871931652
488525943
1081141530
329766972
1331086867
306058431
499109496
1617475044
999469686
4266188127
854600858
2196051665
2847348915
1154856690
1477088898
2363886035
3971921128
1857779947
745916794100125696
1517788118
2520868692
2576566518
2962772146
724630872964665344
2464644067
432918462
497714059
349877614
1898454535
405879942
1684079311
389517594
1947864529
2874455566
251663248
1133516726
172853293
3290975685
226125316
785089989692493824
437493841
495899677
1566329647
370223450
396141158
402061124
4182142288
2269417069
2730634557
3028809503
324946999
437533038
1219977643
602069331
4854132653
3022778475
1205594306
2376928902
798743088206319616
187280264
481929883
705158956
432146662
406374085
789104165167529984
283080198
2960670521
2517301839
1205274991
2282008813
439222158
478010145
721699643776704512
412601910
4579125253
3295345554
3309946937
2933876943
4702970784
1041834859
3143511939
4911191667
3900766708
3120474387
176786645
355608779
2658993140
224940210
2520582142
1026022495
3970231937
802875456747962368
1069116288
572125780
1179711277
1542926724
599807864
476121836
2733559859
888895441
420255846
2706476465
790099830
2282351922
1386751423
4243675906
2361360169
3154269976
747634158357323777
2259459451
442950090
716756039580958720
2710015803
18484129
708429391
434394574
577023890
384986685
1327639712
1254291416
1857148146
1158164456
1911974670
1504710145
2223966992
27992407
569218257
801934415526002688
1621071816
148556286
425859164
124433584
4833429358
19018243
51107478
469580096
3217711420
1269539851
1110266634
459584150
3356670165
2417254837
3124240699
398050252
1016142582
1619961732
2174144839
416398770
765884647498735616
1462955294
356464544
85657467
2319542538
3028742807
139715784
2548045884
801152682702622720
1681073648
318575239
708581628201844736
2209414790
3399782626
409474239
455999497
1642789244
2332571271
116470630
804119991524225024
1028897996
753878412981374976
3336455937
553030181
1477131018
243798737
2518805059
533059229
481287765
1411184052
57572869
1111294963
401056069
490726710
21825227
418744756
1192866157
1667689482
2529756920
804131581996711936
586568738
1334981161
1104348871
585968039
787676742668484609
369749865
3389194037
3296674325
305481008
803412473420402688
1880498311
758291580793094144
946249914
2501169637
2424020059
256154322
1176112362
2453025136
2465626189
121190725
283932101
428360297
4603979663
525733847
3024713749
2948374265
731252371226042369
1408457424
96333128
80200885
128978964
906668004
276187826
706097800040357889
635283342
560086917
1055998016
455254102
2367306607
2527780688
363795552
488765188
579271577
3053878648
34257738
356404890
2372381341
1259908111
1447215498
4708740167
2358348371
1049954743
512664948
445874575
795764425697488896
766066296618414081
891193351
448842961
797197311201972229
2289164481
290093767
2448102733
727569808540225537
2910674200
3597402316
1064367553
956276568
276924403
329830899
1064357792
1614960044
2813922736
705813420973621248
554581695
2534718178
910255969
210820445
2277403875
706060433363435520
50796369
38398195
3039844868
3164540885
418709964
1433806334
2570849169
541527026
2577315657
215305385
3129266409
146215790
1039581457
2434019798
4544963296
81105552
2354395787
721338196639014912
1111297184
783041518374445056
704598502
1128760278
4586557397
206595230
3243909749
426532936
1004781943
1327241030
765583217067974656
2806242466
2675356905
541759113
145561037
229804443
2463100707
2338465050
586401250
2409382352
1197644424
748416033334132736
783741519564005376
1139157704
2380234909
2190622501
2410911599
136661991
37754520
306997738
748252291959037952
48971201
1229121186
630961397
731370864709636096
1021836865
3007760718
313331114
526765918
799872615196360704
1317829602
113424592
4794652822
512159462
4631600495
2223326053
67746303
104573506
1476948512
103047287
1331543755
3038103838
1341462944
470257543
706808013940727810
1068648510
44839560
499672556
758299566093500416
434295067
403684823
1157043744
556818121
524809983
206136208
451460002
1336254342
757150618188386304
787432374237822977
4744344981
598691163
1457650639
1215471452
169649919
418918882
3086634161
2289825608
939421976
930237486
2885630548
2170644741
2322947462
1128807018
1001239345
1401426434
1394277882
189801758
796099898189946880
426515004
74966378
2321072358
3373946223
1465372314
26295447
3091392485
84155751
30516985
22009685
600136789
2338719661
2874742024
63665281
794287344715235328
1313506021
746008230757867520
3385105642
206592017
2437309637
472920798
13727692
798086349316378624
420366735
717452216840429569
2322261107
847892292
768869991064211456
275434452
581285865
3629530401
1901331644
934197043
2870829545
409352382
2446828928
417119001
2517110586
4414946656
2432410861
2491194481
3005727892
3008763837
458370341
2249959502
725769888590090249
3075722931
949372327
440943555
753838071875981312
2356251718
2360744315
2937209879
440129638
4889849530
1044932990
128747619
486077820
2466650316
754736825038692352
2353092296
128948359
416466936
522457817
2704662807
3034643483
507792558
2716446892
148911684
156316785
410616277
753856766639824896
521798851
732504227961044992
788816274168119296
3930314836
464955653
3380511171
3130622027
80038104
1945166732
802454590608330752
9808092
1410209468
2694982606
799754734315782144
2975733075
3095233408
763274024675897344
763435693699960833
41689819
65494640
765074451838955520
3145421452
2219871178
116750021
396691435
2148839571
3448617916
786809592
17647690
992597312
402911478
492121189
150709009
883730372
476661302
252774715
246840871
476264118
704330777190907905
606731466
51793633
19392607
221902171
94529815
1016215621
1361683034
744828787137839104
795828032
396698099
836271002
521715693
1036864910
3382760081
127025568
459219907
1085534767
124518866
484164719
67249464
803469156645478400
2846982226
607112247
730899685825601537
3007848857
1075391245
3018290121
978557845
2164878096
4847651633
434752212
2322781029
425384977
2537853697
4204326923
592489826
1890955496
2436608759
770150475358408704
1297298568
1690434842
351609587
270418337
339073452
1929877436
2596359046
431089246
602297450
1169506849
2362515186
152673484
2417353110
755901850382196737
574185238
420593314
765113425882218497
151200799
1006529666
469755340
3001145196
2336820800
1242248954
560636317
799879122126336000
1510536295
732206617341595650
4273349056
4869095007
702214839045910539
345341203
790596681989550080
1890326197
801871756160024576
742094210447335424
464064917
2871007953
3004063252
1125109992
701388779114930177
1568078233
2420586324
715083557581033472
2878068448
775126274960416768
111799776
401917602
3777004277
377680158
178029740
58453980
2559910725
1930695714
356050856
1968518298
775636532
733330743800258560
406074969
183812823
2800729570
458632561
4174063036
754037580308606976
567278450
390118819
470412998
408304298
326896586
3019629387
1928252604
2212503497
483258299
58619489
1048083020
2421892166
4172212191
3235663600
730660405761191936
1672302936
410764821
14967240
886499509
2835053495
2322829857
4160599461
3010384533
132464028
2944052776
1372461787
2208172767
490736218
2438340445
42333436
1539421987
17442496
20430345
1296447642
390753281
97962621
1702836590
1364646517
448631884
394787464
730396590230413312
3227318753
3024022989
2456227901
3422769471
1114460935
2847888735
522292867
1109639072
47252494
450014325
743041027712405504
46649886
2565011447
2883671135
4881267029
493525638
2355256140
31103417
1089513403
1542748586
500034455
1579008720
1186603358
3183733485
2217674274
61703985
1258981104
3169965514
374941410
2467497190
4048087467
2277559444
2363914417
252124868
70231136
989322810
129164948
852301178
713145420
612649328
568405393
15108909
735080318412181504
2950650945
802704560
2213272302
1369005530
2901882595
342569184
325102968
455500859
14844426
455266241
398032197
715993103451234309
1971644156
450555112
2831706034
448750282
720932766
1299394213
2995908064
2375003982
419951447
1919132101
387345110
398809701
1037692622
208096106
1384265604
515447802
3252394091
3318421203
1266649207
863020105
1179979477
2530670244
2907756975
464947115
633728787
206671784
338548347
2740806982
771613884
2359323311
702233893143977985
4920828160
605268008
742876376
133692338
14394318
716353562020855810
584056092
519600159
2644280985
745522720025128960
52332450
305255857
985118000
420538185
770348083343396865
3310852186
3347525428
142807042
576362054
527881710
11995712
1888878594
255239233
79211525
331136187
2650932528
4589805027
2589262697
3357308483
238105558
478901296
30873105
1140200162
1079226488
2339135738
2800763806
804031395765092352
725060346776555524
3104344534
568604367
3434577971
818183167
133019285
2316301654
2488588980
968871944
801121195802427392
1059881101
545049863
4018507636
477897185
3488504303
618244710
789786960470614017
215735286
56341776
4483480636
133030062
1043011003
564148431
1664604020
1066149530
358143005
804961884
1331128747
209007993
353666078
706086896275955712
100878763
2385727578
2899686898
157755289
740257403178999808
1042515348
179568411
803115076672700418
1897585116
1354437403
253164055
1974968564
2599643154
1166637379
801870151549419520
282022150
476555720
153342663
581655284
118978778
204479365
431480206
582124699
953542285
740822746372972544
1063009350
940548559
323740874
38878380
30732023
477543705
215686278
831827472
815758254
351555225
999278988
778276896215891973
438476133
1342097004
143143391
2757377255
424243905
566361704
2354315379
563168095
300814551
533176044
497163792
793079724088131584
3360251476
2760582813
2858759915
350184411
374596318
1215945505
2496989087
449976315
759631470
724352816224055299
534655010
779645231285301248
1254790184
3029167981
4414257029
2816273194
405792460
3172911100
421987528
3395984483
412424802
404410427
451369571
29236274
425629947
151900842
122644390
1318295995
593487302
4909156781
2800186939
785367204703461376
897918854
4915455880
1480351040
366761086
1585116362
4914230231
261206179
801592927067795456
2246691160
308503116
81075901
2708607896
3337795559
365105383
364459650
356182393
298450069
770365997891084288
4039568062
436124417
332959014
50233016
993576199
2352305154
1167024372
417947467
800811829173751809
1534486934
713625460878483456
551303014
1910056388
3435602351
419523432
58636171
3048192892
1529579312
1317255619
2951349335
570833587
490685556
2231399720
2827084763
3436734430
770213977553047552
2418921020
2556530227
778321813
1033506961
421723841
2183161219
411574224
4355636235
113643008
3003254493
54918431
498948393
2361206240
923413273
206180236
741394259996246016
361186188
476053480
24528997
769478656498466820
2811388466
2763256746
100971180
388480192
55205815
431603447
851258737
2895077031
1048144170
3090093706
319578825
718185423571390464
431658112
4854061971
430622753
392233741
483725781
281884852
487403439
786233441742364672
124528185
14115225
70684476
2652874504
4622622557
266711908
3294160288
556169238
2703729438
456894487
77825880
3417231561
1446113083
536578518
501874833
2562814182
279935305
493567872
1291622634
515638711
547050389
3986971581
356423863
736596690
730034081698877443
526761840
4098447160
1556455656
2595842591
47987007
2324049793
2322739875
3414864718
698226027756126210
595878183
425033450
342296335
609075599
3260857271
500236905
177654794
131450639
477744348
3179961507
3302489337
799947797319524352
3338622107
798592401917022209
405443137
106673706
1479802314
4818340347
1180215542
1949663004
588553042
199348405
2432948813
577814489
743514238493278208
2373340799
66114621
96131606
526735998
2880664491
97699315
2978426715
318939574
3243194073
4795079603
28847707
2909504255
406367602
55568482
3173819499
1082407140
308986490
749325100718100480
3237012287
2165464137
67423279
71087648
1030789004
1119918066
1044539172
793395119533719552
1076880152
957926748
1880948568
1096331473
707605903328075777
332894847
362550965
433671269
479604138
1042134122
1069206085
269855245
490373717
476161307
27877758
1683090120
2629809153
2975094340
1067127176
447432073
136982977
480531196
923947808
1037834695
3184354421
846045162
784500022410969088
4868655040
244574767
1369349910
405482706
1006967593
477092880
2218488888
471861275
3814697663
1119456882
3145265249
2968494970
794598299424739328
400480143
334715057
457889747
34916967
800007711584874496
410852015
2361317193
790619251145109504
801074276816289792
358119628
1249912915
1248044209
433545543
2314342300
368950045
742048419208925184
775767378076524545
2837297105
2384687890
73587691
2512944834
2559438244
2244460336
2710647804
2540653035
802515553
2416492224
3225190005
2904253755
66133398
2917635863
1556702114
1134804595
766147249718042624
2786595941
18396815
1049009424
65373148
1156624495
188787298
533142566
3368018859
93953682
46887047
3343231708
392605313
1644683106
1397326392
3335478268
470113437
754738926083010560
2460156105
534375344
92956054
780100421536849920
3973423342
1148226661
1325348036
1318037611
2937388577
3107226245
2692382110
802320974
2185717829
310195119
4775882567
843757543
1931938928
3176594760
235660726
564360716
795355429798891521
2388884552
1095937459
531755919
1610203530
3221712009
2508927513
522906124
3975122236
493854798
858641695
796177425784770561
2754433723
1413539035
154551775
2679377412
3194476737
166567376
3305477253
488356774
776315743520583680
363158162
1241106426
296713660
1125594104
597752798
439245001
141529750
87286001
168796358
377660882
2828318059
857921246
328067350
725810364995231745
2857413639
742426208
2851592991
405919398
2910692289
1361783983
1350769627
1344701089
117701249
608359188
772516683693101058
406437699
386684448
2444362003
762435750029688832
2231463645
211471014
3381325839
3860196976
608063632
98103225
460226131
407891527
990970134
2986513055
1064151775
3346552000
441277571
153531595
2577145604
1855414472
420905398
780826146883592192
464059601
213616021
4063380377
758774171312816128
966686160
2837876374
1928837743
602574015
526838409
783020674952626176
268811761
234339579
559360022
1524465355
2244571279
804008103222054912
759712744044056577
412670404
2898075617
2614952764
1031879690
799271137276477440
432031665
1419892279
3060280966
4821193318
391955295
1238556302
506057249
2197493125
1014870637
90593797
4787048363
259731992
3172267571
486781021
756326148527755264
590188450
1621311559
399617102
1924748329
420194671
1893744416
397572858
2766062542
961184737
746691972459597824
527379677
791345703679324160
1215067777
379030092
214475387
3080146495
2753756865
1876700449
779870528
204701915
2986141805
1586673164
463347621
430193635
2283943289
1032240782
1100422622
723554886651142144
289176806
2589832160
1067982564
541178236
602182097
608420247
539174332
483352788
1411322347
1050667999
752800121138581504
714226829071151104
1346566790
296475664
486759593
2606637891
3156887011
3117151365
846987439
752010888
2529845120
154487155
429818263
2359426044
250774432
413756995
85590368
518077571
266700017
77554140
4818775001
377410041
709985365206106112
333441243
621383690
536639916
728561907720966144
729981130007531520
324262863
2180831464
4039903701
702629084099121153
2511976193
1729125788
101573147
2328811540
401280832
779589843047354368
998138210
61769061
500214625
226532072
53021813
3224669813
1168160534
430995535
2342856875
941567396
1384894520
2148555672
1021660854
2494752635
515870436
2784216706
1063032426
800370508793417728
3385699887
2167432183
572426495
1123148515
2350350043
110190828
317317234
1069555842
2367055346
21336055
419094387
440724583
1694585623
557827565
717894055405961216
307819050
4633772304
3044887245
2396676379
1277743430
2673223279
164780237
331629012
2961761943
770157263118036992
2163487923
2384025086
4008843159
379911441
259594142
585934053
2323867147
501084838
3047652054
763025898736082944
60995609
2405656973
821204528
2948897212
962612156
382817123
1385223960
2729415801
707348966241865728
944721086
385132187
2822583095
707424884
431157210
413217587
1522499318
384851495
425773398
1218018804
3357091883
2469903331
391424539
2965035839
3230165817
752115771174686720
790948562
69218842
537508352
1092992922
757173570783043585
3319305760
3044947366
2580666506
1137449617
2727207762
553788916
1410257394
381953555
421148475
408670406
314392100
3251331238
317680130
78562487
378831710
422529041
2689665578
367692964
2480246000
433717645
422586035
335595246
2250146109
801808342125514752
888283579
1025143716
822184940
394241598
410972234
738095532166553604
731917270369357824
70353394
2477603211
18680083
33837232
520826737
1472290938
1380421874
1895164603
4743531021
2180547666
1078894352
4069173009
2756869775
989695621
4195440875
115139827
503022745
793604649634988034
768783082736455680
794302419203215371
799974811468464128
718548890912481280
359096965
440129895
906858110
1655828119
2608133516
2778061603
365643477
471250754
40363134
760387692958015488
1142378659
1061027394
274580306
788368573471293445
801827462757883905
464127310
2709647816
408277343
99973010
492336250
390273635
2858721511
2178758289
1644456139
2248969512
3069843927
3457524023
1057930387
396218442
98212000
953556182
3318877703
773183546966048768
458620740
300888596
498017973
134193028
1639689480
786828737958535168
1252030568
340300921
1969190317
1120164536
1275988495
303298353
455377234
446903999
411670414
136561250
2665954830
728107134714437633
78863434
3092183353
2735797127
4603127836
2988110818
2396523013
326226399
410284875
2767355170
2274963017
855180290
2792050237
322005190
53139843
925137320
1732490672
571248360
3613181357
385512892
808207176
2798863589
718853934291546112
786432845111635968
4582785148
26216423
782987100127985665
3025536011
2853887183
56649449
1103554206
4331454017
714382420
4703605746
2509485582
796311583077044225
4908499649
271541039
793591515796934657
1534580701
2155070496
33226107
1679376193
1926741584
318882223
49319803
2495046013
932393936
258382452
774540707197493248
330577430
1012423344
1222622413
318434829
2543538403
173925687
109573130
311056063
2949739355
826996970
378706057
3362139339
353575520
3047103415
4256026096
77823743
509039455
3457493836
620071268
439479080
778924404617207808
267335558
2271999013
488853186
2890416039
1234419373
1665968257
1373273234
346411027
154312263
1042191494
36672085
802150000440569857
537439213
396864261
855410450
491284250
4702133172
236794333
4019231493
1101963793
2385290202
284706444
2273749855
2495725759
3036230170
2294545616
67332005
1890293305
1241515435
2344799433
54357149
1389570368
611680497
2548104146
433287204
495717341
408580036
745595735966613504
1916734963
78971533
26504043
89271619
907687309
1193780617
43503218
721068668944314372
257709473
4524443609
735980645273489408
257223860
486892441
509309634
4134002751
2748504147
630918299
73595849
53046364
2540154332
77207264
209228950
1086749148
794457420651184129
1278202914
317769975
425231323
542766889
797374091959406592
334314844
2878690973
3242759890
634434387
409103399
4812464489
489368395
489222429
2574266145
796759446370271232
435173619
2363684405
316511531
114158160
3381859335
453851050
475836408
154572149
1039127888
283416650
1231624994
3264794374
734839351
243097501
132092980
3955747101
756855937856602112
491318883
616442617
15712835
1412500075
2400871240
990661279
434108665
3417233499
4860559857
773956774932127744
2760801606
2365532641
1068728030
15760943
1089615589
414388459
1201274174
738311371255906304
2949224753
765647763442896896
740557397668794372
607517520
759704358887890944
217456749
4897360193
465631373
3139667865
448732675
2850871143
1394582718
481607457
3347934334
233704986
709468465531322370
279274376
318713537
2565231604
46650696
239779690
698952953865052166
232908749
1063694274
504658270
448430045
91853857
1278700207
401688638
726007952
407134896
34187758
4872050638
2396793506
2224559949
3127610290
802257747089747969
1109887628
3527260401
575138798
767795023970697216
2464828514
1451771017
2271553504
2879472009
187419451
705029912265097218
1632825432
3367479099
53345590
2184159493
995642131
3869622495
2378654494
792338652600864768
1318760557
3064945486
192527030
2352984616
467361179
123228803
545522033
372937945
298588711
1192735105
4384882048
195279027
711672840559464448
881565745
1120206308
155335297
2422875421
701294435720687617
272842856
1090249998
144117296
986666611
440369809
293372970
211061112
72248630
425122600
3003700102
378489654
2353012439
379280129
3053979329
558591392
119067790
378477654
2736319824
331872223
3300431854
454142762
3332293899
757860425451077632
476976196
256491020
832016611
2157719841
2980719255
406907214
241289430
261233190
312644183
718791150325403649
181695000
3083483560
257953952
429898007
10611402
803660233612607488
3377922353
2359465576
826085713
383052987
4060369233
723774902
1048569343
799888714075930624
81837035
979279446
706522020016746496
901555177
448998373
2224402028
42399072
4449540112
711187023
242954953
559988325
337155946
128272098
3211815933
154924260
700901262
379022377
1014815928
2858584827
430743919
2936864140
3438025775
1162248949
2362829526
2163227033
125851628
1295101627
3233336236
986286079
1010820098
51039698
419739649
478561355
102717426
45346999
1106230255
265335910
3928015222
3688803513
538561359
804217770
1117558933
2964938091
4264298260
2588246800
447945408
340803178
2940755837
2764299866
86209782
3023266619
2775981333
797805269539520512
2370723536
1347344792
763403289237000192
795964357893046272
3310877290
407685967
3404851961
1068963974
163864898
1829960281
831768450
1454710987
25676606
424355891
791992604640604160
713107266552139776
298123237
1368793633
96563143
324818479
901957920
2338806398
311694861
2266309267
1876212612
