438336172
3360763467
2342630384
1460451570
1228301834
517766026
257491066
756942850160459778
1448082108
588180335
13382082
3602290937
18616891
73380336
14494317
1169608560
1283518398
2353634446
396841926
700397967262556162
259401630
2211479198
65335565
4909156781
1145584326
1062995012
157654836
215051761
91559209
405004713
703708224168599552
756381235623198720
1009689127
474746645
3375673725
215374702
3980680961
1605405253
745228268
746305585642110978
628183914
452858854
983610942
491233877
756946317222486016
53053554
1143153842
1557615492
2350818704
696595370395172864
526191743
989645683
432950146
1268297346
757189230342840320
832669237
725422192046039040
4039568062
332959014
440691898
708270672817082369
782809034
756975575085047810
50233016
1199579786
1015392134
482924290
636107588
417947467
3342653327
2352305154
2241896284
74735060
1369768926
1534486934
2352880366
720897240366194688
499128183
151945537
472245527
1561360807
604888657
757325210345431041
2804363628
228335333
1545110719
461948046
1230556524
1174274426
728807104790794240
180317088
470889853
1573078681
1307016348
773825985590484992
2951349335
1318305619
756938852363825152
407003733
570833587
1241565397
214157200
581787698
3365524863
705451641
2827084763
737370217
751315632134717440
728166959427268608
386154304
2340552066
757334450439094272
82636356
2798224784
756976733417537537
452010658
706491889701277700
463591267
891042680
803022558316687361
931280858
527752168
7184902
447231795
1083889141
714415509790400512
92609877
2942381427
772030120097935360
1216404584
798261254536183808
781046072865087488
756976695236845569
526552069
154967452
133461180
4218794297
312666587
3390886840
394233849
3217393599
413354451
556894842
401258888
415387207
3398394214
492928982
391562318
1586227562
63562263
104960470
2220186288
796837709994196992
2895077031
435671501
783613594810351616
2789842566
319578825
3140224961
396459358
782479854142943232
483725781
3426670696
798850577547464705
281884852
472252495
626845548
590037686
472998662
4622622557
779838747777069056
791658298521055232
927916422
238697794
757432619659395073
2403776046
61727028
3750796637
425234585
802966505084297216
2178600592
711206425
756928194108858368
3070700175
2562814182
313967125
1288209314
14324681
13056322
280401262
2344846407
964810638
1291622634
502239221
1126319712
3138188655
840555816
393494421
1034417863
365932392
4646639727
2218411411
2525599681
2558496329
116190223
767772101503836161
3404479583
4098447160
418153325
795290773642215428
2323955682
371749840
2206083227
698226027756126210
2878408107
547926248
254998344
1147448544
1179770209
710162008180662272
2509994134
802239899017613312
756979603193860097
722919613
3374386924
1082984088
3179961507
3762684742
2315062792
2592691565
3064584471
215419540
1943352259
18680596
1238622974
1038231816
3848130435
397593095
3165797395
545193639
720978207437144064
756350319815196672
391286828
799900104123707392
700397826824654848
139765259
930694034
743514238493278208
1015870262
703338796826365952
325473654
311381225
614362165
3291493733
466789101
1518874812
2788765798
521337019
340573242
280068726
2214537264
1531397095
292164334
781921091510005760
1444286834
993545408
3053723635
2428678310
3239066199
398570282
3252061715
49758744
756973722066624514
249318832
430673327
8556542
50361109
733949610
1447003466
67423279
3052918302
546275216
602903174
2225433889
3005755821
793864961894195200
1096331473
2509183641
1528759902
362550965
1042134122
490373717
763315505910480896
2497838698
712003376477646849
790625241856937984
1478297786
2986885877
480531196
563999084
2561421959
486907657
182411035
846045162
835166574
2357226215
3132601540
405482706
471861275
1068735534
4866203493
1331086867
760072132680384512
3758739195
1921210748
999469686
239871080
400480143
939425341
266841916
1006553846
2847348915
410852015
83386342
1296505926
2877804497
154488615
757264840872329216
260683267
312037859
756970233089429504
46224994
773869687465803776
2850135335
46928097
2520868692
251094642
69009732
2244460336
428908411
2248562482
405620123
81318149
3225190005
786481498660626432
24530443
4449871396
2763946546
1143922956
789866400332611584
764481961993834496
2982251703
899385834
93953682
1500687954
11945512
801520165250887680
432374589
1644683106
96337794
2479620311
2148135826
35804051
757116190821056512
1230470216
260395463
1696277574
2342101993
722850803464015872
324946999
371781632
64522965
773684083117490180
788488943536902147
787562992728670209
798743088206319616
584739670
614101601
3871871513
2609290294
4775882567
726721856749842436
789104165167529984
3166034463
2517301839
808531951
1480106364
1004351580
795355429798891521
2282008813
42113491
104580732
16476536
370200598
4702970784
493854798
3030153802
62071167
303219287
757121454492250112
2436415936
403444000
3063738106
498956277
757450560350068736
1220767266
775303692224458752
430033435
452294805
358348320
756985873556709376
1066344667
1063332403
1732349316
572125780
599807864
2410447644
4142762261
1551053264
495466998
141529750
944665938
432009958
2706476465
377660882
756916144838176768
1386751423
1083726745
747634158357323777
1386907261
829814995
756950795854221313
1370106768
316634046
465587507
36047644
708429391
3123387999
405919398
794092015634051073
1116674660
3588475175
194275021
557366826
782278656622202881
2729953324
335395171
704779333307650048
19682207
995763290
801974236315340805
1036494895
450517687
738805650344542208
150608013
4133217027
523387439
4833429358
803022726768300032
2949242037
354125985
383646205
3217711420
139464051
1534748126
61046134
606958796
213091006
798269524663533572
3381325839
318400179
443775053
345918295
608063632
460226131
1238682920
407891527
2318283220
1016142582
3014227258
2864243287
1037749440
965068518
936405937
341989260
85657467
2737910992
802937898739888128
794455102325145600
1413220182
475234937
801906268956979200
3870902416
783020674952626176
2651374166
724517094491037696
419046277
437833782
234339579
582058600
759129447022862340
4229963363
581185063
1434038420
533059229
225168723
2898075617
2509301951
368772601
21825227
789083571365568512
756978675602558976
873734450
2257121711
560670383
55183166
762951852283617280
501518665
756999416695889920
2687611909
611454326
1014870637
751709328495828992
418218972
168976687
369728921
3290337525
502864340
14703893
406469071
420194671
520662652
1565976750
2594365060
2424020059
925583479
424915583
404335163
283932101
424899445
800750620818800640
31091958
732960728840298496
579438624
59073202
448677905
2226318312
1439358858
98491122
174295922
2948374265
731252371226042369
2275495767
4075531942
725937762449264641
80200885
2423442685
3064999798
881088181
1123709442
1067982564
1870641289
791671139521142788
510652108
48667774
723159067267612672
245079861
757155688971894784
710498404531630080
221767233
1346566790
78326207
34257738
504545175
485841317
2179652340
2815530124
558975152
752010888
790567158489153536
2358348371
2359426044
1581655399
452082534
250774432
2363057508
1328664937
367398011
500802902
766066296618414081
85590368
416422287
452350565
803022612251213824
2420640549
2258870403
1357827044
290093767
860205385
396831702
803022398048104452
1064367553
621220399
756980348387557376
324262863
2180831464
3410104307
53030535
702629084099121153
496233111
717319878542245888
418628923
719102022591639552
2431061097
1729125788
801816292013539328
859927674
2694243000
735551927392567297
70179939
416588407
3296497990
554581695
37892753
1092084720
721937520771129344
438849246
800511027439730688
1168160534
1339529246
2810009016
766901213371793408
3164540885
208187453
348079509
2784216706
3365915002
323889720
2426950125
83554278
2517909115
204456385
40638218
3129266409
3385699887
752858490985734144
777879171993337856
1558587134
3309510766
2848115296
1137926508
2722863047
396756630
776453763624214528
1289227574
440724583
1893394914
225957971
799383480396300288
1377801067
778900450812764160
391486485
57060570
4070811365
1327241030
2396676379
836055234
785032312123719681
380551414
2267787658
2904244365
528480384
54939844
757137586238459904
631461481
2230287932
4008843159
601876444
2816638404
2791075913
712430076311314433
2469186961
563894209
2451869940
565475307
2534934933
57479575
2188803397
515350705
784721199838457856
489562627
705462413169205255
3251588698
4551592522
86455803
22127498
1385223960
1229121186
68362418
51720974
2634373528
224226820
598650191
707348966241865728
89212874
1386861416
313514631
757117740859658241
93453242
3162195879
413217587
2331656722
4794652822
2296153657
574747359
501225131
929249360
221179969
308905321
215187433
2351775654
17565436
133366702
391424539
1869314520
2343281118
16114528
507724462
454087308
757439795316621312
433578599
457615551
3038103838
2189190782
1681033327
2746079253
44839560
43542804
756972726011723776
164025117
215270850
237878540
4432360889
556818121
142745300
1017974048
105102290
3251331238
497879349
2689665578
775774416768761856
856535857
418918882
3420330395
800240133974855680
772125245796970496
2228739276
757226241305014280
120191478
995982720
2885630548
293702585
801092954454683650
1128807018
794510895254794241
1025143716
204791100
2593299788
1394277882
1849326181
426036632
189801758
465753888
445050879
1018179343
2310308158
458146177
756933997675044864
599969384
2477603211
346676055
1380421874
1895164603
391034680
705902091793883136
564038388
26295447
444241960
115136798
485039963
4069173009
732773769824047104
452985926
17439787
586641570
979100648
600136789
758304360543707137
605303095
1269116011
581697530
391466134
299551316
2301960876
183287158
548950700
1274882076
2400326462
424153335
13727692
1131205976
398023821
2618363746
51522357
764073381532753920
788368573471293445
762274877806084096
581285865
758178577909153796
236335841
464127310
2320030462
541824556
64144248
753700981
756974538613727232
3069843927
1057930387
396218442
5847962
1872223814
986714714
2728490969
425365839
383531511
4659874881
1273225644
3436942246
737964567737864192
160584970
2585792659
1270692270
328715454
2542387598
322528854
126883491
1086700214
122476603
1926324451
4844733082
962049919
796742250961268741
495011205
418983027
2346769999
3439145415
1044932990
406443794
3328962976
486077820
1891583048
237480935
491142862
546851983
303298353
2160962193
1105814539
750645206224076801
288339892
2701310119
2716446892
191254467
613870699
1085455423
271468279
377374276
2665954830
2365219877
134554873
746826249222430720
975443228
598697094
1591737049
2988110818
326226399
323672484
437710793
319782293
2180163853
767040529100079104
1025012509
1712830392
1410209468
2694982606
757251614851883009
368819722
427209531
545474882
53139843
1275308629
763274024675897344
925137320
532562936
740625579108630533
2319258554
523613502
1642612118
3302069128
4820995677
2212470754
786432845111635968
771197191
396691435
451003130
361341817
337171830
2832335447
2772829228
244749771
771685541259669504
2456929573
96319859
490232626
2364479547
69030213
80535844
205694039
164616607
4859438769
2350743580
2741727190
3322548533
2196452947
1321896918
1429966902
756966592651591680
756537349341929475
19392607
33226107
730811617
762958064861507585
294482809
552146418
318882223
49319803
850130671
297903655
836271002
1111564699
586675940
757005097935273985
843573301
484164719
351541451
2885121955
2324434960
249862119
695753
4777957102
484283282
2494175436
109216039
205343190
280174933
2322998168
4027612270
492206430
1175587957
462427721
1613475049
826996970
420243350
757238995936014338
766471224
1392593060
4204326923
774612532036329474
4115046268
22659500
1540545835
757119692884574209
747147930742755328
445611250
617532607
374314630
799992817007345664
757359905602990081
2951279819
1929877436
769509145863155712
796340446221963264
3238508633
2271999013
144968778
1282855974
3435148533
278915300
765113425882218497
3033238948
3001145196
1230361375
1265161945
89492862
2778824457
220996437
785027790961778688
396697179
414385318
715597025404968960
585845073
532222780
1101963793
795327254834384897
4891656874
284706444
799887615335903236
2969699331
2267174346
2508295280
405426716
3165917453
1067756382
770611373713854464
2477156634
611680497
2359153168
1461815022
988334522
131446695
391237371
701388779114930177
1374652910
4770365541
26504043
715083557581033472
2362415546
1264018218
736480425900707842
1857295158
65008580
602802570
257709473
43503218
882872700
711299618219364354
2359832450
4299066556
2891814472
217709750
2318976182
460611317
138825055
2416229854
2309237552
2559910725
784447428
540701757
127435541
775636532
43993712
3946448782
407051453
476791070
16156600
4174063036
783162012067106816
567278450
1443830137
252755806
1132188114
496343408
33039034
1086749148
3521388197
522438312
429868696
1248307267
317769975
603863493
400798557
168586183
432211151
4829874545
786778001790959616
1978729974
797374091959406592
410764821
1693164817
1045573032
2444699616
634434387
756462476045250560
2358573780
4885275489
4160599461
796759446370271232
435173619
760371582338498560
356042866
885661050
787874743437430784
63060955
17288700
748396519024369664
453851050
428897370
912833226
490736218
143250248
602544919
1539421987
1975150249
373423842
744972803762454528
147726261
39811287
132092980
986111888
732478040748363776
756855937856602112
737918135584620545
431084648
621771505
781059922624675841
1608842990
995021599
3026614547
870647947
42689668
3417233499
439389927
771813207853916161
2981423489
2456227901
500881322
3422769471
2497628532
141975784
773956774932127744
498846820
62004025
4787684421
2209486779
60078770
984558008
558334886
3474585855
747345731992772608
494169487
43498338
756983014358384640
217456749
2970225064
254154874
1535046697
370639956
235323455
756389695337234433
2850871143
461088423
1464788840
174428238
940275222
45400255
483304367
1579008720
785232470149046272
2217674274
743850585410121729
899952481
2265610701
1294174362
1948013262
61703985
563558852
374941410
43335211
1069422908
950642215
1313490145
1371655940
404270503
232908749
1063694274
252124868
714928011267678209
799219281451958272
396146922
136976570
803022704202973184
4925341691
66742297
497279830
47493493
270050737
154082631
452117960
499633425
802257747089747969
1044579342
504980671
3888428213
429565076
2322734663
2235047637
238909679
47070346
2464828514
1178411384
1451771017
756975787572621312
782482968581378049
2803090973
413968010
603612465
455266241
242071863
590833841
1121935962
733695386846662657
3995124705
759717599328411648
379224837
710743506520829953
207939445
2281936099
1726446366
1919132101
24405108
4893362397
1384265604
408152974
3064945486
756971240347271168
2352984616
2221643012
3432995584
4646366962
863020105
384881122
1091413250
4871884721
2335372808
3301166702
2876085995
1117446373
450654477
711672840559464448
440247035
2307288968
881565745
2748283938
452382482
794234183128322049
290963421
776366439632605185
217003698
3318915569
254554605
756983260274720769
637057911
720266765650014208
10438412
4037154413
2415685429
2441987950
3009957903
799959985358864384
3347525428
142807042
756965974465740800
479330315
765577612441817088
624359831
3300431854
801951603607633920
3309670823
969081366
4891674807
405498561
4203607113
256491020
9564632
2900717633
3030533474
2826939708
602706933
789577810637619200
624096392
2928096323
3083483560
1037841374
3357308483
257953952
385037966
1079226488
708529654
232559332
293044655
2617314057
169233625
2825355747
803060307384037377
502118586
505826561
818183167
785763689345363968
915566532
1510132044
184389349
69896457
767413359448842240
514395905
448998373
757154320009822208
1043011003
248847422
1076633162
778495358
1009626624
353811477
1299375126
706086896275955712
425774798
184747714
251192598
2858584827
779405054147190784
87650574
100878763
1232033858
1699901659
2827148957
1209547698
377272505
426152264
723957867011837952
447277419
2163227033
767875664
803115076672700418
419907704
763647291660046336
757125143894327296
4464016355
1897585116
757425893677625344
928202780
2852272811
756938643231674368
418636676
419739649
618538917
421839918
430437851
153342663
482200058
709470932
204479365
1203189763
914964973
756991026062131200
269212676
2973459185
411332075
2348837399
2862441234
851112127
62488299
2751256629
2594867485
2273740121
33521233
265186391
495386998
477543705
3032272127
243207562
979131565
774133777412923393
3026519279
575116715
415394913
351555225
1006685844
407685967
2616680851
566361704
1160278561
1492497582
483384295
533176044
942010068
524493374
391620881
726295762275958784
1829960281
731357681613721600
25676606
701059824520396800
424355891
2819178244
537290044
1368793633
1119007478
8266162
161740961
105846902
4578456569
2728402871
2872888186
783180575452594176
