372344749
732564570527674368
599247299
788124436406923264
82578103
2597512767
2511415512
18616891
352164101
126000118
215073544
46898720
45389601
472905491
732350028216422400
757989565600858112
31580856
603170028
68689180
65335565
989351852
435644392
1179157244
3303278242
3035292231
2313554308
194972957
1444752530
3017889172
802141581662941184
1009689127
2873782396
763983425569034240
472966889
511735099
392096209
801449731805347840
210371655
452858854
798834368798072836
354314814
1410444858
53053554
1405465094
732377227501932544
405595269
370172207
164592843
446122798
75538541
159546644
508588196
732504962509475840
4906280991
4824031401
802263885755666433
251377969
2986498385
2241896284
223881169
4173642952
1885715875
467389922
499128183
1048291818
731177161420312576
192258181
2991872159
704238977
1230556524
2814599326
1174274426
180317088
4528485567
2852316766
2594466834
777600540444389376
1307016348
283636579
3157875893
402995433
773602742
2800847595
776049461244129280
111933671
3380332570
732825152988274688
428239354
3427709602
790264879735304193
71965204
497021694
1734368941
329734973
2264336711
858003427
3911482575
748548630370521088
771387619360043008
3094077212
189229826
794538327085084672
2903619039
527752168
3256208777
476627549
732482989565693952
498964636
595372301
732480460589162496
945407058
1256727248
732278054073012225
133461180
2895641883
1583259805
443187387
3126510327
4829916737
732828942747488256
1014884664
801499650222129153
458708195
4340457033
527318573
493949099
133373778
462882815
2328166991
4252198762
2459564876
434259018
474180138
268749571
89581413
2299766748
453341089
2629123617
780748114600669186
500122789
4010430377
791374730536386560
2170742693
732532585298067456
2350026720
3426670696
4354338921
271990882
1361372586
731013154403176448
3020513836
733743405751271424
257390333
1562752760
539942362
350256698
425234585
268850788
2265249203
2178600592
80583467
2523533104
1635661050
801348354760474624
1434986550
331005596
3155682418
505805390
3024722596
158288741
329937650
495366392
3355724674
255666406
732467769619316736
2927551738
416261733
759428777793429505
739476036
1045330356
353538686
2303644001
2525924002
1628508252
3555782356
601284359
741454154355335169
732375253
11600382
1554152342
960087626
186221116
2460104746
1051114320
2323955682
409444860
783762422721048576
732224983909289984
2177864810
2353298806
2541176620
732414937482465281
473848168
1147448544
732302370571464704
430633617
2832177977
732832019160440832
732306668663541763
783613451587489792
1655311418
1227799914
798264883062206469
1623140270
904598748
1106149818
1593579625
390622095
799900104123707392
2773268453
237422784
930694034
70054648
1015870262
719146013823537152
2521854263
312572813
708028845950169093
107881446
512506306
184425554
2746995422
772854489573359616
4868432043
1244749964
1427377026
2523203476
3291493733
2902379002
767813014309535744
732512160216031233
498666191
1444286834
1747158031
425803153
3401876698
53025983
732831795067158528
44395683
4850517705
4053925588
775039590784729088
412153660
1965336218
602903174
17995753
45105010
173239993
906349453
1056201254
770615305
3038910641
3027478686
29164255
766015385065910274
1134411866
1555488049
2497838698
764201799217717248
732301460915036160
407937988
804031502229110794
2427072883
1397374658
486617604
22053686
1045064690
393392832
482940177
3254009057
747675296049041408
796449951643529216
2231561825
723818739712581633
2363886035
2877804497
776050554418171905
3115905790
2243105962
4905419657
515863115
735316014
1083460182
732414646364348416
753570089094504448
2893850735
732231821392510976
1898454535
772520766885728260
766664451223330816
614771274
810711224
2420367649
2548419224
2414699069
1133516726
637327428
1143922956
1327701390
1331076596
1366999759
4868607605
370223450
391247874
4182142288
3005658063
65992396
341960665
716357499939586048
4185928505
2479620311
398087952
723198319
821719770
801841062763491328
1127949558
125022031
1601362758
732824687802232833
1205594306
1578645427
732418044467761152
2876387074
798743088206319616
481929883
1004844222
1209522866
408076062
1283446118
424388863
752244313875251200
2517301839
50637276
3169131753
732380130530758656
2282008813
1916781434
4579125253
732572360071647232
731018092617289728
3309946937
702339929
1337596044
4702970784
319166186
499227001
4911191667
3166400685
3063738106
732278717427404804
2658993140
358919228
224940210
751814461690900480
744518687617593344
2923831751
1944771061
77551265
452294805
113728322
234134162
732227682533036032
1113910442
492688472
732823264691638273
572125780
1050697136
457608453
495466998
2917603617
944665938
3306953649
2361360169
2615476385
2259459451
3025368046
1213759908
708429391
2729554988
447854508
2167053595
1327639712
1717274785
1158164456
1264718174
732823537728294914
732476248107048961
27992407
2198223645
795729802091266049
4824798082
2593093289
625802529
742705128533299200
4211120805
801934415526002688
1558834609
1174975232
858249276
154322105
3198028097
13549192
200680504
1100783203
782902869125107712
3217711420
424858530
459584150
345535835
399346824
421812723
2864243287
365065358
732352921464143872
2416323679
796097962384433153
897054630
1443750158
85657467
4856265497
1372517456
1134483002
2242729885
1042524565
4161901551
2175763696
2651374166
2466571483
1642789244
2332571271
776472160172924928
753878412981374976
3336455937
1434038420
533059229
911094367
761971314781487105
525677912
183686681
2509301951
3906735870
732230231071805440
586804044
2199795114
712647058709155841
4880621775
3716883675
531660359
2435959670
793115977634484225
109034099
731142728126324736
992686250
620351637
51271311
369749865
2543019165
732507802455945216
185557505
369728921
319921345
1098845929
297097891
543863115
516802751
374111956
785165792270749698
2501169637
744453072601161728
4513314623
93846109
3306426130
1292021606
4905992363
595517608
800750620818800640
2582924537
2771197095
416165363
2979240557
795271477901791232
599138109
428515597
2355249940
732514315765485568
440991666
258861907
731252371226042369
731155881694515201
804080566949859328
80200885
800326102170222593
4197625936
2791419194
503172196
633960487
702592567830028291
482045811
731319983880437760
2377659242
697888828955168768
244869589
426200281
16905927
1852391984
112764192
2318032643
2527780688
712376322
2544957299
753715333173747712
573977989
1286324820
731078960402948096
1173130836
1314132968
3843282933
745051820238704640
1447215498
1379254362
731139930362138626
1154934108
1653188624
423088643
766066296618414081
416422287
561375612
2181109997
2316954791
2448102733
3053280669
2376644398
2910674200
1593767335
2316972126
186008438
1368152558
3656005667
2948863234
2181953194
991727834
1200806024
715423321094033408
705813420973621248
1065733735
387585601
802979230409719809
520251134
761303645518499840
1120077589
2787508709
717167941
1296801535
1498709755
891569430
2341083257
2986947023
732568610074419200
1682954814
1927514694
68410341
633656184
2408803254
2460047262
8505512
732468170582171648
425902454
1433806334
200146354
1146083755
3303075142
4797073893
423992369
350442512
335385772
1215628212
110123858
3036352179
282516991
1148897880
1039581457
50286652
131539907
799316434581078016
416310352
915969295
19779684
721338196639014912
500566096
2487043426
304598010
731016421942169600
516526915
1168797480
1855120692
2230239426
778900450812764160
1573144694
1025169505
541759113
3025616883
758935701698191361
627251488
592794332
2231898250
421406745
519506055
783741519564005376
3005280669
1105944535
268463193
3468355577
737329919563292672
2410911599
325760306
134206590
724208389
748252291959037952
354284014
1006906356
198981234
48971201
1229121186
712081496
404919799
2296443458
3212201980
731042723403161600
3201052948
1435908997
322933929
268001006
37512469
1231366670
540816002
1088677627
3005907202
1021306837
2821366407
59165953
339672122
211547752
1341462944
732375157575155712
783659585278242817
548616993
469539285
3096956789
707318418677092353
732352785237348353
2428567557
556818121
946023379
395548966
787432374237822977
598691163
851981688
789443113651699715
53773490
418918882
613387563
871790466
309178760
440146174
2888908630
2385396421
771404187074699264
397064533
368588066
733258234069458945
1394277882
1204076264
412129293
732478196650631168
803339497190686721
357074444
4851423724
780095104132509696
428393835
1069157588
1280953482
1114933524
799177228672237568
26295447
452985926
2321086998
723203630917136384
454088602
2338352144
2491534261
2978007322
2338719661
4764209895
1392618446
1504034676
794287344715235328
1871088685
1845950018
13727692
1183496462
990581779
717452216840429569
3987937325
416402068
3378127936
3673796295
613917828
2322261107
732382812658122752
732474033128660992
2389161486
3295658451
207066712
186399539
528507835
799866654717054976
712712005287813122
1555826826
2501546732
2446828928
3351609791
2302034329
3154530838
3331059982
3436942246
453815626
732470615978844160
2870669794
187618634
2360744315
779976176416722944
440129638
247726328
1044932990
278422359
570274433
4069758477
2466650316
2353092296
777547178516553729
2148100210
330649384
530990399
3034643483
716591970106417152
492880987
507792558
771388686319677440
23039757
4372999402
763388821677469696
732543242168864768
732384124950974464
271468279
39481779
851233315
337644410
972872618
521798851
2850824954
800775774244483073
1015578030
732564987579879424
838485198
2654152260
3014428659
51419546
273113501
497996910
202970414
1035460693
384914074
2540480404
3006232925
715785486
3012771052
2975733075
799754734315782144
17674830
419862356
2258689712
2911669271
982628515
481154512
925649047
3289975816
732225699700826112
490602212
2148839571
3448617916
3377613693
770366587522191360
757257628263276544
227306075
2169476813
731069865310732288
27913369
1364490824
2845429815
19392607
4897441318
1016215621
1374146521
429977509
2787878581
2533019300
473735597
2149366851
2951442201
2767985158
490733693
836271002
2881244285
22757909
701513839989358592
459219907
3027511292
544700808
2597549564
537525524
4300930595
2913833871
1062799087
538088781
3242193825
786273506849853440
2846982226
1443706704
702047704889868288
732309054803091460
3064533802
2366082457
2322998168
2751139073
1322551362
3503852177
1472157098
462427721
949878890
22075599
1015149367
2312169774
3063216130
732481517914447872
4204326923
398609310
1127733265
1367959076
22659500
3045127324
451473769
771413293068128256
926117844
2180545696
747147930742755328
2415388679
2360519002
733383127381487617
27436503
716653596654313474
2314403526
751547228
1312010358
1114681735
608125539
1068405199
760806683564240896
3230638600
754060114886324224
732828628904497153
520657885
2412507160
1146147427
2178157155
418116243
1923616602
235752861
475254497
731100101385568257
233963729
4196122397
4869095007
1055140058
196828527
437426255
1890326197
789443764939026432
1901726846
2161237879
469236719
68239562
3165917453
1580557566
2319480523
2492956680
2558652622
4885903612
391237371
482969926
3240122307
1116913561
3064824634
1880399689
541147498
801867970603601920
99702635
2759396308
883065655
186372018
730841695537876994
558124980
467573735
265640630
1104761490
2416229854
191038536
1032404179
2309237552
58453980
2173707058
2331847077
458632561
732475400652120064
3297456253
23054148
535713785
4155844545
2164608279
551331260
2401418695
783307585206222848
917456798
2353756873
483258299
783232466156920832
732478499131293700
317424889
1978729974
726543135136964608
2361666815
2780243882
726150285870157824
1079446351
200091336
1957352750
272450967
1372461787
2166381300
1063011624
3299490593
785397318
797871034535936004
2425868442
13631242
732478196017307650
250697308
2438340445
4858595038
868595989
597464121
1539421987
199656773
431804232
1073181979
2999932538
703596145411563524
742397869
870647947
2812859778
3179203371
2901728910
249167257
1254394752
2174691850
4909543941
473209868
3227318753
2608779441
2956811146
527221660
711543357898674177
2949317921
49413521
309141945
477757835
522292867
7435572
1082367421
554474401
427804855
486456375
851456364
1315995308
408047823
1263798854
940275222
3889028069
411702181
1203674574
247209095
1579008720
194979957
754664352855236608
513444329
3043617377
772364221636026368
336172650
2336069819
589283111
2239737678
801357349374005250
2363914417
3358483828
2939419132
268905980
3355557795
732378633071955968
318923862
2368910456
2859433319
3055829144
1211906816
713145420
801700087525216256
732828603453431808
2967886673
2211353832
997910394
63123584
1001303996
247722432
2391536484
728188723075158016
1369005530
717291432382431232
2392944265
342569184
1565551105
2995672642
1122033812
142393098
732503879049351168
455266241
4185673192
344008672
2390747907
1140565105
731019841679839232
710743506520829953
732571897133715457
90501152
2413730278
254943511
419951447
382539264
398809701
585531943
1037692622
1116398478
2317453454
1117576526
732464356751867905
596702756
1266649207
2292610962
592520341
785129133009494021
2168716042
2330906381
46120689
182946752
219712189
732467602061021184
732349487029624832
2218143675
970095434
1103450372
303347593
2197620432
407982210
804267044963282944
1260487207
454052150
62951965
785037931476115457
794234183128322049
2173027221
777855788882812928
4446307913
2256861644
520827419
133692338
1642833512
2180853339
2572430290
3234201647
3313832169
716353562020855810
2375216695
305255857
2685569658
741541393496199169
2465437060
732831753715453952
770348083343396865
420419717
271803051
784398647471595520
753772110783320065
1039675664
3854312121
29412932
17783846
57282569
1541538872
490478414
3295067231
331292864
732571117144158208
3305976862
198635466
319074916
703695640782618624
803188604491231241
188029214
725060346776555524
54226483
730962018
3404776456
4604699980
1270332710
818183167
447863789
3075395735
1020763140
702921914
2488588980
1059881101
47368925
4483480636
2918273481
564148431
37382519
1664604020
2180838160
732353567357538304
2635714649
1643461826
1708224529
451610877
209007993
1009626624
299020216
732383131693649920
2734420354
1050270810
420186908
402048742
227632733
461019019
2184944111
419060272
410892254
4647149236
398846237
374385397
81360107
15197537
732372580825468929
1117323301
803115076672700418
82910300
253164055
2916512591
343940079
1166637379
418636676
2717902222
430437851
120557124
756028559823605760
2415224956
153342663
728804562
279211405
941538781
717970219596165120
1307698028
712430129763512325
322563649
782574373534392320
1125077892
791741544831315968
618138331
1140071011
1485497036
2982617513
731077934199537668
513581855
477543705
1962674090
796809654093410305
730843093868613632
954041064
987513386
2482305961
2479381757
2201641540
351555225
523365399
1160278561
533176044
731349319920427009
4085028641
797136508293627904
1384806966
85352908
803300175955558400
1201691502
2760582813
47154019
2858759915
752768895031934977
36493382
756969583286910978
411323343
78592524
3879187997
754282812405084160
785104448
3760553777
556650372
1228211810
3107574627
491596404
1201318460
3034434386
28119689
1460451570
731017902594371584
382650535
455151962
2174535898
400919857
4188671596
524453451
783585845106372608
701647912686764032
1949292728
3025012821
2978019477
1062995012
4915455880
897918854
742027791990968320
875651755
782686225
2971298662
4914230231
261804112
1007509333
3663145393
2246257107
561473002
377619841
732306331001098242
204800066
2353797636
1622970242
3364814494
765606442686619648
1968968935
3325361243
997500716
2285114260
821872394
4560988763
482147117
2352305154
3064862597
391287768
447894409
423799588
3050688682
706434058016976896
625712362
732305997625233408
122497273
1275799418
702253149189439488
7121972
1125816168
400701610
107729277
4851430133
3375604709
339756851
730841620841676800
541114609
489551817
351496811
570144271
138130394
784318068889559040
1084087626
339038165
570833587
2327807238
211090942
716624665507180544
732404768254115840
732386064233603072
404836757
2207172466
799012662550155265
778321813
1098221046
2939955946
3339749734
840234690
26982622
487765597
183737765
113643008
793725735047405568
3003254493
4353226283
732511488175443968
785934232698904576
763798165
493224817
732385435402547200
3024921597
221707969
2942381427
491225607
930776294
66975806
24528997
732510187530158080
85325283
732309486224936960
431868464
50236559
732823586059194368
118843973
803617893464215556
760986919891271680
2895077031
2980425346
1048144170
566540382
714451248
694638444807610368
60624922
317395204
510081353
488847800
2741860334
622780112
2873716210
3094278383
2848348516
1274855814
452226860
732481763763609602
39028896
1065081188
712391983541723137
1357198874
4622622557
807801223
251407688
1368048013
730673331851132928
2154746892
784072008640434176
4081934681
501874833
3514403363
538438773
725066954394980353
182767371
257665435
2575367380
875207972
1251759408
418301345
2763499108
575688660
527516661
3138188655
547050389
404232151
429928689
513030568
328473338
1101448555
732416740597108736
800185682
795028576903069697
370673217
731100713946886146
2852162818
749248856
732379542447374337
713105357757874178
2811521884
438650704
788112053089230848
580072300
1371404382
698226027756126210
914705947
2302070180
272955645
3056250186
1082984088
731352081747976192
500929319
479810905
3065989288
2350347318
585391357
4818340347
2535296618
725633948626329600
1372859420
405468476
1339161012
1271977076
750400945520013312
743514238493278208
2191647477
325165914
185120890
609145539
1065726312
102674438
1430722891
510952881
2310609029
2613948811
4289396916
1386643028
1550772164
1190590579
731071997170597889
512049329
731073667996639239
3333764236
2997661401
242092114
446937412
209300173
466789101
30248306
2257836094
2867547191
2891197923
1249472208
2909504255
985080900
336539469
732379034915618816
769128592299134977
494301334
56646271
735727292526166019
240310965
1170295874
732510890680066048
736543941101817856
3237012287
8556542
3309282801
2165464137
721303651575341057
461248674
3257070727
240389640
3052918302
1096331473
732424010101854208
748154038370377728
1035274488
433125456
2353564274
1040719004
1108981674
783292222846427136
730751401194860544
730842111797547010
1261872931
923947808
96109716
539917130
319116894
397189518
784500022410969088
1223037354
823416241
51757652
2187901177
731141990088331264
2859316269
2597695185
1074173322
458605077
799352721254051844
409465128
2985859289
1260171894
161620805
730098624907071488
1248044209
518420028
2886106408
368950045
456082255
85167868
612793180
562823508
2951587293
2447675622
2391625197
443193400
2444547424
2244460336
39610983
486949275
2416492224
711204723110645760
578232486
3024843525
483304757
307278565
396151080
2892216196
881165648
1134804595
440680061
3384958936
2570433418
3368018859
731355271478579200
732277985752055809
963144078
1644683106
851698128
465921722
1130709956
990630679
2288626020
209891777
2736602051
760510933319970816
754738926083010560
4229498536
483957067
776884534889574404
317879495
432268178
2937388577
475345967
2208789310
804333475616669697
464615450
1262939593
710864700851032064
2509117751
740277257424523264
843757543
50662478
3166034463
3025401051
1640766590
732544159341531136
3176594760
564360716
270951173
47310459
395520606
1036523390
3124013698
3221712009
1027404487
391246325
731178389680345088
144164308
2208033796
936592027
391945446
1233824197
171453953
303219287
2679377412
753933800929955840
403444000
3093504958
734074574275514368
781034881073684480
210847731
433192298
581711296
1871381000
789773192969748480
716881918323765248
1928044562
296713660
3036997071
149609445
1128505124
1192998770
4142762261
326451864
141529750
731393402
546725114
2983119910
857921246
1219944530
2657542286
63431013
17043013
1013334853
465587507
2845221227
2674941708
5427422
26492009
130181213
318549168
2910692289
194275021
557366826
732384226696396801
704779333307650048
4106012295
2408772318
1036494895
4858595345
465415975
149097320
39827736
213091006
738033666811678720
345918295
951867901
1358611800
787324511330918400
2595985139
3305521049
485985971
763784342
62883930
2889852755
213616021
416560007
732830546049503232
354366770
602574015
475234937
2188884396
731179744847376384
515474269
1020900392
771439311229186049
783020674952626176
2492501665
234339579
2631929255
768175309506109440
212923650
2898075617
368772601
1857320594
775433824419323904
548519627
600847079
725051865159884802
541083079
710815023
4821193318
3120753935
474023066
2847895318
93691257
732309644895526916
1275239096
1586042605
83920877
453871514
787595292
732516644753440768
474720885
400779990
958750693
590188450
399617102
993838274
1400701532
407739010
268910347
1715498894
3182253213
136974486
746691972459597824
366258436
503303414
732227257863962625
2256478862
772120295465443328
732565590024556544
2751862871
3072009003
732414836580200448
2768212373
4504836677
3043540575
803689767170875392
419318448
459452891
2396698549
1619917472
42242586
776116078124687360
2231585551
413088593
220308940
208527329
991498111
1679375545
730841584321843201
538872389
2746964048
510652108
732474695727996928
778089012
602182097
2742769243
2696504742
1035376896
1131812641
606549225
1394732834
752800121138581504
632324504
1346566790
493533192
343442484
2163623162
1110202813
3156887011
43891997
752010888
1475844757
95482042
2709720835
429818263
2359426044
732561144808939521
423294786
4164981808
3036745805
732538134823587840
2342517254
962462347
621220399
1245505458
324262863
768443903649406976
4039903701
2774578942
779641199040798721
77889072
2431061097
3027177286
1077199572
80838485
514160441
388234689
4405181775
800068301300776961
312166162
76616277
1092084720
732483861028823040
488768033
333498140
753519234710376449
1168160534
449115350
782577416548020225
430995535
1385514882
2248474104
3676997313
445817762
731076475391246336
79804562
2784216706
2895666573
1063032426
707845461743378432
3385699887
781954997806370822
731021746904662016
731073749487915008
1642762838
777879171993337856
722050091624833024
389512004
562058865
259006548
741592495155478528
731152269496963072
986140489
253961696
783558333391405056
440724583
557827565
786132636473319424
708425080645279745
3019942630
738108664033185792
22129679
2395351240
793170005672198149
722053268587855872
50969059
766601799155449857
416918748
164780237
3083789614
2384025086
531461308
720686484
1333660242
2232857707
2982639635
514422812
2816638404
125171112
763353589347672064
111327481
488895138
2353760868
732380030261661696
2451869940
393501472
467473645
215762717
2188803397
765296385700880384
455091874
1905327090
761582724176027649
972598303
1874790332
22127498
1385223960
797679000
1312048352
428915501
89212874
364502468
71887780
3169603576
1418786191
1264774998
413217587
731141958119378948
1154930377
997613971
238718282
543377842
83622909
541649368
3334148349
2368767155
3230165817
573872757
1357812068
1341485804
757173570783043585
2189190782
797171228092100608
3319305760
427267244
773929798192300032
734575718
891793094
553788916
2394684582
747917978
3192285299
4432360889
779998996509102080
343654777
732276529909108736
3165299303
3251331238
743016612048044032
3298528972
589253599
2676171233
788467491299287041
1471608194
731153428492095488
535352103
775421050054139906
367692964
2345206182
2190313025
979023937
1109728674
1566803234
4197183543
422586035
2993303818
1025143716
160318761
1849326181
3021734555
2523568577
738095532166553604
3698870296
2791795096
138706772
1490741580
2477603211
1228536066
81918861
1083273792
1472290938
500096474
709268747010314240
731014118820302848
1380421874
61773288
62940685
732773769824047104
2565703480
2820455714
1054906759
1250188950
2768905294
747583665056718848
265903575
454191208
703927942192173056
768783082736455680
794302419203215371
765901856
3662356395
3631947141
58016005
1444738142
599651301
289541478
1402688845
745339531566661632
183287158
2778061603
2400326462
413541326
424153335
1201957429
47875351
51522357
342280480
783257684971773952
1362473617
1410109662
49910586
567159863
54507928
433223568
64144248
2617511263
1053839395
3069843927
540239814
396218442
449868302
767600300
3318877703
732574864343769093
496477841
1163796132
398249487
91677868
697799370297774080
1349576227
363542054
485521993
1086700214
731045727363862528
2509432657
1639689480
407194493
786828737958535168
303174527
637254997
804354408
1635529807
3601606947
1275988495
479864876
419607944
2589915440
929354545
2907953530
747516809323122688
424281659
446903999
2364603574
732513977905913856
195063290
1117316768
1008333511
3353011379
1558162898
1254077960
731122160736075776
70951142
459115038
768399420367011841
3292795744
2988110818
2377363345
732309480319422466
326226399
3089012589
485060948
27212050
855180290
33205675
732227560889831425
2221149008
1476718243
1277296867
545474882
3613181357
2319258554
178685251
730462806085124096
2798863589
320959193
4893370455
731072637145907200
4067818708
3035060441
784137711561109505
246417264
490232626
4331454017
714382420
1001463980
2866250985
1013151366
354747398
49285071
2741727190
497880739
2239285988
33226107
749984254923243525
96516447
404774640
4076357194
4830782164
318882223
420445452
4845999597
932393936
732826623997816833
1405789050
470480835
113075421
379741776
2300997220
2821199728
457622220
96364636
3015642023
2445645806
430554250
994012712
469267629
529487504
72331470
109573130
307781832
209249028
3652275443
731354744585916416
353575520
766471224
234445362
1357710228
52991934
463841107
731317019820339200
2396162744
2245228457
1435200194
2951279819
708587318786007040
2153812941
108273678
180480028
1130420497
219995423
3135173073
313517712
4210429707
512899781
3033238948
576471812
1704854190
312242186
797123652487696384
321313255
1221792162
1220072246
4702133172
732407190254804992
2921447206
436167495
223214082
1032768960
278425671
359644807
284706444
366252148
731099767112110080
731350114321747968
754728875054227457
1890293305
2692384199
2936766136
293696189
369702714
2344799433
3039628433
783740138660700160
906224444
732476323151544325
4063913308
760872623538597889
732386954373926912
481304796
732513232129134592
857753196
570178300
408580036
300505340
745595735966613504
78971533
140945344
2219545025
778693643976581120
2612652422
89271619
3043362960
1325259006
257709473
407883178
2321469412
1166991482
455094599
4867831151
999870901
2330832715
2554496029
731142910255697921
2341941243
47590022
491091848
137120635
22901191
249910566
753627017518645248
386732636
42478291
158106087
105433403
385094385
732226776655646720
980852744
822269940
56692333
238604711
2540154332
18074964
730841474833780737
766731574616424448
3521388197
595306303
328531828
229082336
801710252827807745
1190659814
2245662505
402944688
797374091959406592
287334707
2882526197
2438043317
159463958
4812464489
632758356
435173619
732515743938576384
472989062
3028306714
754055560895528960
746282182038134784
912833226
732301035872616448
3426426969
1238563154
132526509
4008640756
785554968103313408
484047462
431084648
2405206161
1314087421
1412500075
3039088450
613460008
595566285
995021599
72379041
777697622
3417233499
709427870419062784
801741532218925056
773956774932127744
2365532641
1089615589
4300445913
2002721
447990031
419626195
732304600447979521
3020578613
441851951
732343403736932353
465631373
3139667865
426064773
448732675
99361454
1394582718
452855803
443708574
3347934334
760935300189356032
838223696
731122932026462208
129515952
410910327
749398034774196224
732229023993069568
4256851395
1121666197
343925514
476290271
773378492
232908749
1067991134
3696089777
1886228065
763785605713199105
1278700207
3064914777
496150631
778944190256414720
326680574
513492134
4864943680
732833088745701376
1520428920
702128508835860480
4872050638
2938313507
372280583
1109887628
767795023970697216
732146583198928897
838370179
2993021697
437792860
899978641
2464828514
411401928
732411954711527424
937463430
705029912265097218
732540080926150656
120427808
1020342666
491353254
3058567588
379224837
1651383518
371118925
1372944860
2222816851
700406264937971712
511895027
1489965936
732407786999586816
128922889
804094800282734592
2190915769
735011288644980737
2555365290
528846336
827573690
438372617
401634856
2758606312
732228924479045632
17053149
1011351750
1918247922
216361529
1120206308
392754320
2422875421
9405912
732222463992455169
3873875115
2966187939
1636129136
272842856
21585856
3020271189
1037152033
199216783
731143740992192512
2413327976
937020181
486478353
2365824275
3007884394
570925801
346518147
2331669626
325145422
3053979329
760729745948565504
768133193291722752
4039287245
487937304
756514855461453827
2872974977
1103929056
1332209119
2741816554
904542290
3601983563
3309670823
411173552
2792078239
294059097
760549090291834880
3348148149
52337911
109578008
731179342731063301
278210313
524597055
718791150325403649
3320655053
399589131
2928096323
731346214030069760
701064343
117070567
2862461084
232559332
2359465576
2765940990
781774392262955008
500582673
139684967
185991911
508580854
448335186
1048569343
332885533
234720176
723448563821244416
731017208072011777
3318552736
4330061833
732226741385760768
398928323
731145400690835456
2442517233
270383019
979279446
787620843320905728
986564732
771232888381550593
387043149
506253690
242954953
337155946
787718454
1063634156
46940431
502618667
3093445126
499571765
4884557896
732336591365099520
732559092846333952
774339263752245249
14162223
732223184301346817
752199246997258241
242367360
732350197355937792
124567136
460440475
3356708404
2358353824
729359824312504320
591144361
908206586
45346999
614219170
731175657338753024
400383332
2588246800
237526834
3254705038
408103322
390226814
800008614136188928
193261391
2359448190
555429249
2860048756
243207562
720735283889762304
774133777412923393
721143737770971136
3862086448
54225347
2361394675
896233980
794961451194712064
778238719878987776
357597253
288004904
391620881
773077546766372864
732418777246248960
4472738662
3103748006
1829960281
465471132
3393861599
831768450
804396764925140996
797053138326945792
791992604640604160
3398885945
250316913
481355521
1368793633
2282469222
262783345
327455219
407124229
454223738
2987972555
222238943
1010758932
2728402871
2250887606
1876212612
