736166324028768256
2557719974
2850074284
1452431508
599247299
3395459769
2714959299
742950892786290688
791407162790649856
18616891
2597512767
2511415512
4904313471
110414714
288764479
387022949
2353634446
4384279288
757989565600858112
339066423
1389042925
1154282738
3152228475
767831797853982721
2972138392
55251916
932376896
2265525949
706132390591262721
39239835
14507975
2807377528
434558035
2149819896
1540142966
732561151
511735099
266198278
452858854
623602877
354314814
53053554
1143153842
4160203479
2296750843
484993582
602216944
353637140
3020649220
295071149
783983079597694976
1953930264
51733848
1207662294
3906213625
75538541
1173006894
440691898
769651270613426176
2984502441
301472434
4906280991
764525968623071236
4824031401
389970783
22015813
1015392134
3356485570
2243630040
494988043
62459428
128471504
386576472
467389922
754795288100044800
499128183
3200053252
1359299438
1013535530
272822756
74544145
117512432
801539266597814272
393342562
496654038
868298592
1352301782
1037651766
985237544
1230556524
791745751818858496
743821644150476800
765933168
180317088
728807104790794240
289688493
1154788808
3310422237
2462444372
1307016348
1871000750
1137413112
283636579
1648145288
781502896550674432
3380332570
791269727830237184
751315632134717440
2851793212
3056927199
788472799803367428
2902386166
1488053930
452010658
1365472506
462701585
97654241
3405754877
2800197810
1895251016
4129589421
498964636
3990076173
781046072865087488
3038624596
3377428947
133461180
1583259805
2504129001
443187387
712266973070159872
748897867583086592
4536073635
3228521201
1338839544
450089689
906647966
967124340
4824901653
1710375336
706711917
4252198762
958322611
553321184
2299766748
1219456740
562947998
2379119342
573579130
314537220
2170742693
416922961
781366033231802368
211603206
936533587
2958027549
309933112
3426670696
919502593
368340302
271990882
1588323260
752299549637668864
2421023606
20373953
733743405751271424
1372078580
2801667790
1412896242
1114098782
3694828035
1562752760
350256698
1319275574
564609095
105597458
1311732848
3317075583
978137395
3067479886
2265249203
1040220258
3369259859
765965375792148480
2487674404
631851653
789130468469899264
697090269859213312
1016105090
54864774
748790269
2713478241
2182009663
329937650
448166490
210501383
257156397
255666406
485894899
52011449
4186758514
455648908
759428777793429505
50291983
1070885414
2315855603
704594335317278720
764354468
3555782356
282624338
2585597700
767772101503836161
783427641298808832
1091357406
795290773642215428
879974216
478505615
2197727347
409444860
627128494
525735108
86065965
513144334
538894700
751670545041788928
291328012
191488665
3395283345
1180016617
605614784
2752633492
798280589426180098
634575700
2172567591
387166314
1227799914
34885479
242295508
237334959
717761771226968066
1251326239
1238622974
473107684
120418975
390622095
326146021
1015870262
430200691
87912007
512506306
350950543
329562118
1322130188
1069090044
2725144065
776357522
4858527059
746316843607015424
264718231
1042739358
902528365
788049329403506688
361395779
704418409723904001
521337019
3405634973
2331718804
436965409
969973250
343239720
582622919
419544191
803474330277576704
2526968245
829740630
280543999
127532707
210822189
4827366741
1008958405
44395683
714553962599464960
589286587
799947269491621888
786541347750588419
436640636
798434518025781248
852687006
398330531
418169040
2729520336
147543162
2267806358
136342937
419474598
3053117626
464755043
3909032295
1481960144
3957645843
3290984981
2990072992
563999084
311352886
4722904947
2249135604
4095450675
727151756065542144
871931652
3349425513
528771969
426602086
2484212136
2865677793
2310261690
2256809326
814889078
854600858
1224152383
2231561825
2835100096
779685782235783168
2363886035
2428565909
3115905790
293484907
131176211
591323175
745916794100125696
1171488392
1517788118
735316014
717824772
772074670208221184
1352450196
1326880621
1288700246
704718743419658240
709291269135187968
129967230
1247286475
801532114139250688
432918462
455542509
2446566024
1671155881
251663248
466385774
1227969776
88689757
2279333173
1133516726
2370601775
604249475
3313351684
985254589
456696352
13573252
636882327
82138891
3996258160
402061124
716273791
4798362376
946282471
712713408806842368
4182142288
1488327588
4172823213
819782228
2479620311
51140493
390835478
1354142214
3043905536
2768792619
437533038
333457404
397251469
801841062763491328
801846201578586112
3131729685
2513098776
471987010
4854132653
133207676
1260045176
778195022973923329
4612076177
8459172
1205594306
724648551561728000
1036560565
531122547
584739670
2621807269
2449514652
481929883
434505068
9820132
823400821
3438570748
408076062
126454439
54209383
383982534
732136568421556224
283080198
3326316339
254969508
2517301839
399568152
1205274991
2282008813
135547288
1343953026
501122906
4579125253
3309946937
2966682251
6532332
982932835
131768380
4702970784
519360327
734053598884139008
499227001
2870991377
224940210
2786870739
751814461690900480
595338478
1168974246
81809541
430033435
711343781644255233
541596083
802875456747962368
3125099459
313199623
3342581884
1050697136
1161727848
944665938
790099830
3095417459
4460750969
2299913067
1351561135
430698104
414719178
2361360169
463192964
367021544
924965395
747634158357323777
2417069802
1923305407
385571810
723515103530852352
753179775032786944
443926629
708429391
794092015634051073
399428387
1717274785
1116674660
976455469
1158164456
412200626
2729953324
802835587837415428
1936456670
27992407
2367055176
19682207
4824798082
2651274657
867633500
732661771836755968
4133217027
523387439
4833429358
2938095405
801457403808088064
3223929605
2422714453
3029285000
411018458
3217711420
1000188997
2984198033
3124240699
2364563704
759346461758939136
2700071212
2444235358
255047902
365065358
303810430
52035837
2867756445
407296758
803646164105039872
796097962384433153
2592758547
425686235
719213767133917185
2773693479
126941058
1706945118
1063565083
499921719
798635240889651200
796802534367170560
117758336
2571102050
2651374166
735061913349033984
2231736444
2914286685
270844902
1642789244
2332571271
2774751706
433207635
400221069
1434038420
481287765
343295926
272876921
94981476
790464906453721088
3031188244
1484550222
139681145
2333173052
3263800121
432661736
1667689482
795599946485469184
1439319032
2257121711
3716883675
2435959670
744731250
566142199
705835156054134785
2784502136
3480866369
476615991
2349060598
754368761185046528
337185218
1198670976
1179962942
3389194037
2340110677
369728921
778177707234451457
2436865125
601829676
726770253645135873
4688664552
406469071
31137106
516802751
946249914
2836840346
1617496921
482482938
1070320147
1456904898
801526539817013248
27195745
1533213979
414970005
2530314205
283932101
609872484
451428588
611617045
3288265978
172722416
50295560
2979240557
716326404707713024
389348747
2315044228
2834081357
21750761
2948374265
916955288
788859641082089473
48996987
2785158801
3667010056
80200885
2247514867
788012181598113792
472275443
2348140042
537263615
802581982035247104
1675230540
776479770502651904
397346687
244869589
443607674
724303327077502976
499910613
2447574735
1852391984
3385886236
160339069
365089731
81085097
434279064
2544957299
782907556159221760
546701313
710498404531630080
368543403
746302511095685120
1071485604
1357793023
1034862121
1083645529
751725458631327744
2700638454
1447215498
264229851
517651649
45514913
2332404504
1379254362
554336117
763694739854090240
1386808813
1030566912
2872452713
1303573562
3228099125
4893474419
2921663680
2258870403
976995883
2887871913
614322175
370377630
2973508025
791034319301140480
2816450251
553419578
801858993035612164
944616122
2316972126
432622559
1368152558
417111368
356159314
953887928
859927674
1064357792
584022845
1065983292
2813922736
422995676
855369620
1340725916
3012027837
517723738
2300876730
842406103
2986947023
103646510
519529163
19643514
406127621
51781061
473659309
418709964
1433806334
4797073893
541527026
59200159
140412189
3129266409
3137156595
2748105759
2929403482
146215790
1148897880
612633942
3143810488
2171153391
592688115
416340182
304598010
715993334817357825
1895353393
57060570
52344772
2806242466
2160789500
514714806
765246104
2874858882
3144446056
999371760
145561037
2771102763
425865474
240118613
3458929229
1452226074
3041446144
1357159903
2785128160
539341789
2394145762
2467422972
1280566146
2190622501
2410911599
398309067
134206590
725557127872417792
326152237
536451917
2371000552
132662640
851471263
1006906356
711170604486029312
1229121186
1934241031
970640923
224226820
3377889609
238538685
4704034514
613500459
104239528
1088677627
2507799122
729221180985618433
854650580
708755015868006402
1311687600
3427533177
1070288839
2644998883
2224962167
799504971502944257
1064261450
212370728
67746303
2351775654
1039603651
891432866
1065851646
1492135807
3300629145
507724462
1007124930
791781135047127040
102031293
1658559944
3096956789
65872385
537662962
2358153341
524809983
556818121
3019669299
383690993
934466887
433694235
1336254342
1729146290
1334463464
3413443713
3088659569
1159817323
194681264
789443113651699715
1167459253
3926735649
190169270
503452485
3207864399
2201613873
161983199
3240896825
798952638545088512
23475322
189801758
786635776046010368
721148434
2719563991
785773375385923584
68702585
2197175103
2313667127
37631819
181469929
1280953482
712668381
2725435126
559883501
1134253987
2231246244
1180597874
1911991346
2928117832
723203630917136384
455937572
600136789
2338719661
820389576
2874742024
22009205
4838445220
781114803465191424
3084810567
391466134
243227792
3385105642
1274882076
827660209
798086349316378624
3386078415
717452216840429569
952533872
409309523
311355879
909999054
167566334
2420965975
140057440
784018784101212160
712625582723502080
3096871079
2774661425
1376724398
260230310
2512327216
143415269
1925699017
68631041
404951630
340847319
78567974
2703782620
1008791754
1050781381
425365839
14900051
1225400970
2319707989
2870669794
760554672411316224
425285683
440129638
800979325042495492
2330738430
1044932990
283107590
260150517
529431381
1391524250
408106530
1105814539
530990399
735474541359685632
773155625127796737
522329714
487012569
4372999402
1278132380
2225806474
122363556
753856766639824896
749668349605515264
191574580
1356882974
2483939889
588275518
2925423826
134554873
971897629
1956171698
1049805164
2940410703
2987790683
712020146282307584
66006068
3321194891
67717371
65377234
385088302
1191356174
1712830392
1410209468
3110948392
2279477919
567054197
799754734315782144
1275308629
1263909744
1113794648
508768082
555975778
2949402237
385456063
1252330836
1040212734
2736523546
2512832146
803645797262888960
280242927
732317340092780545
39728743
771197191
116750021
4229765175
396691435
729430742787338240
299365630
337171830
3377613693
3448617916
1386632492
2772829228
416341630
141745277
193739510
704330777190907905
748240006867730432
606731466
74693664
2310543444
94529815
236739780
920626381
1531171376
2533019300
3394261233
1029633199
850130671
396698099
836271002
2388661380
1326344736
1147447590
701513839989358592
183405973
747062212347461636
112410952
723835861989756928
544700808
4300930595
249862119
2913833871
405170821
17876465
695753
2321258784
1114019642
938688090
464983744
803660257033646080
2734867583
757287162115137536
339218501
462427721
197193073
710525705277325313
1307870407
130537001
714417878
1957607898
541988677
2484454589
3413873009
22659500
637292613
1216273854
503574025
637015768
121424128
1017667801
2436608759
800613462741110786
747147930742755328
109960399
408118133
472185426
757702137451274240
89164664
110218135
3407782672
236565724
1929877436
3049067538
431089246
4866822466
1114681735
2862052516
152673484
723094218734862336
574185238
1357263476
418585940
760806683564240896
161428463
1843782967
972589147
1420443511
1303711453
560636317
539150646
2178157155
2350615438
3302759115
12041042
704558982
1291656504
2280648054
732206617341595650
714101389
4196122397
786545828299173888
429825654
532222780
713303560352571392
2356114958
726428495413387265
123712076
401517487
405426716
2309731819
919333159
3165917453
4901807531
2476119007
318940473
571304184
3058937357
2871007953
447155122
3313579126
2295417636
1213170632
422931234
4924190242
1125109992
2990246674
2359338077
173389528
3064824634
742402571390877696
61905153
801867970603601920
939204590
4850369241
715083557581033472
2785334697
2957131078
883065655
882872700
711299618219364354
784340188679974913
462739617
267220891
776255018181722112
953895188
2302888393
467573735
787888638
3119071163
1166877775
2501851306
3053183649
2559910725
1930695714
4038240796
1354935949
309304789
764195579081752576
2233502635
599972590
802664860744089601
2357637615
2800729570
458632561
1908575102
3297456253
407051453
1082618420
4174063036
864661074
2390797348
390118819
387198659
4155844545
709724815146545152
2164608279
796810338
2584361935
1176193080
3019629387
407040793
755028067517693953
1017508194
1672302936
1978729974
726543135136964608
1128044090
4280485636
448066474
410764821
726150285870157824
3334600017
290513880
942307356
387298370
573648634
2974879767
469826948
894922832
484850334
764853057909841920
1372461787
803347714104770562
68402631
769740390
4764008248
716575881909706753
193810402
51167606
2760397665
250880308
4045990383
1539421987
20430345
413151078
765631835086917633
481267605
1900770631
390753281
1291536336
3041758444
1474855951
1288696170
2812859778
194515238
2223096799
4909543941
730396590230413312
395383733
2780597242
250135556
3306842937
3422769471
4330314027
4196215025
1247348185
432637325
477757835
517201778
2847888735
797117758538477568
1109639072
2652929369
477844210
1062998066
725882047
630524940
207122050
104612663
406860321
486456375
370639956
2883671135
745025263679963137
4881267029
3371026409
1366710674
1464788840
1024976264
98843728
317081203
1089513403
1733164921
2409273144
1921072717
1429916701
1294174362
591884349
779003172803211264
746974202243256320
506451531
3169965514
2467497190
309771745
2239737678
1313490145
2365011298
2492670019
1903648940
781535887234572288
863232396
2363914417
1085531312
784608770
268905980
391661534
712949762857762818
471428838
444979812
989322810
357459418
510821883
3074786519
2743862297
2978233996
801700087525216256
3107458432
15108909
459446024
451487023
456171865
1070392579
3402774227
247722432
745531834822336512
318635439
586398719
1349039166
142393098
219406236
1118930598
398032197
1367973715
1154237778
796287659106832384
4611996742
733695386846662657
4737081682
1140098112
1011412032
414646088
2945541934
2995908064
735788453737041921
1414832395
254943511
3037077532
2281936099
1919132101
398809701
757002450
3202597630
2512354461
227714691
2973117363
1117576526
130928680
575586304
785129133009494021
714527714
3432995584
1472956555
2397799935
414354427
464020852
1123490155
723538940502913024
711163800465055745
4834916637
276665800
152336863
983065508
3133358394
970095434
450654477
1103450372
2994896470
453223584
1891604736
482343716
165765384
320737259
777855788882812928
1642833512
2941003353
788982500907421696
1071492246
94096311
99913258
4923500123
141717132
880477320
266125600
766644219930873860
10438412
3407428384
2216179636
240658286
529483712
1556491195
2375216695
2346832778
305255857
19422447
4504893334
2425442529
551292411
833299458
2465437060
3435285941
2508685276
142807042
1357640916
574560605
922711819
1960098824
260770236
407636372
2801772720
127302531
3295337409
19605785
2524571118
2329159892
558032072
215976090
3326829687
2230346403
2277583123
895733684
519746098
934188559
864457176
1079226488
554095642
94594903
222431192
471971193
32402183
2373624002
4130639901
2971919439
785552040244154368
1059881101
274014643
204041863
3488504303
1286873820
215735286
63812610
617612901
704446219079303169
709634135288111105
2635714649
358143005
372433086
4691238559
804961884
1281018260
1299375126
2318610186
410892254
1209547698
1357782474
426152264
41391760
415423066
1039654752
1042515348
428041816
1117323301
803115076672700418
3059131623
4024081156
1011327860
257003372
128336315
2863798143
253164055
1357773991
1166637379
215899420
3377153333
4274769735
1376818658
593522933
706945040149561352
202220813
2887300720
1119822385
2675073532
39475962
288286492
75395790
1370364667
618138331
574642927
4784066715
222411571
2755069611
47205692
1068846679
2873949399
38878380
3127942570
598457898
627829911
477543705
1962674090
3032272127
2356967878
3186232611
1288260026
717690343924371457
1601716938
831827472
731733318157373442
916522718
999278988
2228770358
745614706891710464
723496493903130624
1377162560
808924015
483384295
34556545
754667416492318720
2289897662
797136508293627904
803300175955558400
793079724088131584
104135821
350184411
3879187997
36612294
2819178244
430169858
127599374
495805225
1387461
471229424
1087141352
271890712
186553267
2496989087
1228211810
3107574627
749624647365365762
370596367
4578456569
533692413
402140522
534655010
779645231285301248
1075099969
1120118342
491255447
13294452
714736755816185856
1431247669
368821777
348141611
4842729813
587521626
4188671596
740586516049735680
791713072549335040
2362978181
1109683333
524453451
754968732393496577
1657542980
1267798790
791257257413578752
436870309
41898965
483660718
4112673143
787718928638341120
3025012821
4909156781
2414898811
405004713
516664834
479645953
297060762
575109491
989841337
1594040222
123920914
2246257107
421433392
3154767440
4908255899
702661167
561473002
785533550393192448
982401096
145439895
2765428826
4143353975
1314367554
3399075250
3542464695
832669237
2338484713
2283531689
765606442686619648
245694460
47373547
3164390831
800808214283448320
332959014
196508522
50233016
2286669109
327402354
591319709
2352305154
1611260352
491140594
883099326
1266543716
122497273
2751984429
713625460878483456
1275799418
1020931404
146798765
4128961174
489421781
246267839
1125816168
1545110719
3375604709
2674680536
106842211
78436225
269345936
997459116
717298250462662659
2951349335
784178845691809792
353640576
1241565397
791628536557793280
570833587
713040261249687553
4249591816
474251278
705451641
404836757
96340114
413010349
778321813
2490943567
3332448431
763718509805305856
798546185636212736
3899236816
4623807201
26982622
397853516
113643008
767063814235942913
461962554
2478734790
785934232698904576
1051389715
2373178498
1084247610
711879250572345344
3035145830
762658396881428482
573986602
2942381427
772030120097935360
4655248997
79385667
3309238635
4227664641
373887841
2320321929
154967452
365645764
1370308218
799963787059167232
753290282020511744
4024562895
170666252
3025669096
761036676
6164412
803617893464215556
423523075
523331583
2176575594
1046104886
2980425346
76769340
2839533015
694638444807610368
1334666292
484982241
438431990
1067019276
1200722132
1230551046
344954159
2843769504
2352059977
487403439
281884852
1118923172
3094278383
970274028
635566811
452226860
951593118
39028896
1085581699
801060646699855872
448761968
2416067982
59720283
2154746892
784072008640434176
309784041
484147648
3386751879
25788082
418028983
206419028
706067859550695426
1497636950
885384266
421758109
797171468002033664
3138188655
547050389
713448101785288708
533510595
2940769763
730034081698877443
939538082
3996856863
762326924
4098447160
2492853221
3314219367
296215921
1556455656
2575087541
340215261
432637066
423531049
1645295228
1416194413
97921008
3015242813
595878183
194308406
731906277463457792
767596251311407104
763943146531139585
514727564
105355320
2184144110
19602712
3117680235
90493962
3338622107
995345934
3010446030
4229348392
804058015
91348491
465952073
2350347318
40750418
585391357
773903945391538176
2348272160
1180215542
164687938
778304305434595331
1068702612
4419558616
133020703
1011561122
197183571
635490690
743514238493278208
532733052
756921009882759168
494475884
702432335078285312
941041278
787588319957966848
2318486375
3207812481
736880955374325761
789492030850342913
53709214
395260015
104485125
492970032
2440237919
3333764236
482107935
3007780061
763146166620057600
529561745
424966108
446937412
400076822
2788765798
2891197923
2788788411
2909504255
1673607168
113667004
198907056
3173819499
15191260
993545408
796796368266391552
991671421
735727292526166019
460176241
523417068
2160946687
419778202
803643203270414336
2165464137
461248674
794990075461435392
174345617
1146101496
542327855
3610344497
2433235432
83157992
794822744840007680
1069206085
1269390866
29949992
2353564274
2977934441
2975094340
3482160148
2717484025
514377723
1050997706
7950242
96109716
1022801072
4459166907
970255340
2348566523
947689230
2463497702
3823074077
471221488
1272647660
378565367
3541337895
27283790
51757652
367404041
132211267
2350495204
1030368018
497201068
577936933
3814697663
743477715790077952
703037640191451136
218931858
2384573829
1392039763
1732467540
4196365162
2719186852
426640529
760787622235107328
370682166
467198533
1456631540
578444884
1306674768
824715074
1260171894
434839840
717069146861776896
8032202
368950045
700412768730619905
730132426110992384
185760677
285009953
379398034
2951587293
775767378076524545
408068270
422480814
87467449
764870336894603264
447213283
390161953
991768927
2380747454
309701654
29969564
4726174575
3408677429
2980162055
4863618933
2540653035
2416492224
2196005464
786481498660626432
4405224977
432484243
307278565
2892216196
789866400332611584
130851801
1134804595
2786595941
3226175572
3026858723
1001641908
2308536067
784105196070854657
4468775656
1183652605
940908996
712267861
3368018859
1357718432
1037394888
2501216682
836428490
1259767039
797599806319448064
255674310
35804051
1485324258
500655700
521090462
2712331625
2878091469
2870234176
1274899394
802947459987214336
940223707
3973423342
708312172619808768
2787225059
2887357012
2407034685
479395136
1544093054
2919241120
2570957394
720880802939023360
396564186
453966391
957962750
790447127637987328
2999325983
310195119
397276980
4775882567
740277257424523264
50662478
260786308
3166034463
1285829190
808531951
976652664
256508868
1365570751
2987511106
164680904
945982915
8119512
1332630272
303219287
171453953
2679377412
321939235
403444000
2945491781
14108472
3717753735
16543583
1063332403
782584298964672512
850947740
1551053264
141529750
1222699580
986828390
1033243188
377660882
1780853522
2983119910
1257520999
496882326
2339491366
725810364995231745
2857413639
953859294
2470879507
722137405684346881
1370106768
2845221227
36047644
1380718032
2588802520
760894592317358080
846324013
579318663
318549168
111875060
1143419132
1037713867
3588475175
424237536
253571297
1377704858
404987270
794676312103415808
704779333307650048
2408772318
887115744
758984403422810112
2960465626
3825308554
3011001645
43703232
117701249
4664853389
2374250211
726387113105707008
2154514886
738033666811678720
3860196976
496948669
3256271740
48981619
1517691259
1358611800
999004099
739791783111077889
432148641
372746457
368242968
73065144
2577145604
2828463887
749384694219800576
1855414472
4063380377
593635807
434411738
1039152966
602574015
475234937
2847253456
341627555
2203686361
3291950809
802982245401300993
134030762
4873807691
1357675208
2526179811
2725690953
504313436
1488338479
188043254
401358649
2898075617
2354462598
148481393
432031665
789417368103419904
600847079
541083079
150196030
3663181830
815373541
2719760326
802225040
1425562926
418814614
14703893
1215290216
243627014
2975144398
1357254163
746691972459597824
331251621
808878834
2813435920
593742754
260251757
3332411590
338997116
2656984642
391394768
606259626
459452891
453373634
559633081
225490204
776116078124687360
535447658
578236348
582265897
1480061876
2896345199
329516948
39460385
220308940
2589832160
445699557
2527208301
136232653
1067982564
582715475
510652108
212163360
752944386472865792
602182097
1037780202
136205033
1945087009
464678165
1008939038
483374573
391954792
343442484
2855546278
257499288
376145932
3156887011
419285776
2571630204
485841317
2574560504
433636980
3117151365
606514542
752010888
1095383269
2709720835
322540485
77554140
44882802
254725263
1456556520
333441243
467659856
2945794889
432688797
306180757
729981130007531520
324262863
2774578942
349536978
3291626026
640073
1228238192
842378066
2431061097
2182923351
863845664
317117163
312915349
2344039777
2161648892
72381260
277603295
76616277
89190395
718526010308829184
3224669813
1092084720
2433959065
358671300
66783709
258800738
782564953244987392
2780350163
800511027439730688
2584756455
596507825
1183534806
546202998
430995535
2168052871
941567396
251345771
2258041135
129916269
3434374247
800370508793417728
204456385
4818092890
1123148515
434988195
1549242308
3293831915
407685623
4888778955
396461139
3468716363
3055528731
396756630
986140489
390641455
3102691408
557827565
2339382066
708425080645279745
717894055405961216
22129679
22887971
2917451476
331629012
384176532
3977951957
2438776736
3402733469
2296569134
720686484
1272047413
714376418055073793
2816638404
23301182
905670343
488895138
2323867147
2640536307
410631936
4189744097
2188803397
821204528
332935524
461229005
1011183535
2948897212
811764625
761582724176027649
1055931559
190964538
1341254522
1874790332
1385223960
326144852
428915501
98088844
89212874
803417486163058689
132811097
2687289798
1386861416
2464999802
494427022
245053650
622755007
1418786191
2987285175
2414596461
419489518
2247466280
1425576013
2297706446
501225131
2875204096
2331849409
802448379762667520
3357091883
360748546
1032967056
4470002068
418221631
211191573
2283373956
3230165817
4905012609
3319305760
773929798192300032
1137449617
458347992
3115012150
532499775
1062997310
700862894800375809
1560982220
4432360889
4480184295
414073021
1967120184
190742111
314059678
3165299303
3300735423
1047455850
139188966
317680130
322920844
2481748609
800148156973363200
1934154674
77304299
1061399972
402995375
68648501
361960565
805519117
801808342125514752
2993303818
1729205360
2445766538
822184940
1885749720
3096569741
67347938
328915953
752043232264085505
898050211
119742732
458146177
2477603211
70353394
925403437
418762910
435126052
474838532
831665582
2247033698
253714436
2323995158
431622091
135267045
732773769824047104
396823374
492031787
733004266948956160
2765059581
773650035716268032
60577301
800727438
794302419203215371
602018574
2159643018
1635753799
921726217
359096965
3355713862
3363915879
3631947141
386065714
2611865982
745339531566661632
2778061603
531746865
118513045
424153335
578825573
2171028731
522780512
945585757
2886982929
397554898
201786249
2341908197
378212883
2939404791
2331733877
1362473617
793166155112386560
499743631
3922344275
618929613
236939562
771464957124804608
485903140
1160507178
2372154501
460275730
3395020235
567159863
823564208
64144248
301468494
2300311050
3069843927
26444788
3457524023
775337676413239297
4864664511
98212000
2964821891
418837513
986714714
794587894145052672
496477841
837804025
761729339201318913
487914598
1163796132
779917675
261705959
481225656
737964567737864192
799728105896214529
1086700214
3007504107
1926324451
262677882
803676004984221696
407194493
698805851751108609
91528810
786828737958535168
637254997
804354408
194144770
1116671611
747081876536463360
2589915440
2278958635
929354545
904244798
2907953530
1681786022
200502085
478189025
2701310119
781570556281888768
2570997037
2502868003
3397183961
387597747
1357909922
1085455423
437792046
3043396313
446090752
317975293
3248382417
513282961
1474185410
2359413432
3292795744
326226399
3089012589
418778432
746201381912993794
2204128029
3937406775
2153829339
1586159210
398329628
855180290
3673542329
760834339160588288
251826152
739443565198204928
397433071
53139843
925137320
1405657195
3613181357
534826529
1482847554
2788403772
4055118377
2319258554
178685251
4472952436
69878676
798881018124050432
734725512950603776
3169206307
1038366410
358162325
1103554206
2180261050
784137711561109505
2415181569
714382420
2866250985
2360508155
930194618
4887827675
745654987
708801020
322697437
2741727190
2509485582
417271851
4112981117
951133896
748814836595826688
780318269995638784
354349202
2501199751
2673272289
49319803
4845999597
932393936
4355692264
264320070
1048605840
445414490
1653604406
327542565
470480835
1357615280
938764705
2447883613
3257187621
3589544177
2445645806
166161984
2429092036
1308112182
44747985
469267629
358384589
421184161
447981049
173925687
3433360601
471369382
736566716210262016
581801913
27679334
16484564
98192394
2340568543
1543158968
795317869131268096
353575520
201789369
2786975403
1146148506
77823743
3207456845
774612532036329474
2325858085
2703675064
2402803553
802559855202537473
720897887014645760
122016493
543536702
1357710228
2899554531
2906264861
799992817007345664
2951279819
589513542
1920228356
708587318786007040
2153812941
465960856
219995423
715925457774972929
585397603
2574452613
597787450
780806706066395136
378661982
301084618
794582375867052036
3927720435
4910181370
764071712950550528
4702133172
3289084404
468586800
2385290202
1699274312
781359137909248001
39976483
2495725759
802176344515866624
68926378
392656492
2228775365
634912538
1251322195
783740138660700160
926301210
3238808553
988334522
298996098
419884880
857753196
408580036
300505340
78971533
745595735966613504
717349975559184386
577337366
84874030
2999909987
602802570
469645909
43503218
1193780617
3043362960
4405643841
720198001822732289
751194313661513729
16823683
4885620221
3131027463
760585433470427136
22130099
2296638619
2165518905
607981040
3438440643
1043113560
2795115634
386732636
630918299
73595849
2783799928
77207264
2279399816
427739095
229082336
3101683983
317769975
722421795106766848
400798557
3392159079
1316630180
1009028191
1190659814
28528873
2150407082
583980924
2882526197
3001239377
4902555711
731923970124075008
957099499
738690837027131393
1565935926
591711454
500592044
435173619
380405533
2363684405
734594705229545472
388348486
1360384598
425759519
114158160
472989062
470527968
751379826024583168
1296698486
485031544
471888854
912833226
2510576799
932167832
854310253
1975150249
786215749035720704
373423842
620775490
2788303634
431084648
831854412
1412500075
2828057292
724603972531658752
2980684566
4860559857
500881322
1172372250
2212638076
3445916417
773956774932127744
1200638798
3436934397
472791930
1089615589
334337968
765647763442896896
2308162216
493991580
794535156291866624
2266329732
430811207
4902342166
235323455
1311291734
497230381
385952157
557801943
744231081889640448
3500831
3330461728
417904492
3347934334
3064021768
882235051
95630884
483304367
318713537
2688397197
49022982
899952481
374492014
3332720836
390942663
861058987
430019208
950480676
3414897147
3309427367
2419860820
746278399056969728
389104963
1225509780
2546560394
717647109114224640
504658270
1114596824
589053637
224574652
1886228065
762007460
2391598947
1036719990
407134896
2471273369
968459856
100855011
497752969
3175658951
22495498
702128508835860480
2938313507
3527260401
16213811
767795023970697216
48614561
375170652
437792860
2464828514
704078981591646208
1357715070
2879472009
3489310096
242071863
845781758
590833841
1121935962
260337748
19447964
228540865
2811414913
3994936216
233489435
59422983
479450086
797327775963222016
1857838688
843331254
700406264937971712
1489965936
793825525483442176
523432889
800650112
2190915769
198683785
3064945486
799160749532807168
1907744952
999773377
915191390
2589921788
2906554709
3884835388
108262067
2587463268
508816367
466397112
1117446373
2942486068
552944751
1122980041
479560424
236362651
2336360382
1536854442
292063590
2817304093
2310684649
1120206308
71797055
2786178562
751148634398490624
829546003
423797452
312613461
111724064
588507242
2905245363
1030996831
4610932577
803658363812872192
376688279
968032663
1073802740
896347454
713852625867960320
754001744808538112
378489654
346518147
4039287245
394837520
406360666
499035724
2282354028
756514855461453827
2169771406
331872223
3300431854
454142762
1222000628
1015819494
3322995999
2343279570
710170418955620352
109578008
231118677
587805027
450846026
2316274661
4172244862
432926462
2900717633
569941954
330330577
241289430
2870220975
3320655053
718791150325403649
468370504
3083483560
2364487620
2862461084
232559332
2851968971
742054546487271429
2359465576
494488032
379109556
139684967
500582673
724192261
4060369233
2361032367
2234343936
984851042
1095469866
3168904809
785763689345363968
2202125345
1119051126
576539396
2776699463
332885533
718898381037387777
2442517233
1325292990
564935726
481416521
1037427926
721428113373208577
448998373
451419549
3629872875
2929169337
300775565
773775218125012992
473236373
572997879
337155946
114332714
154924260
353811477
200879760
2219899278
3093445126
2858584827
464825869
2869471262
752199246997258241
1261559155
516778754
2525069528
377272505
568209601
1433286055
2306444410
125851628
986286079
26206149
396826432
2190130572
591144361
783250520412655616
2781784450
488505521
419739649
1014738026
45346999
1167348620
2385752304
3688803513
514582922
547051962
2437403432
2995507655
4264298260
456508187
2588246800
75323086
754232386259476481
2940755837
327562969
86209782
991699441
4843412021
3400107676
2510733091
479713128
957427112
507768657
2527788012
208447500
2262555456
3357544672
591983888
392117332
31255401
797805269539520512
427564624
605695196
774133777412923393
1573555616
862825945
2361394675
2243979445
1021541239
2785214645
1492497582
3299007346
1257848173
1037049997
1101446990
1037526320
212145625
57466155
3049910135
1829960281
3103748006
831768450
4892218558
797053138326945792
2234822984
724603428496900096
424355891
1101913508
745261482
3398885945
298123237
391896780
624543149
405430528
250316913
1368793633
453384866
2277937200
3247867120
1327082838
1236577764
2762679177
4860759339
174210451
4150809982
2987972555
4892369867
2338806398
2728402871
1876212612
1178518129
4920965056
36030252
