2850074284
452343838
259312932
4393347915
291019658
266189786
257491066
484980283
779791109916688384
2597512767
2511415512
1498652208
352164101
268899621
375745210
2799778140
17335447
14494559
2414609995
1283518398
419513827
2299452214
802819780386390017
4654542682
757989565600858112
550987681
2452438665
68689180
2795660401
90597064
427735067
783616187703984128
422340734
326854012
440209726
1009689127
516432515
215374702
2895820156
417227638
3323080689
3225964143
396882006
4160203479
2283221770
598374852
696595370395172864
421952674
484236147
2245688323
165706304
2882900169
704404141305688065
160134649
3403212148
784921032
74707629
3356485570
223881169
719629375411527685
467389922
1223079336
986768443
2523593234
1174274426
1894270790
4762981463
180317088
145815793
1573078681
1307016348
1056228325
433246317
708449047544205316
13728662
2886824073
4129589421
2393222217
2251943851
606438986
454952181
945407058
404409239
1370810204
163595230
95111515
524372178
1658568734
2895641883
443187387
19231752
3217393599
413354451
4622374936
87967184
801499650222129153
439883787
2267206189
3398394214
460507111
779211695239655424
2629123617
899901025
507353180
491587553
710503452443615232
505865419
794609755419504641
81646967
389477469
493887925
2772829118
63732939
474657743
751854340399325185
936533587
275225571
30585852
121062400
260398077
590037686
2421023606
1871652506
589418956
856426165
14724500
993340376
38444157
2403776046
196614800
1562752760
85136516
191933406
768885735290183680
1311732848
423519154
711206425
424950362
702219779
44081167
140724864
1065254220
1367365670
2182009663
2344846407
471281332
329937650
299172027
210501383
255666406
249685018
143745231
101031118
1635670363
65977946
759428777793429505
573991398
365552092
427326829
367312496
2585597700
3555782356
2679522658
272473332
795290773642215428
1565412319
1647401228
705939772007714816
1569038504
453365420
334811128
473848168
739541589018693637
14390755
513144334
292564453
310105359
264845229
379347952
1151882539
1150604383
3797445322
1623140270
3458047347
337096642
3218048074
94562956
1016043164
1056321552
139765259
337228975
1056268357
3834367960
2498231275
734705980873789440
319620609
184425554
2400347005
1245607699
2345481387
242339687
264391151
704418409723904001
120927887
718705208654749696
343239720
87964051
1747158031
425803153
2798825609
203717084
3053723635
1499307636
2533217510
470505630
50361109
254663124
38573759
589286587
775039590784729088
3958632334
902489143
385904680
109657350
1023906182
3287666158
2225433889
497249239
378467099
136342937
464755043
63813563
3909032295
766015385065910274
217497747
4351705817
2916281104
3982259901
3290984981
2246377665
2318573988
175444192
871931652
482940177
3294901019
3094835193
58052287
2588051975
488234925
67564253
507697095
12994392
783062302388056064
723818739712581633
279147723
83386342
518934318
776050554418171905
794554811714830337
995341382
1171488392
214114344
772074670208221184
3239016405
710044495748927488
471443583
280728494
268182887
772520766885728260
805520267879608320
3063912075
419444738
1139871650
608379751
631436852
766664451223330816
58611094
251663248
299837277
2420367649
701825129366552577
2735827825
559785640
573049351
3079453121
4135497845
226125316
294567524
1692026178
2355147860
1105580412
44487069
495899677
370223450
460628395
443262320
394364545
4182142288
342118728
716357499939586048
788369731212443648
315847248
2479620311
464045620
928609825
432538706
228051072
1175340216
602069331
395242306
345488835
1101713905
298002994
75155781
767783947220713472
1205594306
220761337
112167809
705158956
409323369
1126191505
550398209
230717920
283080198
1270339064
718254192
826892666
181538209
125941209
2198564562
718386886172110848
545102676
1367363988
160108824
447005422
4702970784
793787252040142848
734053598884139008
499227001
709488378601938945
410234636
1065387764
358919228
486517856
491057885
2588023931
430033435
1150471465
240340176
380830787
1113910442
272460455
747245468
191524366
2212485620
2410447644
1483339591
2706476465
790099830
1645793970
407765988
1386751423
708689965
259255330
369718764
4243675906
2361360169
3154269976
335249305
337838077
2299665593
496136699
708429391
1367677159
2192778853
794092015634051073
800444469455691776
1254291416
1717274785
1106530849
1857148146
319063113
734499385321652224
631501567
419302730
1318670960
1387644800
3027235803
783025828326244352
803241948639363072
3198028097
1099767710
801457403808088064
3481946428
108936591
925110174
244705592
300148270
459239187
538974085
759346461758939136
4212866417
142210315
2444235358
117345204
572915439
118053242
1257072463
353573393
1610183600
2930397267
2361959873
1513168501
85657467
216281928
485762114
115887435
3243380165
851621720
3028742807
1372517456
3007418795
479942012
734869080
1447143823
55156023
798635240889651200
714239635
3083649262
509053415
1031243839
2332571271
2774751706
116470630
378148810
411705585
268744692
428341973
225168723
151029385
2216248313
139681145
195017882
14060262
1667689482
2604434907
722928812
762727876286410752
2257121711
2435959670
468806146
1080423679
399705092
346161795
620351637
3179223957
483200355
550970730
448852730
1325336683
866911332
2543019165
2340110677
369728921
2471692167
429094402
149458590
406469071
95180464
1565976750
2379017327
744453072601161728
702545722386849792
366492481
1726637880
3360426029
459472257
4905992363
497384675
702901779512610816
416165363
455653827
131105980
864123438
225105585
716326404707713024
428515597
900629300
86425164
347911632
972414750
1611207038
547932396
731252371226042369
86094824
1728519446
4075531942
294848207
276187826
154948590
396837476
4522911016
724303327077502976
1852391984
792329915228127232
2318032643
4910760543
2877719301
302041077
1090101998
2243856722
1382274499
257180831
746302511095685120
96763117
3843282933
761634173782294530
356404890
728344128
1379254362
2272705066
1154934108
464124265
354003815
76615199
402637348
713456188969639936
2573757023
3352056221
422074257
1332000314
86544451
3410104307
1368152558
3656005667
1115451206
240710359
845473334
705813420973621248
855369620
1636528548
2970015723
717965900062793729
2735997057
2787508709
480295579
801764256299569152
48317081
103646510
768560791347990528
460496317
2408803254
447965111
778703906356330496
2574668816
47438785
541527026
59200159
782622314261196800
1215628212
428304150
3638160616
3036352179
1039581457
52203471
3143810488
495443476
2480550906
288788899
424241865
2354395787
4319725823
1008382820
332921113
565467907
20271943
17268435
1111297184
1168797480
273414953
602924578
2361820835
229804443
2463100707
722670790420901890
1223033204
1932231254
226641307
1197644424
26745300
831875880
2448591096
408729237
1238866574
4905181713
325760306
243569730
4738929916
424995632
473811699
539107366
851471263
3345161205
116777260
1067008310
1566553698
2296443458
457583908
341045112
1475463739
2697659090
1701151104
315798667
1910176993
1231366670
543558776
377992089
545284832
1260538849
1007254188
2296153657
352337539
1021306837
2821366407
2284054562
45662302
1308535598
1055382594
2819864679
528699157
3038103838
1341462944
548616993
1059528432
2706185665
1231986655
1336254342
395548966
84918135
1892883824
396794954
1719811099
4857416872
18166052
3086634161
1964557453
309178760
1479114414
2888908630
3373669295
338999228
939421976
96104745
1873008853
3075547941
1040408522
2980016638
1394277882
372326171
3052641775
373395657
73354392
460394260
309347048
231245861
364947294
1849696574
721148434
4851423724
469505249
231245867
947272602
909935803
778503955
222200049
2294048120
825997561
952494133
777448545125273600
301404616
8678952
26295447
559883501
1911991346
723203630917136384
454088602
67006079
706836086
591364423
4838445220
57188975
2149778921
2966503372
793071301200113665
2408481885
18618749
987640627
885406213
779306269190553601
593615857
972123007
2382393696
65861682
735159560621559812
35700426
4310313034
144168169
714896919349346304
159285637
717452216840429569
319060887
2322261107
257188974
2209811628
433697780
179953118
634556445
453071336
409196974
340847319
404951630
2730593590
2249959502
3331059982
47880910
4148271653
1106167964
521450521
22785182
1176687842
805442124036669441
464720261
4452408435
99925189
161450764
8672382
278422359
283107590
355496018
399356077
466571036
1105814539
4188287956
388572693
134516956
716591970106417152
2907264681
506062047
14374811
148911684
593583090
763388821677469696
194496460
2177377435
194101852
118104636
337644410
3179265154
124428899
98921343
3928749496
2447922617
320936739
492341816
1904698302
604009725
2198032835
2866342738
14386362
2846919520
1035460693
1250044405
533480981
427209531
417227921
2279477919
368927198
1728213950
2975733075
799754734315782144
3095233408
589407736
2258689712
1322584279
574396225
2603850468
4928491697
385456063
2485596211
2219871178
3326012500
1274581027
96343932
753901145366626304
16823857
962736661
803115926002532352
16616869
164616607
27913369
476264118
214822092
2845429815
4714539147
1888151310
7046912
14273660
2514568559
490733693
165094166
2157985906
67706268
2881244285
701513839989358592
3243937305
1035803582
538088781
2948707558
805141954329800704
938688090
3304165457
2576530495
3719573476
543555677
747451360715616257
1335942066
2751139073
415406147
2390845902
462427721
401438300
454230732
357351456
22616757
523343629
444716468
380834354
713803328
543703916
592489826
557950729
1386459625
22659500
22495783
786870784841089024
451473769
121424128
1395104083
2808479699
833640918
2436608759
112981049
1690434842
542872619
733383127381487617
778273782
431089246
3238508633
1169506849
90367970
723094218734862336
1068405199
76042887
1402978436
773074386
1851226928
778643052873285632
475577032
2305688031
1923616602
1004773549
791287209508933632
1707121399
4725196222
4869095007
1055140058
2331861340
3165917453
2218697421
1036813327
1064422592
474967536
3458373497
1876887128
4924190242
4885903612
414884582
131238747
701388779114930177
26507319
945602516
3064824634
761229080461242368
541147498
801867970603601920
479477842
792311228609822720
99702635
1097904109
775126274960416768
999110438
3092809936
474298037
98631516
320253490
197137385
1166877775
1960868090
2559910725
775636532
17879542
3297456253
270816789
69074548
1260162366
1170098136
2650582614
4583225809
387198659
4155844545
2401418695
551331260
2364393968
3019629387
1493705738
485546674
3419909445
335970439
1063397041
1472353806
493260423
324580620
726150285870157824
390342010
3244021258
734391232470908928
446208888
8678132
221247281
551653007
739729140887216128
17288700
616372545
417920790
2768367785
1087029078
382358973
2999932538
34597895
458543147
115523877
268994593
249167257
4909543941
792675932414803968
1954450338
559609344
2484661227
4817730435
2278209638
952525316
1904491862
966502022
725882047
3474585855
1731287791
486456375
370639956
62500641
802828276481847297
461088423
39975495
31367770
398611235
862812493
3889028069
411702181
226326062
1063917404
241885333
2409273144
3244161467
1077736116
500034455
1254324948
63126601
2898087731
513444329
489688253
1704862878
1921110236
96987099
407682640
309771745
2239737678
589283111
1313490145
423761628
1338878742
226627338
268905980
216884788
471428838
1339138579
799219281451958272
1224046206
711355100854415360
801700087525216256
1152079687
67107066
270050737
221812643
621823364
537389666
799540275391725568
247722432
1369005530
342569184
710011580658925568
747013422907277312
406980942
2995672642
1546601714
507327369
455266241
547936685
990605366
2390747907
14340947
1140565105
460854604
733682452602998784
730485660570812417
4889377726
1680697170
360580578
101272144
303647994
131849009
46120689
863020105
3094759553
421427371
391485689
723538940502913024
276665800
171041974
765979700808286208
868360100
3133358394
589423738
498041388
459219814
1904781277
591417883
474274879
482343716
107488386
4446307913
1071492246
801870469762785280
1147664360
3313832169
33982163
712042147785080832
458353910
305255857
3709809921
431051576
420419717
385408308
4023749218
1960098824
1004193134
3869948417
3434631431
1566071294
2892298719
584085438
780382517715202048
716771729
832829629
626507265
4204098099
27606971
198635466
3305976862
319074916
864457176
4249227922
188029214
306794064
801158222560301057
61141361
514803990
1270332710
381714246
99645256
618961022
398317849
526379568
477897185
1068056972
773980492031004672
418816920
2262991946
435761951
1043011003
736908928769007616
433236253
2828728746
1009626624
41909882
2184944111
2189571962
4259747315
131815683
166528519
2359281943
803155774096756736
374385397
803979599210233856
426152264
422625426
409427594
55049219
1042515348
36078422
1117323301
546956225
419907704
2845668851
1354437403
245960120
326340678
1088675498
262100774
266213305
425385039
430437851
728804562
1307698028
1119822385
892990969
483307241
230453692
2675073532
22799265
2921199801
510420773
4020349911
476123551
805315714844397568
916522718
68014404
999278988
438476133
22044386
1160278561
475142274
1208620304
2337395271
797805423122350081
483384295
34556545
1552786279
454009387
1643119441
1920133764
583075672
258704458
3879573977
104135821
405192597
827721282
438290574
19560878
224594895
1016320381
885303356
136320273
161740961
755821556
130209798
2819591819
412112516
13294452
303754388
14800149
405792460
535729333
4640857347
2863212489
16620601
864323299
557803659
363616701
1640805493
2210726071
3012090543
122644390
4112673143
1737574513
1062995012
753855753119817732
4340881457
289538124
798164626844319747
2342104352
3375673725
2748801657
2360517815
17946926
561473002
377619841
493239048
2875485406
989645683
3600926057
2338484714
805321414907727874
744961229853167616
698085001380937729
1622970242
440790132
1212365568
832669237
550265670
802901905
891828164
436124417
395218906
2809454593
154808415
417947467
2352305154
331483394
467831417
122497273
1534486934
526653195
702253149189439488
720897240366194688
854329560
4905617759
4830251404
455700963
170872174
3303118563
245715438
13159862
489551817
541114609
1366648526
2922077789
700428379514925058
3859630461
609278295
784318068889559040
570833587
4249591816
472186470
1272928376
2435638248
2340552066
31395684
23012394
1156611540
26982622
176712900
441273511
443910842
15692032
58891895
202166644
2984766304
785934232698904576
2311945255
788678875089924096
1225676791
91585950
1101476665
221707969
573986602
364874905
476053480
2576729006
919864976
872497166
431868464
328486212
3025669096
4759055535
4897518861
113714702
851163084
2895077031
751124618832994306
533592035
2909963555
389945583
4736607934
3253240709
58165167
783613594810351616
694638444807610368
319578825
721654034080391168
435899363
1453522026
404088514
347497240
111063679
281884852
786233441742364672
1065081188
827801822
4755912257
634020827
384535661
104764195
3750796637
291850925
966734737
418028983
1444734901
3091025023
257665435
1288257872
418301345
1291622634
3138188655
506387757
256184416
547050389
57251373
127840439
566718537
515635680
747547777
1269812862
3309783615
1389335053
3111732579
782675156
4098447160
2154499070
2397844595
4316205317
805531788332466176
374168159
835456226
2324049793
3816219796
514599606
1371404382
3414864718
261420561
919975040
3015242813
2212410343
492136342
254998344
425695048
453905728
272955645
284610483
1082984088
66635426
3338622107
51792460
2315062792
787745070002868224
2380531864
786276460080209920
3793353617
1000319443
81412056
1060544983
800779578
805128837650673664
581167908
2405837416
81350058
109651861
81116943
4404458955
505705375
4474043243
115410183
2231676521
2909504255
333644386
2270541645
19680237
3151825048
991671421
805461075458146304
67126408
502891648
762186331011375104
3969988522
2351055747
3052918302
489693440
71204488
79019842
2197924583
131262995
433707374
270382626
501137418
379091940
520610672
788040280222171136
1223037354
431976775
51757652
467307839
759087906698952705
606302510
202675420
740314382824046597
539962117
3758739195
1392039763
150652786
4196365162
716259184
251062818
64139825
355110852
542818828
425741057
3007938557
533019074
737782733947211776
1069263193
730132426110992384
805076083
1145835457
182506310
87467449
588587293
275741325
1007282528
2158619688
398345813
991768927
2244460336
980929243
2763305468
526490982
261386924
258599279
3105881217
3225190005
578232486
243631237
434135494
703927817885655040
483304757
28433379
2543955497
29990130
1227483440
728693657159794688
2954986355
3075686139
1072129524
940908996
451305585
428436187
437849910
122744687
2787575749
1234555272
428006506
367390935
222442719
1382206622
2191680460
209891777
521090462
760510933319970816
2460156105
1274899394
310183103
317879495
773684083117490180
2937388577
780743995383173120
493833883
1150394972
749991934165385217
216690200
1262939593
61011257
50662478
2941915384
4644414735
428272958
3176594760
565658427
270951173
321469139
791382828500000768
3221712009
1027404487
315140856
502178280
126579485
2754433723
49961429
882708728
403444000
336770410
14108472
4841655153
562334258
488356774
184436023
53022283
3412968784
2760310807
485939604
1011567642
149609445
1001628942
760080068798455808
330449169
426738122
377660882
1107438535
1869380918
725810364995231745
483727150
49099085
2857413639
2845221227
2743455844
318549168
388330414
3588475175
557366826
73971750
22036033
1036494895
2804324997
3124079014
2523347460
3011001645
149097320
239434137
3677974647
39827736
1136163114
393519608
1374300920
106731377
345918295
608063632
2319777925
339618344
818182363
107025395
410735674
768171685665124352
403704169
3018738275
1054911576
956214918
4063380377
2889852755
3123285591
1039152966
785847208130248704
3094312457
158262409
442005205
14897043
475234937
526838409
272094817
2192427702
3082030787
2203686361
451365630
234339579
411304327
804008103222054912
3050183838
630422990
776771798
2898075617
788754158241378305
165532712
2356457670
579147580
600847079
88220481
542697215
3349425333
2956235267
474023066
93691257
122082911
1275239096
2779138041
486653074
3101946463
2418019154
2609283590
2949556252
547980228
420194671
201269366
772120295465443328
779870528
2768212373
265333818
2911504227
33942010
2656984642
2438650607
419318448
463347621
703674148309098496
415135980
1100422622
1006432927
1679375545
2484857381
786241444193468416
2202672330
541178236
1013431926
2203488436
2151118633
993458990
602182097
906442878
122088248
2739356051
1035376896
2992689333
1373189510
343442484
2662719205
482405981
257499288
419285776
2995763703
752010888
577169108
3912008141
534542976
1227261115
1276570771
1209806856
496226859
77554140
83185672
61292316
2342517254
2369514974
2382275202
2831367726
467659856
432688797
324262863
373985944
2774578942
4039903701
774631928834191360
1128250579
764140480775020544
2431061097
2228667795
29173778
799223498145222656
4405181775
500214625
312166162
2987269049
488864885
1139875363
1104139692
803770735957344262
753519234710376449
294652639
4248771682
93679179
421427868
430995535
331211590
2237969899
2258041135
801687648448479232
3001315397
231187717
1152071204
2177374102
3207310307
722050091624833024
3167433556
595680879
2454935475
878503224
2540910636
797138085725278209
2241274927
370193812
474822588
2722863047
708997585139318784
396756630
603433563
1154012262
1390614042
28724819
557827565
327973902
523683527
22887971
406884836
64041947
378197352
722053268587855872
891582636
1102070556
200180442
2380603569
4846328158
528480384
1012989822
7332612
737724815780499457
469845313
313160816
4896166115
4812987399
4876627103
495277374
784403303497170944
2350203541
467473645
258457223
3428472718
60995609
444537543
508555134
436642108
304377242
4898036176
972598303
1341254522
1385223960
30452110
425941801
362706589
3246356698
2494342256
2721604847
863477084
89212874
1849672393
263046135
392959803
2470651487
2751832007
426470235
92978896
1514408528
86599770
418221631
492050077
1010807990
391424539
3334148349
805387375270576128
432329081
16114528
3230165817
573872757
148133850
410891592
3044947366
554236154
4016772868
57725329
574402395
1231663231
2420690215
264300089
4432360889
1320264439
190742111
3165299303
743016612048044032
1086393973
3298528972
453083980
1471608194
378831710
422529041
396778217
856535857
583373343
2345206182
2413811529
736205254560231424
3147439475
428215684
285635680
1025143716
4891650449
2435218631
2523568577
738095532166553604
2469663349
933010074
747327834494898176
191071364
853678268
58797291
96325900
4069173009
135267045
732773769824047104
396823374
492031787
2210971446
503022745
475096024
758304360543707137
768783082736455680
765901856
359096965
370633527
440129895
769888726579380224
2901562716
4264651871
99184394
2301960876
1219022928
3317377714
229441189
1071274292
4294368214
1108966327
1353602473
2778061603
117363440
1085901524
440152678
490629565
2212226706
436239851
1269200340
1078026440
200583728
1361726894
521589863
4074742552
1212650660
193827502
257654410
2310559129
464127310
236939562
460275730
168191046
1376674190
475956693
1148357390
157474913
2724223470
2858721511
2178758289
795015324596895744
396762705
3069843927
4468274056
1354136304
4864664511
986714714
496477841
1212034646
1018174934
555030818
383531511
481225656
108192933
713449513088888833
1044114469
800016372185124865
1926324451
407194493
3525780075
51372388
786828737958535168
303174527
1969190317
110722335
497117284
747081876536463360
1583119626
309554233
2502868003
402192435
379296972
1008333511
746286023961874432
2714596672
274703138
1085455423
1287327732
3794715136
4151187135
970936674
2968347849
1474185410
4603127836
390858404
578439195
1333771333
561307154
768399420367011841
1521671185
718008585
513400022
2876702231
458738784
326226399
3937406775
3346219811
428418598
2855391653
351551003
346899691
758599960942247936
773231942498156546
177086902
545474882
1254617204
61624078
1398070730
407234171
262101027
1066131648
3613181357
76634165
409539899
2798863589
216326779
2999879276
2824408020
707252292408512512
4386339226
234504218
124426856
930194618
4793622923
2891880335
561447448
25706997
2741727190
796311583077044225
359382281
434824030
2155070496
2939273031
382690046
1679376193
96516447
2429443561
73598026
80672878
424902617
741379824
1079081996
4845999597
2979665872
1676221394
43082114
420548533
298734391
491330061
870599125
4691712930
61081513
472130584
801334903308767232
736566716210262016
209249028
804086589559291904
1539414133
172006433
325043884
201789369
978514940
2786975403
77823743
392955088
2261701074
706768881625513984
454050209
726108618051997696
222170521
2951279819
715046831361802240
49421717
779271293359325184
1130420497
2574452613
2761757177
923671178
47907492
1272666296
1704854190
120568957
396864261
764071712950550528
2921447206
32937876
1035311467
264117723
519453043
67637870
2168651339
2785020203
467232496
1056389828
394613
53126023
634912538
271374908
83449728
84130259
454448419
2344799433
783740138660700160
763094873473945604
334321591
926301210
3224046916
2359153168
327334660
1914930552
833741882
745595735966613504
776898032
778693643976581120
417291990
1857295158
405102916
470003688
1193780617
3043362960
257709473
4405643841
720198001822732289
315428267
735980645273489408
185108209
80690245
1857123030
534616483
3021582753
2428907830
417904049
1133836538
300361611
706198119441174529
448091207
238604711
496343408
1362144619
1086749148
3521388197
1190659814
452096877
287334707
797374091959406592
374178936
23974882
4892651727
950030191
804953334000001024
2310410500
2361561634
114158160
885661050
432352683
471888854
2751861019
4848941248
1183179234
958633201
477647280
102488547
2846746942
126441228
132092980
491318883
616442617
700817890497310720
1412500075
995021599
2400871240
519619381
360584733
3417233499
2515438775
3973104981
618297054
4914915772
474803070
83900772
797430048945008640
607517520
1358880168
2612367034
1704580074
107020880
3110684698
448732675
99361454
2375301992
288854744
545448505
765851485133418496
1506815232
2604070285
60890380
483304367
732462043509362690
3133960911
792821833972191232
8709042
1187629285
124192305
478810298
2367128011
3342531046
389104963
764164503860903936
4405998622
232908749
232972471
135572389
209786311
402965189
3931969841
2356839824
3400668957
2471273369
497752969
29416653
428447147
702128508835860480
1570489244
3236308146
372280583
3009603910
437792860
826764168
2850394315
2834755191
1178411384
144973391
490520691
24026780
2158966523
3312841702
527411904
705029912265097218
242071863
3000601366
423726677
845781758
590833841
1334865294
3995124705
1244210036
2220310769
4181867075
417751713
801684184037212162
1857561044
805409336373690368
4893362397
2995932370
764193085593116672
2190915769
1336027495
785481697462718465
3127648403
2999484970
140772582
539835980
431649074
2298091612
2400081577
15735970
2356966725
1120206308
410193975
829546003
408382868
150961613
2966187939
2899612829
10703162
776366439632605185
2906479803
2876671889
3318915569
372245394
1410963865
1090249998
2233388418
295592416
1037152033
1052210108
199216783
1331720245
47781017
376688279
1189981854
274177707
194768728
2438848524
346518147
634892475
992119471
435763914
119067790
448045395
2872974977
376313089
65896059
2779739962
599396246
402976667
58990105
993249822
405498561
854622270
3365786625
443456626
109578008
52337911
51401698
331683916
303139807
359450814
719917582904651776
524597055
241289430
63705563
510430303
406880559
182160038
407285782
232559332
1972410698
2731197053
2296057788
756950860471660545
2961876645
2234343936
865193857
76395965
65922786
448335186
475177175
2281160869
362432939
381419274
80059714
2282472413
505790519
145252665
2884748220
1307286932
42395949
391721080
337155946
402230222
1063634156
1267065014
1100350039
779097093730426880
104270122
1088806153
2858584827
430743919
4697302040
347953519
705109241
399663966
785250620483731456
947879034
45541132
1699665619
2377463946
1524322628
254203042
400383332
375352671
317249673
2437403432
1935709369
1030992019
799361848147660800
2588246800
920435114
160498055
2956420149
380458425
33521233
208447500
32624061
1452474535
31255401
797805269539520512
2167899593
42627416
370940742
19441340
223428196
588426612
724523436056428544
164560443
2361394675
794961451194712064
1021541239
253540043
473732722
1369083600
391620881
291659166
831768450
25676606
2234822984
3398885945
298123237
2601961486
4179246183
629136662
469249349
1368793633
2282469222
409448246
259047162
2344018723
790662730432806914
9327112
306971482
2338806398
89463988
4540267581
1876212612
1225720460
