471859605
2850074284
779336944916504576
762284905145438210
599247299
2857247674
516281490
728040729088561152
2876741794
440896779
742950892786290688
715121732110172160
2511415512
498645635
268899621
523884698
3094969685
1283518398
802743952919109632
756413285365325825
3152228475
989351852
490356500
731119777486376960
194972957
731153006675136512
1006481257
712352177478438912
625000187
529317309
403505287
598374852
421952674
20910977
370172207
14070425
248600291
3309217965
706017040272859136
88725905
440691898
1729756782
69573622
1926643158
470289460
764525968623071236
1340154259
4824031401
902519029
2982641339
754658882551738368
3200053252
731177161420312576
1082718704
393342562
1230556524
1894270790
1174274426
728807104790794240
213818443
1307016348
283636579
2817092706
407003733
1622520061
701425649169338368
2173735015
229089974
497021694
870395221
1975733520
452010658
411540282
2886824073
2903619039
4866039789
1191172297
2364107448
447231795
1322376432
774210914409127937
420335251
3045640158
3298746532
811076442
1583259805
2504129001
778468643008950272
1017412344
738100774710956033
450587852
3398394214
732512957368786944
1117120286
766740702982205441
731180653149061120
2812760284
731145439647571968
111860113
584529887
476171757
416922961
2895843244
3426670696
246976552
2987686264
501233082
1588323260
2421023606
20373953
490798068
1562752760
85136516
768885735290183680
4811969481
51289966
1311732848
2178600592
799574305935921153
711206425
765965375792148480
3298343308
144213581
3155682418
2294569309
4909671616
53185852
2989954665
3355724674
1126319712
1704844459
792331078459621376
308306330
3082802711
2199539758
4186758514
759428777793429505
463182289
777025956078813184
2321084820
367312496
3555782356
786872673037062144
731354389127004160
767772101503836161
2318335197
1565412319
186221116
2288845078
371749840
2323955682
427590626
995785856
2197727347
627128494
4859931532
392348818
2832177977
513144334
731345316180418560
191488665
386474826
796334964342194178
318379212
1227799914
387166314
4871354697
1623140270
2371576541
1238622974
419396501
81689292
1369438861
253093345
473107684
585919562
33257450
441696914
393232944
211721790
732413112821784576
51232175
139765259
1015870262
325473654
1489541214
463969453
708028845950169093
312572813
703320672865554432
512506306
50298131
1322645198
776357522
2427827258
2902379002
732308016821862401
2767422555
702804571656167428
582622919
3053723635
1221374252
1000020710
1447003466
3108090405
781749446908477440
1528603020
1116303050
1852173686
1863767611
4705505042
754269659998855168
147543162
2151237468
1405748826
753725376036237314
1481960144
434309073
790625241856937984
2592479230
863339647
147966868
1331086867
978488840
795739255440048128
2588051975
1228029926
258755575
2377444536
2967051688
731356412660486149
507697095
789957825917222913
2231561825
92062981
290585680
3115905790
293484907
746325002627190784
789181592564404224
735316014
423281726
3239016405
2180128512
2696436896
262558531
627317336
3233492463
701030177262977024
251663248
766664451223330816
363616037
1259041459
4449871396
761203827806789632
1170252949
799300362930974721
4135497845
2355147860
787001238579740672
712713408806842368
1419413953
126691082
4182142288
4172823213
11945512
2479620311
310845038
3028809503
2342101993
722850803464015872
732516126358392832
532920941
22842432
395242306
3732226162
1326743389
778195022973923329
1205594306
798743088206319616
2215701370
724648551561728000
481929883
9820132
614101601
367090986
4242565703
731349450636038144
283080198
2517301839
827315960
396563069
2571433091
3169131753
1665027356
135547288
265385204
727938981120323585
298586862
4579125253
2966682251
2339917973
4702970784
499227001
732372848925417476
355608779
2757116931
1196533130
751814461690900480
307999300
740672271619084288
47606389
481468284
418624595
313199623
492688472
2330768437
700388922430504960
2410447644
944665938
2719244173
732541299086200832
413786539
510597929
1324566829
1386751423
3368360345
4243675906
2361360169
367021544
1470343742
2259459451
442950090
723515103530852352
732405814128939008
17814902
708429391
577023890
714457631151296512
794092015634051073
753569175944171521
1254291416
2322290576
1717274785
976455469
277460126
215355651
427446371
2865546393
737526030907232256
732410190650322946
773444545342234625
1318670960
411525579
732416627728367616
1707854503
865947528
3198028097
801457403808088064
1660936423
732224698612916224
1207502412
369989109
354125985
51782790
1100783203
771607371936215041
469580096
300148270
345535835
3124240699
779265942165544960
759346461758939136
2182403667
1023264421
255047902
3068603681
2174144839
707184555887861760
780342597458034692
3971698161
796097962384433153
724373012124938240
85657467
2502131693
1291226797
2554846117
798635240889651200
794189382542589952
299780153
732512686638960640
2651374166
761218843482157058
2774751706
2332571271
759129447022862340
1734072200
787009091373850625
2518805059
1434038420
459631864
911094367
22118394
272876921
2199795114
637245026
107198263
428411075
17532492
2298394045
779236559908442112
337185218
802097584332558336
886686836
1057682683
3389194037
369728921
772208652040151041
516802751
2379017327
2424020059
799992773298520064
914574283
1292021606
553422727
800750620818800640
497384675
1093512139
416165363
732574458649694209
611617045
118133195
2905617357
435136836
114142301
3361637014
3115342936
350469171
2373289985
731252371226042369
2821473613
1023807246
1246808533
559513996
941068543
772044030007992321
80200885
269196059
2459704421
764880664541954051
396837476
731319983880437760
874348255
731141631617970176
791671139521142788
2447574735
739543389721485312
792329915228127232
2970014416
215396540
1037942274
785061107803287552
492564736
731326410279751680
731078960402948096
2450147531
1164336541
136006220
1447215498
280175586
195005069
2804233346
1379254362
554336117
512664948
133485233
766066296618414081
796643001137250304
414848816
467359617
3420601067
97681471
52367440
2973508025
791034319301140480
2816450251
106993932
718337999474401280
700407039290433537
503394897
907839806
418628923
859927674
1084193910
780316421825912832
1636528548
535318339
2787508709
1120077589
842406103
211550281
2341083257
746092736898547713
732568610074419200
38398195
1140259146
2460047262
1145390935
1433806334
778703906356330496
1037335069
1144724168
3001004218
116871279
541527026
504894136
1627031726
110123858
3129266409
326225431
4058624363
2929403482
2981114476
3036352179
757430765894430720
1039581457
612633942
50286652
794906422320447488
799223913347747840
592688115
721338196639014912
3226558563
304598010
731153273701470209
3122280521
988701344
2976379107
778900450812764160
1004781943
3496160069
718651225
956000863
172382368
2361820835
2429287645
541759113
2463100707
3292617544
803010732
770354017096589312
145913387
401568346
268463193
396743588
57479575
325760306
536451917
489722273
1479702782
748252291959037952
780430313218596864
61180848
225452143
1229121186
3010674484
1067008310
319634872
313331114
476836933
731042723403161600
718807833463123969
722067166380617728
2436476639
780092964244783105
2296153657
492319960
722098819110985728
2837446354
218992548
1070288839
2644998883
1354633818
67746303
3299563144
3621950242
2343281118
955750106
763704163373084672
1658559944
548616993
1068648510
303365029
1307992418
605560553
366031591
731354123795353600
934466887
435601309
118323665
731169795446542336
1854556328
1095109520
777506688316411904
3088659569
731018872606855168
409512109
418918882
53773490
1964557453
2797539111
2885630548
517846120
439115535
2476947931
755320994131247104
2738358863
396043184
4919837110
460394260
872371680
1270403142
357074444
1018033975
732408303238680577
785773375385923584
4899231777
2517354856
442225392
37631819
2343512623
3387594292
26295447
392626820
1710955382
589312435
455937572
600136789
2874742024
61776957
3385105642
779306269190553601
432860042
373481031
801845830483382272
2322261107
1026144254
48062712
785299243
762274877806084096
788605410529992704
275434452
434387464
1376724398
541824556
2262944341
2302034329
130510445
3005727892
731154101652860929
458370341
340847319
448131888
47880910
799313616302440449
244203371
326079212
1140857102
2937209879
779976176416722944
3425547017
731323448836947968
1044932990
2167116718
1891583048
522228631
4069758477
4044724023
420627699
716911634871160832
456335294
2971568187
799362847373488128
313652711
135167434
4391467180
2182550725
324805752
738491898688622592
3130622027
3064402677
2877035033
802200796368687105
1712830392
2694982606
4864104742
793414057223135232
731151738644901888
614579877
982628515
4928491697
2736523546
799246755414048768
800699105118810112
732317340092780545
2909426781
1600226443
753901145366626304
3448617916
2772829228
1310209976
247850658
476051821
164616607
4030805711
2817083455
745659215881076736
2310543444
2942209786
2845429815
800826550304313348
721242552469479424
396698099
836271002
582087196
380824560
390670890
1221995204
429784273
900247297
2913833871
421885466
405170821
3504753795
731048011032236032
587385901
481457729
556270195
2322998168
2751139073
1322551362
362202952
434752212
497263437
3344602564
3063216130
56336773
2367015206
486879277
340972113
1216273854
326183542
700786170423353346
986811270
2436608759
2389245857
800613462741110786
780019183371378688
747147930742755328
472185426
1312010358
608125539
2197813964
2244030673
760806683564240896
765113425882218497
1843782967
1402978436
3001145196
520657885
560636317
2961784235
732206617341595650
430092847
2280648054
763737673613840384
396697179
4869095007
532222780
431867098
585409998
1890326197
3225158405
405426716
68239562
428460389
3458373497
394957022
839726317
2475530527
2880235666
3240122307
731153718398357505
1259665080
939204590
2420586324
731152351499685888
420396535
730841695537876994
4299066556
390848844
3119071163
1166877775
2455009450
2501851306
2712196248
1930695714
2306574587
775636532
733330743800258560
3297456253
407051453
4174063036
915362096
1260162366
300798803
390118819
31082952
387198659
409070151
4583225809
4155844545
2164608279
479054996
741622785122930688
483258299
2157630750
522438312
485546674
2181791921
763394561968177152
25538825
731357431758983169
1672302936
1978729974
1074250160
4280485636
1058200926
798850938647683073
726150285870157824
405500662
2361146452
2845018504
3334600017
448343412
419552991
764853057909841920
1372461787
2208172767
3299490593
380838374
428897370
797871034535936004
371443272
4059049942
20430345
2221874484
390753281
376871430
742397869
555956189
948318834
2977709325
2608779441
3301722796
123980519
759853330692616193
4196215025
370750024
522292867
1109639072
3366458710
1393825116
2361705150
2987362433
725882047
491327107
207122050
427804855
1272137623
2970225064
461088423
3371026409
1464788840
4061316509
1024976264
420437976
567086543
500034455
2266875290
2217674274
480408730
63126601
4872311697
2495549258
1704862878
4600475613
468410833
1034897761
1069422908
364889715
2277559444
863232396
1864799155
3355557795
2907503735
45640175
852301178
2743862297
48105077
15108909
2235047637
128259714
728188723075158016
733042437766144000
517934877
3068966572
85117452
731181008452751360
547936685
3119564260
392987772
731019841679839232
449736439
732571897133715457
2995908064
795749937157931009
2281936099
1919132101
2298937636
732231709278752769
793179502046216192
304449851
1058440837
1117576526
3432995584
863020105
58076869
782501678461358080
351816581
2267581078
2497086351
2397799935
439886593
91574000
983065508
2880084795
970095434
450654477
1103450372
1064087622
710514446435815424
421992276
2173027221
794234183128322049
420624994
532391937
2165389231
1642833512
786498222554550272
120433474
766644219930873860
4864139045
1272944370
1556491195
2375216695
52332450
985118000
489300199
2989253800
2933315099
2804109824
3347525428
1888878594
2320276583
701835995226968064
2494379611
731177530871431169
922711819
1213959710
2906132536
757899059399131136
57282569
2915603344
213274510
2416044272
2230346403
1371970536
27606971
1079226488
123983186
589445550
519869743
328491544
94594903
2711589210
730962018
818183167
401407144
702921914
19488600
411403085
360868017
482329441
1163858592
584877389
36626879
564148431
422904136
2180838160
358143005
2635714649
433236253
804961884
1331128747
451610877
3026496574
2819972417
312032777
109652224
521235818
349553597
3059131623
4024081156
1011327860
987465248
1163789540
197934198
418636676
761516705445183488
421839918
801870151549419520
396703822
1404635250
1119822385
2415932786
3866842575
2424988655
39475962
306134369
565500674
750419127655858176
789842195775971328
574642927
3332559340
481368611
731077934199537668
1962674090
732472507706445824
351555225
801313759
438476133
2337395271
34556545
3065958947
1732672866
1552786279
192253996
723943212281401345
2480231230
797136508293627904
1158606793
2858759915
1870936627
104135821
2347151255
2819178244
754282812405084160
3297601040
25307802
528216670
556650372
533690230
2178130104
402140522
418190204
405792460
1431247669
382650535
4188671596
791713072549335040
702152442239180800
591763573
2359548435
122644390
1062995012
2247433494
772442241361186817
2347027613
989841337
1594040222
3385872369
503042698
2359353306
346498718
186771181
776805857803796480
1350107509
54964317
3164390831
2404494057
391937038
1121521046
1357813057
725949864
702253149189439488
398946027
1068928062
3186952517
1474066110
3324606040
2260822969
13159862
730841620841676800
4865359611
245715438
140014890
2922077789
1372335043
789887372653723652
409089494
49522536
1537342195
759087669452365824
1241565397
756798814518964224
4188604709
2994467687
2865314139
732386064233603072
2827084763
2706574363
404836757
2418921020
82636356
964333646
732385845970341888
763718509805305856
463434622
421723841
2233203519
26982622
2228813671
2569050558
793725735047405568
281957028
3003254493
732511488175443968
785934232698904576
585588201
206180236
717334646405611525
479573398
2942381427
294535336
721084485190688768
553772651
66975806
1050589128
50590345
3345106587
872497166
1370308218
1226056380
720592519
118843973
1193388126
100197573
2220186288
732537681960439808
250085208
2176575594
2265684361
212661183
369725754
770016621607972867
532361025
694638444807610368
3130035911
2584054678
274591337
1067019276
779388069921292288
404088514
347497240
728733122695725057
2843769504
731348019417780228
622780112
114141144
3350423657
281884852
2364054668
788472720036073472
3094278383
732481763763609602
827801822
559822009
448761968
4795609529
795707563190976512
505066780
418028983
46096501
416124700
501874833
2562814182
749570773321474048
1046168034
385604119
701318641
14324681
42084305
421758109
2345320392
1213692008
3138188655
506387757
832111555
840555816
547050389
1156625743
515561206
2725874927
455729797
249220275
142802377
328473338
1713152299
725370452210794497
2218411411
736596690
1052509542
478135592
2228748954
4098447160
778160744487682048
2852162818
18577800
2982582215
2800067974
55275273
470515225
571136099
4611199415
1371404382
698226027756126210
3015242813
254998344
514506617
731121261770878976
2184144110
2348648967
784165978905120768
4866412145
802617959952875524
3324608649
3374386924
1082984088
3338622107
2350347318
405443137
2518413287
20323844
3065293335
3793353617
778304305434595331
1060544983
3948938717
123598693
746263383473799169
743514238493278208
325165914
484943965
702432335078285312
275805969
4635757648
421236822
2310609029
14561296
526735998
435329079
760941857652301824
789492030850342913
991096194
707978044179410944
1210086031
482107935
318939574
4914890062
189643689
255182357
2885393529
488369670
252676505
2788765798
2909504255
1701836234
993545408
384240252
1123214964
3151825048
762186331011375104
757949254765834240
732412829572182016
1011151154
707218166250864640
957926748
707605903328075777
2307925110
208518075
732355552320200704
4204183834
490373717
2357363494
4708550595
514377723
2348566523
1022801072
1223037354
51757652
150291895
405482706
577936933
3815570657
785400651878629376
218931858
2597695185
1392039763
732412884857147393
2719186852
939425341
807431894
355110852
722514964095889408
992690058
2207852354
1106253925
408027768
2951587293
780796377148162048
3288969585
2411149982
87467449
708755071861964800
443193400
3400063569
309701654
4726174575
61765111
99671046
428908411
2980162055
4863618933
2416492224
305476350
234868966
328935079
2401743697
2598012474
2312096674
3024843525
27417914
799289611134570496
2892216196
2233013752
2786595941
1235548266
732826458675150849
3368018859
2884242309
732277985752055809
720515573
1644683106
411011613
990630679
1382206622
427357728
1142639090
612831033
754738926083010560
734629633577095169
2509319063
3296477548
940223707
3973423342
4187567045
1544093054
934436456
1262939593
710864700851032064
740277257424523264
2509117751
1104562232
731119440000077824
333434977
3221712009
2508927513
391246325
731178389680345088
1103812855
1092670394
303219287
2308789068
2724131603
4548508636
416928501
272171460
1546218236
363158162
224759837
716881918323765248
1063332403
480251724
1384855346
4470827602
782584298964672512
439397412
377660882
412254670
165059017
731049567790059520
407741779
504729836
551979725
318549168
271370041
253571297
704779333307650048
4858595345
3825308554
2369379741
131486969
766462243
4091800402
2843525403
2444362003
802157141108867073
726387113105707008
3381325839
2986513055
3351926470
1037749440
410735674
910726700
508645944
722067507679535104
2165797386
763784342
2889852755
4063380377
1039152966
3094312457
602574015
475234937
1422764864
2361364791
198961814
738997137820811264
759712744044056577
198822370
4229963363
1488338479
2898075617
489757182
579652841
700690132769370112
873734450
3296210343
725051865159884802
1447222423
697879690309214208
93691257
2197493125
2311558334
418798723
1039549512
771305044394151936
420194671
50259224
2203605371
1068604638
772120295465443328
1059018253
483132230
3043540575
2656984642
1307442482
1619917472
404048864
580344256
535447658
405451598
2370908109
1080531446
431887124
14712388
410826672
1480061876
2982653979
2527227066
3428885193
495103388
2849367177
1272197671
220308940
465732305
991498111
3183670121
730841584321843201
2746964048
541178236
1211152422
2203488436
778089012
602182097
14942247
723989536020246529
1411322347
752800121138581504
3067944443
376145932
3156887011
419285776
3117151365
790567158489153536
577169108
754009621724012544
158470519
424084271
3385958710
1276570771
4818775001
4807013549
2342517254
860205385
306180757
3018858028
324262863
732954867833176064
2180831464
369200086
2774578942
1017310213
764140480775020544
101573147
731152895274418176
2260532036
483671947
188478072
778914262689480704
76616277
488864885
1092084720
732483861028823040
406906451
1062548953
1213474032
430995535
788723015089524736
2786244362
731076475391246336
1061060934
54853399
2784216706
800370508793417728
731021746904662016
731073749487915008
751835518825095168
423416522
703657320874647552
259006548
396756630
2763427354
708425080645279745
384214851
783613497749938177
232090588
2891328287
788974585266012160
2438776736
138530001
714376418055073793
3242281907
763353589347672064
793539300977700865
2323867147
215762717
700754631438290944
508555134
503351518
3315474928
1011183535
1055931559
1045056012
1385223960
777585598907441152
362706589
1312048352
89212874
3169603576
407816941
4244790082
779302947926802432
1264774998
575494925
413217587
2172743300
929249360
2359663543
3357091883
17565436
1010807990
3230165817
731120586714435585
457615551
877839043
1357812068
408370356
2189190782
2768667015
3319305760
211226743
2746079253
773929798192300032
539895182
2727207762
341389032
318446896
3300735423
3251331238
1208976072
722328402515075072
750333027088302080
197424739
731153428492095488
1171395356
2689665578
2345206182
367692964
2398143679
2517359068
438418495
335595246
334238732
4822018295
2993303818
725325711846825984
3096569741
846790633
3045361705
67347938
738095532166553604
2791795096
2356806462
1142540912
795617180993912833
500096474
564038388
2860016332
4069173009
732536651503800320
732773769824047104
396823374
2820455714
265278924
342588019
2962475685
504354294
732538607387480064
1444738142
599651301
3072696814
1219022928
745339531566661632
2778061603
2400326462
407898601
1356673152
380788364
2919306970
3401227875
1536833076
51522357
456564682
764073381532753920
378212883
758178577909153796
433293009
1046140855
460275730
1160507178
567159863
3395020235
64144248
732421905702129664
2300311050
3457524023
1057930387
396218442
1061331960
406552900
986714714
397064333
837804025
1163796132
2355253204
731045727363862528
576974264
4844733082
2521671494
407194493
104566182
2373495638
406443794
804354408
977016020
557057167
783270492480368640
783679588677353472
1315114254
797847675999756288
252585311
1121594502
540078984
1085776615
2627015590
4885253933
2714596672
2380592546
28352615
1085455423
74399982
1849298862
542355572
1438986181
2918046219
731122160736075776
970936674
2174707564
2207330516
4603127836
2900897831
713737407636586496
1591737049
371820912
418874919
1586159210
855180290
53139843
731326361265156096
1732490672
3613181357
517903407
3155475373
116528440
913242168
452723164
2798863589
786432845111635968
731122716963684352
614694618
734725512950603776
3901748193
417094749
146132863
798910302
2777913711
51759517
2832335447
784137711561109505
2715196346
714382420
930194618
4703605746
316640641
798978150772441089
2741727190
3005113455
2479372688
4078323682
23740366
776144101850943488
287246577
4853428299
4076357194
457547376
4845999597
304329439
95664521
1405789050
318434829
968433782
3015642023
2194037379
1064168858
109573130
492916204
15178183
1464197947
83396222
353575520
717714341915729921
400946488
2334086092
454050209
445611250
2761527484
726108618051997696
778924404617207808
2951279819
1338584736
1933271388
546239230
708587318786007040
779271293359325184
1084044583
2153812941
795912820592410625
2918245289
714096155152486400
1130420497
278915300
576471812
1704854190
281239582
2177262113
1220072246
4617627196
4702133172
1469982290
2921447206
2494115132
955561676
3197941023
423372441
3036230170
16511742
341996757
731350114321747968
399938605
491417328
749173351999037441
2344799433
462101728
763094873473945604
2477156634
797522942057938944
1275426734
802942235398565889
78971533
91201238
814747711
2860190313
732418826432696320
2906615746
715887797165535233
2362415546
2612652422
43503218
3043362960
1193780617
945141198
1563187658
2844869322
3065796675
2478946331
751194313661513729
92245370
460611317
802939309951221760
4885620221
80690245
534616483
3030465038
731142910255697921
774267120268050432
332322583
97580009
22901191
1710219649
630918299
29220492
53046364
4320197602
254646788
712622569996886016
730841474833780737
3088538206
229082336
1316630180
1009028191
784828953726951428
260912864
2990123956
1693164817
751772149606744068
2574266145
388362333
2363684405
386425939
2347350496
472989062
4103491043
885661050
801808880955170816
3238619722
2490422221
4593402796
563989172
63060955
453851050
748396519024369664
912833226
1183179234
772532983219847168
329694687
52305444
18935802
2301561164
1222653246
254632122
1565366160
414926221
2405206161
422035414
731118785680154624
773956774932127744
498846820
4563172516
784288703422222337
792614406135873537
2365532641
2308162216
514243349
55238295
448732675
172170794
415437027
306160885
446490092
3330461728
765851485133418496
3347934334
606949787
785058148650450944
986866543
731122932026462208
483304367
449819882
899952481
799044661931282436
2527331874
4003940735
3201928624
389104963
343925514
2698941508
781930651528392704
3107819271
1225691011
232908749
1063694274
4823965924
768341665862082560
2920005634
372280583
292371234
2970206104
3527260401
716177567481524224
55793308
899978641
2850394315
2464828514
732411954711527424
726032256033284097
787748865197875201
1563877585
574620995
3489310096
402863215
937463430
738415085194989569
845781758
1121935962
590833841
50584579
2342009888
262206469
2884126876
732478127176175616
775000178558431233
969981643
2791413571
116517401
767307970594140160
798181337433829376
732637887263571968
1489965936
815134452
3064945486
1367182922
371123495
1346600790
1598253523
732354823958331392
732228924479045632
903701676
1117446373
714775585088737280
4804439175
2286158081
1116548774
2307288968
729301866555805699
2545761557
356496234
2346440818
1461615506
312613461
776366439632605185
2160731013
1410963865
1037152033
1318358461
731143740992192512
182745707
2351521726
724573957781856256
1257959892
772778458845941760
766621206883737600
2914562626
2645983188
4244881703
1273496268
569680694
4039287245
768133193291722752
267623955
434761742
3300431854
3332293899
1222000628
3309670823
399455627
749611364
493278355
3369172816
109578008
2316274661
432926462
85089978
3001964055
241289430
261233190
348334390
731177504476696577
2851968971
964460408
39022638
2359465576
169233625
2731197053
416534525
116408795
2296057788
482783302
4060369233
785916344575328258
432670529
915566532
332885533
1848435132
2945613899
81837035
2786191966
2695313896
89651876
1907363449
387043149
563557378
978524389
2588366118
337155946
1100350039
732336591365099520
2180726666
1638278257
2760592882
1033288196
752199246997258241
22013422
414319027
2525069528
1063955917
2454989365
1256574842
1870961815
523054469
125851628
1294725276
2222183850
745689833331359745
3065026630
4076045092
2781970583
2781784450
738336313892560896
3688803513
731175657338753024
1117558933
267894166
396743688
744252966501236736
512851889
1719985794
2527788012
33521233
2994679426
591983888
4774998749
484784657
31255401
797805269539520512
753510446800535552
2775981333
795964357893046272
774133777412923393
144210805
4832053377
862825945
3862086448
2616680851
4853784417
2361394675
2785214645
4229274312
1926516720
532132256
294535863
520789750
524493374
732418777246248960
2719761311
765195398587805696
25676606
472821372
3398885945
1401911906
629136662
250316913
1368793633
2282469222
409448246
598279585
1236577764
1036756046
8266162
146522828
1720116319
444931260
542372059
2728402871
