132164537
390151086
4181864187
366332600
2787787988
533329366
167933227
493011238
153748622
788451050458083328
788124436406923264
2511415512
3652269263
2333218958
726505336996302848
391493436
1931378250
4384279288
801827480172658688
2571330985
2381791600
3251484981
495373098
2368943517
703360096944988160
3904145790
194972957
1009689127
1370769932
779436033238761472
180768349
143393223
200932330
1405465094
791154802549985280
3054090717
2200336955
419339559
800698016768233472
2872007299
290552355
444090574
849022136
2984502441
4906280991
160134649
4824031401
18582562
788748356185120768
777543896519892992
2404185052
453295053
3232147305
212978922
2318726325
2962599197
3344651409
461227143
499128183
1229478864
596821309
868298592
192258181
1230556524
428262591
2231871937
2187027482
114553027
4871917449
2533451441
1307016348
589997252
3157875893
2150969605
352899212
1283820974
3920787796
419589451
452010658
395179479
799999773818363905
794538327085084672
485012318
366053697
376691595
806068656899813376
1322376432
1256727248
3400696882
3939678677
3389162981
524372178
172899512
2895641883
3126510327
413354451
2867996071
2615266953
458708195
2720826652
1039048494
573081544
567391977
2357757948
1067779500
856918904
2629123617
1142592469
4590614848
781539111052115968
584529887
126677638
3140135411
2170742693
2895843244
2744358657
181395697
237262307
1319275574
978137395
476844153
2398061363
825247129
715206297499615232
938933701
970022552
732631010505035777
1065254220
63408554
4494073469
587537801
64275595
397199507
247222140
54871865
2927551738
2678692048
907601977
809346588
417196887
2303644001
777025956078813184
2728423823
1037555461
1079858408
542488894
282624338
795290773642215428
776733136881352705
536244238
2328579068
581808446
4859931532
2188044642
3555797841
163165271
2832177977
805799470793363456
191488665
116219778
379347952
634575700
416586096
374053052
242259406
2333203880
1238622974
806059611501498368
1487030509
136225328
473107684
773428955214995456
441696914
1139825378
139765259
2376999356
479777103
3834367960
2648038336
2400347005
475134082
787954994171506689
2829102190
797820581584453632
104430215
2194307234
2288794280
2331718804
582622919
1444286834
739825780293795841
1300336105
3757693157
44395683
2478094665
2924944360
3287666158
1306369771
906349453
2173351823
4829678764
3149053143
403051679
2497838698
27927840
3290984981
634090141
2318573988
1363855172
344991357
2911054737
390324765
428261286
1331086867
17880873
241086708
203070541
2513339808
538013953
416243016
527942368
58244717
561823534
1083812281
801902050254721025
1133795917
368264486
995341382
745916794100125696
1517788118
423281726
529606550
773869687465803776
2850135335
710044495748927488
2180128512
2341734769
115510647
804232112555651072
335259143
1006198212
164237295
523185127
35697270
3662970074
1336992302
2548419224
1422780709
2940171280
926290832
773983087348899840
44903309
51361757
2192271144
1122157453
48958624
1220358794
4135497845
396237618
2887988230
1008395305
1727798580
822183163
39608445
475127858
34562441
185274610
3363987292
2342101993
437533038
1032345572
313978999
156239686
602069331
877300502
1260045176
923347921
767783947220713472
1205594306
2215701370
614101601
4871676707
351426252
3169131753
227391193
503847121
244087436
74147053
791559506
1017057949
982037941
398744062
519360327
499227001
1150606010
149096219
398002229
3063738106
1039563697
2459817018
1168974246
740672271619084288
1364231341
108592050
403270396
426611363
2719244173
503288686
55518746
4460750969
924965395
385571810
1613251314
3025368046
2704006331
708429391
447854508
794092015634051073
976455469
450010911
737526030907232256
59100675
2651274657
196099112
445567589
955313736
1707854503
801457403808088064
944687335
4833429358
3223929605
490369053
796953321911255040
241350669
742800361614934018
85821827
19018243
1100783203
2881013986
3346569904
244705592
3058699804
798881423650328576
2984198033
534135497
3003054298
508542444
1226957078
2444235358
255047902
712973139215564800
2301664084
303810430
2174144839
852980726
1307458242
2416323679
429203153
425686235
2319542538
216281928
774241370890469376
2166335324
3243380165
2502131693
3368385652
499921719
1134483002
299780153
409474239
2774751706
4923331546
320739148
805798846949363718
2371530239
2296173870
2518805059
158017561
2173672641
225168723
790464906453721088
3906735870
2199795114
586804044
21825227
490726710
139681145
322190361
2894830065
2214345845
520451294
483200355
506113159
406877049
369728921
319095713
988596602
1223031440
3133181793
782138334
3198537093
786961372991090688
1109838932
1055274062
1329229560
1093512139
409252331
782343436217253888
491155423
113876551
216129013
163871004
2948374265
731252371226042369
141689363
2854719148
3887691934
802581982035247104
3376006312
2459704421
1424819972
540890797
1870641289
434279064
573977989
1071485604
356404890
3005861171
1118887171
147669550
2464335277
1452439404
403277858
2978458125
713456188969639936
2531558597
2973508025
793306465075335168
3410104307
438129669
717319878542245888
718337999474401280
418628923
795410113544802304
760240948488044544
441080032
761303645518499840
3230326396
155514374
438849246
831981618
2335367718
617158024
803350148143316992
4068347902
2408803254
406996560
778703906356330496
2851165852
4096454423
2465871252
65986070
4058624363
2434019798
1045245656
416310352
700914468
2354395787
472404545
1008382820
3226558563
1069184802
1111297184
290715819
2787109876
1168797480
2310515650
2317508289
3224655875
497175650
3768512055
44948272
710511455511191553
2675356905
2361820835
562839649
326026685
2409382352
720617956540026881
2776292367
2410911599
3010605299
134206590
1482397633
1195912231
1006906356
3345161205
4382544027
1068491160
1229121186
1430646937
2165588517
806055172694806528
1278366872
914564990
1228391671
2224962167
400529875
2938374375
3299563144
4218775445
528699157
305650360
1341462944
335484770
167338429
1157043744
206136208
556818121
805042719252942848
789073047034757120
1647323389
1257881796
787432374237822977
2884685647
1215471452
40687613
3926735649
1104728414
2299501811
4899802323
81656841
939421976
234177552
1641186600
1001239345
1394277882
3246127000
485101194
353582458
357074444
765240828
1159945879
1219272445
2197175103
2437660149
442225392
37631819
406895087
210549075
2343512623
3438529882
1710955382
426094795
922839841
1924350494
3843148408
391287219
2835121973
1072385041
4838445220
2391001055
736545283576893440
281422377
243227792
72489273
746008230757867520
885406213
118126297
418508915
1365265471
909999054
362093487
1285999218
186836715
788777407662678016
3397587807
277932088
143415269
1547897641
407392946
2356768939
615845701
703875686218522624
1050781381
243563921
521450521
328715454
861167402
82849145
4776516803
497997424
498936070
1513860781
890802684
365304824
2176829876
2353092296
3903990677
282034070
3034643483
2211275061
2716446892
4372999402
788462570827022340
145978802
754849045
106134549
2833760769
788816274168119296
134554873
740178750822854656
98921343
2400285224
397245294
1004249953
436230438
431547715
26760224
9808092
385088302
1099059128
805668727245205504
441004197
1712830392
2279477919
1187171011
385456063
3944546739
925649047
1162661400
732317340092780545
116750021
231354329
3077624915
96319859
492121189
163822088
321879271
476051821
1360582447
800433282433236992
748240006867730432
799587629977190401
859694112
2262040708
94529815
2158195314
1069299457
2487798168
396698099
431747635
752617567
344767294
2527352064
742009296129564672
805604343437291520
1035803582
405170821
755102530527457280
821799522
1075391245
157788976
2185943618
434752212
456499367
401438300
1853722758
523343629
444716468
2537853697
4204326923
886248457
1127733265
22659500
637292613
337372191
429940243
2958238113
1505560448
2369467775
747147930742755328
1690434842
118019990
978170695
2587940700
2482396225
1037543545
152673484
1068405199
760806683564240896
161428463
765113425882218497
3098044341
147943641
3018518855
1230361375
532572724
791287209508933632
1137389269
4273349056
2387695565
4869095007
382034832
532222780
1280874373
9476932
10350822
3068039679
2194877690
770611373713854464
4885903612
188657817
701388779114930177
2527491007
3064824634
801821131233705984
2363110486
1175727986
1307817714
4155402466
99702635
715083557581033472
3336638973
488894721
883065655
1360369249
787888638
2189123792
1960868090
310586807
1930695714
2528310757
28116095
1066130568
10939652
3297456253
720189879771119616
2719566132
466374664
1443830137
4583225809
740204367400337408
862986014
2530226425
702931234
730660405761191936
617740294
2296270038
2221404476
504661653
448364257
2375448565
3334600017
448343412
72541442
1548872300
706823258990055425
48980680
484850334
426719729
1372461787
2166381300
739912741159374849
2505261984
830081490
421399609
765631835086917633
877801596
532043012
390753281
742397869
21185883
19067940
3227318753
3024022989
2456227901
2608779441
812735148
2956811146
983222238
479865593
163879703
429974408
725882047
3474585855
494169487
381097192
4485269080
2719487690
312168478
916593962
769167220396220416
949525008
1464788840
719936001968381952
1024976264
2409273144
223951506
3619655957
709437969241866240
804257184536297473
1009031150
951231186
3169965514
1448274937
2323626848
1313490145
2365011298
4048087467
1086442256
1085531312
391661534
268894777
471428838
799219281451958272
1922484493
801700087525216256
952009314
2967886673
806057771468734464
2386864207
1070392579
595356862
766065
1916736956
1069222621
484122940
729562469983727617
418639778
1369005530
2422131402
415564172
406980942
479633279
724628269333635072
1640675455
240253625
248453535
770926273484972032
391303643
292924733
1093140308
2890439895
850774681
1218936162
1195176624
227810869
293146567
1680697170
304449851
3746304743
3629322863
384927860
1603537111
433046582
275037373
4008275807
479860702
2334400204
970095434
318988340
722437734
4835104781
3574771937
806051499457609728
252542434
2180853339
548471081
163269007
2287528211
4923500123
941339383
3939431595
930659928
430937726
489760837
981281880
52332450
305255857
2685569658
1536096506
710311520
3310899273
102516490
3350895233
694604698771427328
318900321
431051576
485050455
613766004
116437098
3510108957
425728632
486523144
203878616
773054104549593089
79211525
185183346
3295067231
2231309401
558032072
11714492
624096392
1161234596
474781029
895733684
403544693
731710305009582080
94594903
3305939879
1374489680
373878543
99645256
1250202577
512591252
980662908
265408261
785552040244154368
204041863
2262991946
564148431
804961884
1464468332
706086896275955712
2899686898
735306703
2386919816
2360889808
2249088026
3183126233
92565100
4075468583
428041816
2355077193
4377139335
1068681522
790935713118359552
413022837
459438013
418636676
118978778
900152504
1307698028
2677040619
4404028463
4860992891
4861559277
739538599918571520
63419089
702539275397632000
245708571
1962674090
477543705
500243289
815758254
916522718
665033
2232029869
1402803522
483384295
126269904
805675199156944897
1201691502
1418004319
350184411
1331997265
2754525981
2211388062
60159920
161740961
1022731986
3145299803
3034434386
405792460
139502285
70914477
2494635800
368647460
1943087478
382133673
481409710
400919857
4924594492
1109683333
2230228079
122644390
787718928638341120
3299269745
1367905518
2176071284
1213656799
4318424669
2342104352
800761164850335746
416140379
4927335563
580042949
698085001380937729
1622970242
805340051118944256
4436365575
745330568590659584
4426518575
417947467
2352305154
185716948
135211574
122497273
1534486934
24319564
581752139
3130653934
200648626
2834034868
107729277
1006905228
1620197834
481920011
4905617759
171412654
4370394857
957461155
789887372653723652
409089494
774232452806086656
257046146
784318068889559040
972337386
3209072371
1152234782
2821597763
728166959427268608
2427089494
386154304
2418921020
2207172466
398953619
334777310
41068452
792398721661149185
2341476004
739064336858124288
2228813671
15692032
54918431
19358428
1051389715
3024921597
2250627476
4655248997
526855898
964670060
2371698337
721084485190688768
526552069
769478656498466820
1026219187
4744364495
872497166
394233849
3003876496
2187516904
789178339
319578825
2584054678
472003825
718185423571390464
3384511240
804761754899283968
396459358
430622753
281884852
487403439
145771436
534607014
104450083
786233441742364672
787645210012581888
827801822
496229128
1357565678
4284146182
2703729438
398595735
456894487
2562814182
1444734901
725066954394980353
1046168034
2678107287
257665435
1497636950
3138188655
515561206
429928689
2799355986
49060410
730034081698877443
4353254315
488263275
2492853221
2397844595
423531049
2442953699
586620795
4611199415
3414864718
806077381509255168
541523662
595878183
719751136
2446212983
597492087
2221319742
3776006296
728295648
2509994134
2767316247
107517248
550870326
1441118370
1034473320
450726242
2350347318
405443137
2329195526
2436045041
478663552
391286828
384346219
791240691816988672
522221243
799340178854866944
805108710435684354
494475884
421236822
14561296
1339546009
52375621
3386435099
2467489015
109651861
4850499688
570966263
482107935
2445078025
774981284938604545
252676505
30248306
3148498593
418552934
829449325
701849940809662464
199665750
113667004
1104681986
381943815
794072831906775040
29411470
405685047
187185454
151087089
574072662
492555590
781389132216107009
2433235432
239411530
326210975
24252705
479604138
2170527625
4904675895
252499114
440345487
501137418
2977934441
472237736
2975094340
354901534
747404363027652608
1050997706
1242301080
182411035
577936933
606302510
950500700
1074173322
189560781
1308988975
1260171894
484771907
15387167
2951587293
371984063
3288969585
756193521690738689
270080501
708755071861964800
3400063569
1118805018
1053075751
1398109956
421370158
4863618933
319156051
3024843525
789866400332611584
497095258
130851801
788724782162378753
137272226
4806902709
802149923873521664
400902983
728498953512226816
719484791545032704
597499565
241498548
1399652916
2731876079
3321556576
507006278
432374589
1227953550
964852682
1382206622
797526763962331136
3121940993
529654340
1112850756
143079781
2799972731
2787225059
89747812
760503124545138688
609790313
454971045
812632291
710864700851032064
453966391
2559355769
765240267465232388
713698855032905728
3166034463
1640766590
808531951
399337159
564360716
4876008771
1344131071
801365046597132289
47310459
4701923905
299330825
2509690782
425965881
3013216870
149166503
506236862
254625981
237680524
14108472
805877341578792960
3388169050
4034368379
1066309460
789773192969748480
230790398
1123670707
929277121
1189814130
439397412
136243366
792721026094395392
1257520999
1219944530
3296304233
2765465397
2194433942
36047644
63149834
1274972942
253571297
36469575
260186256
2523347460
117701249
703889823090806785
4664853389
801747385949028354
1181544271
3126056373
4799008163
345918295
437652304
2602316978
864984350
27617948
4063380377
213616021
723502779273195520
27624235
1725558426
1413220182
6066832
12776392
1488338479
802804935242944513
2898075617
519359559
263705391
81915953
503670941
184015853
391955295
160928891
1178340480
2719760326
2311558334
2172194937
39240661
486781021
2359694207
243627014
774691439435481088
1893744416
47618184
457323161
735221863
1928314573
925583479
980194902
224016789
1009243501
2845226548
29045944
2382128702
225490204
899672546
924942061
431887124
370049336
2716661991
3351894484
1067982564
2746964048
510652108
604293321
391954792
408760297
482405981
257499288
3002825051
419285776
45859888
94142198
629531659
2359426044
85590368
266700017
2883758397
2382275202
467659856
432688797
25851958
720538154495844355
60899235
3099708933
1017310213
478436781
2482366382
788808477686820864
101573147
2161648892
998138210
419518532
725291215026032640
488768033
430995535
1384894520
593602954
788797759965032448
1001793721
3385699887
1119430706
815304163
1334263597
164272724
410752364
2241274927
495419596
396756630
1154012262
788827713624735744
2515047351
123374948
2396676379
3001188891
164780237
60867626
770157263118036992
714913659
747000185977507840
596833964
488895138
293096194
7773732
4329256703
565475307
804753644
394748822
797679000
1161371108
414634390
50313605
326144852
192845233
740031002
12893192
2200331127
1166821154
216630942
413217587
3143841076
1037695476
804403354793340928
215187433
492050077
1010807990
3412690750
2220323296
550939002
50018721
754765457459146753
3167105703
509298472
803539173898653697
593556512
896179669
343954859
534504035
724551118731223040
1215352052
4054328842
788467491299287041
1176935226
378831710
1171395356
3168684905
16171542
361960565
154179790
1954771934
806063876722819072
37619931
2263675613
956368879
1330971246
738095532166553604
2356806462
1246390801
853678268
877896098
2221331347
701715842514481152
788784380860829700
773161248099803137
96325900
4069173009
288762146
732773769824047104
733262478235344896
303636190
394127026
58016005
884975340
417778429
500689015
745339531566661632
222019028
365643477
1369645070
434736878
2171028731
1385042468
771943296214106112
3401227875
522780512
2532412794
764073381532753920
1015440260
2391652852
1048685185
2874133337
236939562
460275730
567159863
2942275894
408277343
3388830129
407781719
2178758289
329152979
3123514041
396218442
39353444
4786768821
389500881
4339939941
923098465
94788246
481225656
318939643
715448936333516801
788432145161256961
3044614575
2603715699
281949979
310875127
430734254
796668992651935744
632332554
396835780
50579673
170781140
988846494
425904817
728107134714437633
407726930
857730480
3087248931
595882332
967653985
1006493750
1443152474
50657628
2988110818
2396523013
1134720390
970397905
760834339160588288
767040529100079104
634886106
409175847
368819722
1427556781
529380279
3183261832
742013658268598273
2227239038
916583503
1387176740
1260163501
786432845111635968
4908787277
767823852957274119
783287015865511937
1142192286
3207511185
490232626
1030215193
220806987
4703605746
789175269667942400
708801020
2741727190
2155070496
714081957
27406951
748814836595826688
4845999597
932393936
366684418
2351753245
307536134
272940016
2306887289
479113067
312944110
3807368123
3015642023
166161984
435206684
469267629
173925687
109573130
63722830
394729845
209249028
453821249
587706164
353575520
978514940
22602333
400946488
443975641
377596180
1357710228
1069080320
114744953
3375731452
2153812941
1228096628
2423438713
299059994
229112968
380918320
4704683634
56452338
441483457
3033238948
576471812
3012881507
2921447206
32937876
67637870
1024778318
366252148
1878922166
3293835712
248618345
509058151
2344799433
262649381
1919814602
2477156634
1275426734
215952329
988334522
571133532
709073802404229120
4037504099
745595735966613504
421166716
3313119640
602802570
3586104256
3043362960
257709473
801816274850430976
3230312775
460611317
855225974
774267120268050432
2727556319
2795115634
53046364
809348136
321252271
404252044
1086749148
144585161
1374172550
770500091773845504
1530823356
582236593
373528809
28528873
797374091959406592
1045722114
2882526197
1693164817
84447967
1225968722
397162728
2367438201
29440781
2997735143
595396259
4857980363
2285227968
425759519
453851050
2882347685
473220410
4120047395
796919018691170304
946620907
736176289372098560
418863047
785554968103313408
837370934
518391983
81846818
491318883
200794803
742364381003034624
1314087421
1250295715
725073326163501057
15712835
563020510
2828057292
2283317006
1198293565
3082082087
586429781
500881322
573692565
2235330226
2524993797
1292670511
1658117701
2723526534
1065109687
715186946616725504
755720283445661696
4897360193
2266329732
3166156053
235323455
2288512031
452855803
760935300189356032
882235051
318713537
374492014
138191701
3332720836
550922171
1225509780
2419860820
788788458848477184
469717295
1370150353
616006828
136976570
594049874
801131959
762766366176866305
751820450
702128508835860480
88008523
285585877
801810946654085120
845781758
590833841
4220893533
1121935962
1334865294
1452410072
2801319319
59875270
265403238
84586809
426883834
3305979262
385356024
1015814694
258562609
1227493782
22035287
1346600790
2185783204
2721276416
724962370880176128
2339316667
513791342
706057101
1306691233
1116548774
1536854442
2305033538
3152410919
872251675
469354495
385130841
1636129136
224991770
312613461
3806382809
2160731013
436978029
2888891609
113446660
21328138
1011241314
2905245363
72248630
234583839
1404900818
379280129
2243936725
279422631
394837520
47170794
517611091
596663344
2162429964
1127618904
348323243
1015819494
585439502
256491020
426680463
3000542902
186397158
793933362582978561
2904770691
524597055
2870220975
241289430
3083483560
710519954
763310989232177152
257953952
87950192
232559332
375517350
489630689
2359465576
169233625
1219317607
1652968850
63961997
518660459
297599017
15298375
448335186
380910361
362432939
3654961996
2442517233
139678228
604477428
979279446
387043149
1201012040
545280779
451083998
560439381
2219899278
700901262
344175877
196527016
2858584827
788452070185693185
752199246997258241
34569603
70969794
114712439
212638814
781894109963358208
753441108361961473
806075480986226688
553646924
471949441
1089979686
1010820098
795724356483743745
555869032
1071954936
800074358538399746
400383332
1510136666
799905556832063489
350868374
2437403432
3329221485
2438727459
247369956
1562493492
268793564
874129596
2359448190
1124738270
507768657
221840484
489247775
2553199141
427564624
449278512
2542302672
407685967
484982764
2934930969
1021541239
774007495249518592
16120863
801919542230470656
1101446990
524493374
391620881
1829960281
804396764925140996
624543149
465870411
761237376601563136
2285445236
2778206704
8266162
704600360791498752
736488545926385664
1876212612
783180575452594176
101782488
115618304
542499947
452343838
702759586328137728
192227404
806094440297336832
2168865698
140102023
18616891
2942061736
488716638
154289060
3301531378
798453173216280576
296499025
68689180
2348278097
3360851079
455562995
2480352662
2418170407
1630204784
1941448963
163409464
97773643
730389738323099649
125321939
628183914
223405753
53053554
2617684187
752238593742168064
4160203479
602216944
2966174320
16718357
538505408
497119150
233892110
441660527
440691898
3126770075
1199579786
2982641339
1015392134
78412028
2578134970
2785484088
296733937
974615749
3200053252
2884682246
391505537
2458455888
2887193787
591076649
1082718704
393342562
1352301782
1894270790
728807104790794240
180317088
213818443
2409473389
805893644393807872
582762833
1234070258
283636579
1651093716
801486367544999936
395630959
716745581205528576
502998687
790264879735304193
57024336
788472799803367428
3056927199
423732690
2872502326
962311958
3607235297
168163906
742029848982491136
498964636
945407058
721981741473361920
780772171241054210
38032906
4126131670
1176618985
3228521201
511920073
2816606222
732521189466378244
460507111
363810878
471328170
3131012013
325127006
2353095689
803979535586836480
188865441
573579130
538462625
2567751526
231414854
1242047258
75022649
2987686264
709479074029240320
556863232
20373953
733743405751271424
3310355760
1562752760
738092501853216768
789374017673236480
722726421672697856
261384105
470454880
4022818347
754304004461658112
210501383
170662528
455378815
781821141858091008
1521455803
4186758514
1045330356
255944111
802180749998850048
2267480622
2921143773
783427641298808832
3312303309
104275102
1702884835
4835538599
371749840
429415281
788770532435132417
627128494
1147448544
513144334
956969354
1732315472
3069933261
605614784
411001193
419826123
263619418
754593317313216512
2306993641
3458047347
81689292
1038231816
1106149818
799899028616073216
1593579625
3288467218
517635978
3318592725
599940695
2321069222
1216009520
572056299
4877601425
464979129
855012044
4011586876
2767422555
521337019
83326299
540066448
241625905
210822189
854645743
3244676116
1008958405
38573759
3155599023
111141801
45808968
55505952
1492509740
884010841
2860101424
4714030515
489566215
3226385187
2729520336
147543162
524568184
580422411
419474598
247863643
738775045347119108
2933781328
802287123470630912
1223309749
2999332065
3434229274
3047287645
720891425769013248
2243103750
38653592
1406267430
258755575
3221203091
134898882
1006553846
2363886035
478451247
783059860007026688
772074670208221184
574547398
508680506
470081458
1326880621
2909622107
306921218
3653031257
743875600352419840
467800902
4326503175
724630872964665344
753570089094504448
1546005109
790584598816256000
148787137
627317336
4733150242
1908263497
272382855
787988590492053505
56674519
460049464
416517830
267278702
421753973
843528308
2807459157
1262138317
977137188
802408960414416896
441025617
538382007
712713408806842368
946282471
4182142288
133652275
295340364
2319051527
4185928505
1013045366
210951712
2479620311
928609825
1354142214
821719770
3378666695
44160875
386189180
52694024
471987010
398291306
583920508
575708094
418786570
724648551561728000
27833981
481929883
464675744
1059984817
771975457331879936
712640136081776640
892954382
772840526840270848
426650533
22005584
391497332
1073285989
254969508
774167585168371713
718472766811455488
2282008813
51040535
3309946937
545102676
746774248715345920
512049031
1337596044
1364492293
3022681938
417101186
2393822459
799217632264200192
3166400685
980858180
3827667076
507758921
364452450
113728322
195347585
2977084942
790627611663863812
599807864
594767169
2410447644
765879972464656385
2706476465
790099830
3317354183
963961790
771943990451208192
2361360169
2822217403
29851314
716756039580958720
4396246217
974511188
255448965
2347123756
438382792
744655172211728384
255535890
1717274785
3295966795
1158164456
831716515
455290204
2865546393
2327069191
1936456670
735922157151256576
2318171590
4133217027
801339383303565312
805721784599330817
3121299317
436499309
434857982
3402412755
588543892
365065358
218923278
705303498
399010858
1037602873
1443750158
2759758145
252332089
1372517456
84274436
1096208222
157060172
225453862
628606443
240026757
2571102050
784079540373118976
2166645995
806067361010876416
745290048
90157200
1434038420
4919661688
477844374
13065292
14060262
2458003712
22025138
2435959670
2860530848
566142199
1080423679
2900503457
3222791895
768898726895185920
131183483
3444171
2244597633
3389194037
425204698
2729423236
2836840346
3115979247
774874962700238848
773597556752392192
1522137966
90849691
1292021606
2183716922
283932101
798901523291967488
451428588
3047851452
2621001184
2979240557
1107010261
2680027245
143051153
716326404707713024
1355065410
788859641082089473
804080566949859328
80200885
2348140042
560509154
20615164
3833171361
3218572971
169939494
2447574735
801870748524625920
159551952
339805718
50625691
2245476398
782907556159221760
82840318
2751847457
1173130836
807368744
2179652340
744871234324799488
1045369358
1447215498
53027331
209975198
766066296618414081
755225798
15796836
329710075
416422287
76615199
3420601067
2411144520
805468243410427904
733743331218427904
1927038746
1368152558
4211084913
135640839
477548046
1084193910
855369620
2813922736
1636528548
14383570
777140031957901312
417962415
336861442
210820445
2359496138
200146354
541527026
323889720
533332467
4865347498
774613405558771713
50286652
150645498
3292928026
1726662828
701156972364701696
545384133
273051700
470364053
40985455
273384456
3240372507
776702932523839489
3130577031
394845076
936708194
772569713268359169
2308416027
514714806
3289847579
229804443
3041446144
941761956
2437846648
935492714
725557127872417792
748252291959037952
489562627
479029869
750670310
58796712
408437002
712081496
3354849862
3134709671
313331114
297866031
1748057000
377343553
2377018638
96327061
1112122506
72009402
2289505911
4227091119
1268009264
3213490474
227855396
390202637
2296153657
708755015868006402
1070288839
4055569005
2644998883
2351775654
879899880
2745749177
4853293667
3038103838
478520272
3145614550
2827734168
1960545097
44839560
785559089132830720
1601790577
337767301
1334463464
85258045
703166170484994048
51716181
406832777
789443113651699715
418918882
169649919
930237486
702445104
2228125304
838513578
2278995820
2322947462
84028730
3166288060
4769400089
3119915485
438634199
417213380
1707513894
512512014
3752530708
411312650
381167930
2903545671
730294435590881280
812943912
723203630917136384
103050495
600136789
581697530
84300444
1274882076
3067467537
2411949635
4904910009
801845830483382272
806044397397807104
2298294082
613917828
167566334
762274877806084096
2411152835
1319157122
1058570330
789025525322899456
448981774
1901331644
2813547793
284959035
260230310
382592657
3356427399
735759987452960772
753700981
503455114
2473375067
407002506
340847319
3331059982
1077627415
425365839
120283895
192165373
2360744315
126883491
495011205
1618648122
161450764
569994798
1044932990
283107590
1490192112
104811578
1275243168
394293884
502049100
2747595087
1030729472
789001282514198528
1208853571
785448306465972228
156316785
1446871488
29556279
454122828
2726568145
586498147
2940410703
743906868075053060
428215064
55020430
1410209468
803174269744254976
236364144
384914074
417227921
2170637596
735210289784819712
1006039993
1028662526
706749882514731008
982628515
408021280
4516116863
48429147
468454344
2574308256
1386632492
2223407550
104446922
2845429815
2585219819
2569752645
3394261233
2927049323
389076701
552146418
9940892
1363882460
3023541567
788455689421197312
521715693
552707647
836271002
2765618325
2768874429
96350254
955582345
2988152434
301676560
777789093640040448
607112247
3130552521
768401491384229888
1443706704
4735754218
4112771547
3290361172
2322998168
747451360715616257
1322551362
339218501
462427721
1667805188
357351456
22075599
570143414
710525705277325313
508088713
130537001
806075964308488192
1035743785
480255676
124236216
2368538572
295535267
121424128
2436608759
733383127381487617
269929523
782643007
374314630
4866822466
486443971
608125539
1843782967
3653824277
773074386
268323785
524745118
1146147427
354948716
2644978389
1310780756
1316667145
4902884411
538974240
56405358
2911176083
3044673580
215278944
546658485
2400560849
2157546163
2999303645
417070549
717393342686961664
1880399689
704777492909973504
522567091
704996147
503680346
4299066556
353735007
3822033796
143486021
717100825026379777
1166877775
4695906793
3130769177
2233502635
87932947
4273172801
391531110
2650582614
735175269695115266
4155844545
163899788
2353756873
617172638
1734254454
2197080899
1144953769
2691941747
485546674
474932369
2959917485
410979401
989322852
786778001790959616
1978729974
410764821
14967240
392659299
490591636
798581099375063042
788879371
284657297
422844048
421956560
805561276831334401
1539421987
2912838387
417920790
2745526173
20430345
431804232
4806536835
363103777
618837236
1514597545
97962621
1254757129
761997788662169605
323951434
609330454
432943176
427266614
22650622
439907099
2949317921
2931690377
966502022
2652929369
341051033
805572594909016064
743041027712405504
805790377148121089
3917795416
486456375
2985400847
951365918
500034455
132525437
2217674274
634720492
501526399
756156933879525376
1041831000
2239737678
433565657
50998796
989322810
786865600115204096
2784546021
4355780241
67107066
3107458432
801338992197246977
1158224455
223868628
799540275391725568
46471818
955249244
219406236
15182465
85117452
1367973715
347776169
125153897
3119564260
450555112
396165183
2489764008
491969040
414646088
4428184061
798886486712131584
735788453737041921
416214216
419951447
418851266
2281936099
1065330810
136039207
405659403
1220896010
1179979477
385890505
544245306
2907756975
77743085
1280740352
723538940502913024
2880084795
49044510
3302177379
519667200
102119771
2994896470
494172683
1109576202
800006070777298944
290963421
777855788882812928
2917487926
244882651
1642833512
1454614525
353160476
2216179636
1289667200
177726923
2375216695
985118000
2989253800
52379526
4845403365
6866812
336003530
3291919205
2409152520
209583572
2333218579
2813029598
922711819
777269299299938304
1004193134
2238780044
2509421380
3250047701
1037049708
741735684445208577
2425020175
3357308483
2277583123
253018480
1079226488
984212430
2268685606
2326027237
2439338175
2560586103
768097527048577025
454194542
967843051
4165031189
2373624002
1278745771
782137993649848320
4130639901
801332237966987267
618961022
274014643
74105563
1667558509
104540988
1068056972
91343027
783330667258142721
789786960470614017
2322849823
743531036
2635714649
389395835
1009626624
2318610186
3664503135
437375527
97894946
127905238
753897017479458816
991283983
140606748
295232530
55049219
456674882
2950936654
3236723727
1376818658
722051101495836672
2973459185
205840088
489375718
1456715186
795157914789052416
2751256629
277375609
514848412
2363694009
2482305961
16498488
2731905976
999278988
1216444724
81136165
713388865239826432
566361704
2337395271
797805423122350081
1552786279
55360087
2181843523
805791194462691329
2236761742
2557036036
3019867043
3543518537
1580176014
739708146655100928
485582381
297868570
2239964759
81335749
13294452
210874424
1369063057
545978235
1880756130
1041804853
158347406
806066493284880385
52887994
1468332938
1022538426
50076978
46931635
431984773
791713072549335040
31405544
1176522596
780707216156299264
34652704
436870309
4652479816
1041823142
753855753119817732
2414898811
794573631661674496
2720583173
742634833541750784
2748801657
460959521
760930917204590592
2708607896
197581465
377619841
493239048
222224368
989645683
805321414907727874
955821968
3319210179
188916091
550265670
3164390831
800808214283448320
378096106
2404494057
113622523
857823696
1611260352
398607885
800356874977579008
1125816168
390337456
2194894268
573729177
58636171
1420522536
2951349335
353640576
570833587
4188604709
2827084763
770213977553047552
402135794
96340114
3332448431
1156611540
712572506155196417
3003254493
865964642
500763650
412246192
79385667
390912718
491225607
66975806
4227664641
3717390135
1050589128
103062117
461254969
455178157
805627341758169088
440977656
426731073
2871347159
2576835918
532601618
699650300089671680
331572952
797483052331126784
793406726427017216
431658112
232191247
438431990
228460354
1975547893
445483143
1860871
3094278383
546883200
1065081188
99985577
2828477103
2370797451
455691912
2154746892
2860212599
1021727540
578906912
846308478
430569658
804985989508767749
1168780302
729775229598351361
418301345
3345672868
2385838316
45395213
806049544047824896
696645923766718464
261912438
367958618
1101127794
762326924
2325863741
3729773657
4098447160
410047799
478528950
1276951700
749248856
799543436768641026
383730592
1037851609
506007311
1358975850
719767770095820800
3056250186
722919613
1082984088
3067658783
2348272160
801461907794391040
247712433
199348405
388299949
705131585650233345
461895249
2754433686
325165914
724245672434765825
1146221761
111544472
725337622512541700
1164281046
529561745
209300173
3424246541
2652070796
432684759
2788765798
1249472208
2891197923
704431464524423168
65889064
1222677294
4266162190
2160946687
47578036
581808635
721303651575341057
18483428
471339442
79532738
3052918302
252014535
1686021440
194268217
724917989389287424
758323644854599682
1528759902
604628522
4204183834
4588008687
1037982133
2404859790
461058052
741906175009169408
272354189
923947808
4868655040
703386818
62019002
471861275
609984521
380243648
3758739195
371945723
716259184
53537624
3343031632
2444119618
748536833869484032
1062583370
29468782
960666673
35186461
699020578955661313
257379383
1527982182
476591207
46928097
528917055
131272764
87467449
443193400
2244460336
2763305468
848045168
805815682491416577
145919363
258870354
99547552
2828396831
53951178
396151080
1920377047
2892534323
307278565
799733071721406468
821879334
107737376
160011017
4902200932
272941891
1057423616
757230229740019712
328044275
2423236055
3395014151
4525011809
804704678202273792
2943733317
720515573
427656834
521564908
427357728
414225292
558053080
750598095478616064
718196234712911872
2357646337
4229498536
799898540789141504
806069030499024896
253975868
1148226661
4187567045
789955010331369472
396564186
310195119
4874754473
566265869
2472118309
50662478
3176594760
799653873338224640
410749879
2980878029
3124013698
96233686
1103812855
493854798
3089989211
882708728
3247252181
242698861
499883234
540309970
403444000
610814425
734074574275514368
302837791
1570341018
716881918323765248
1241106426
792397939268284416
505095711
1007527526
398290240
1222699580
807581581
377660882
2358132044
2983119910
2752353844
3150260316
113380928
391357374
954274980
1013334853
551849106
85820733
4359734896
464659065
469262479
4860266019
467265563
2831366043
417094530
1344701089
404987270
426053339
4256781189
1709547350
991024189
379874865
476028957
3825308554
406947394
1074692840
410876976
2338374654
822095473
1374300920
3381325839
3860196976
162103856
3256271740
407891527
2986513055
1601049578
153531595
592744715
1032237176
485985971
148032190
2889852755
608897347
1664743039
3094312457
615326948
442005205
602574015
1430511258
412425317
783020674952626176
795538130
151390694
278558842
463009167
1328476232
3050183838
188043254
361097511
278273822
123903173
1044894660
725051865159884802
1199928846
96580657
871589084
1047222750
4184744968
1014870637
771305044394151936
143934900
1528783652
3000400438
1367554068
242695768
49301995
269425726
463347621
459452891
2745157399
803916997058760704
404048864
433472919
2275495767
1351237069
189796399
1679375545
991498111
453275298
2953019709
1397662729
424055714
602182097
14942247
2921067351
130949265
752800121138581504
1346566790
2163623162
146040638
485841317
789916703815823360
703215154897485826
403430248
3117151365
846987439
4846573275
1227226388
431438801
1581655399
589007815
484106374
3080186967
379293784
417987965
3360860553
49600490
512853960
594364753
729981130007531520
2180831464
435760551
3291626026
764140480775020544
1053432726
1230117870
2431061097
1124867449
2373588490
255552313
2907520191
395908244
1092084720
1961227410
80453215
2514624711
1010945840
1062548953
281358271
2342856875
941567396
101762540
281477534
802649713128468481
800744277974208512
2784216706
3365915002
785794664058220544
800707848191647744
420250376
797138085725278209
78023324
57249412
986140489
3355372709
557827565
804046230850568192
581069910
465390684
4633772304
384214851
7912442
1430162268
1339993381
400209582
2917451476
697707497981870080
51752772
263305185
471256911
896973488
4008843159
476650928
88630804
402369594
394861796
132889170
471355580
501084838
461229005
219361447
452184440
22127498
1385223960
68362418
1044918468
48274346
944721086
2822583095
89212874
313514631
802915337352212483
499444851
2541739757
2847403906
501225131
405584031
2359663543
360748546
1708309334
142589904
805863064193081344
2572632515
81240147
96311724
805874813017329664
1079283548
2394684582
423011868
1314735973
4876302513
6827962
3357327369
1860240812
367692964
2480246000
1566803234
422586035
4613866276
995769296
453264684
583877210
822184940
2440801809
1221955844
4904886465
402997564
520826737
3323385291
2750016569
500096474
3001742419
831665582
4743531021
266235426
417147552
266066911
806068579749789696
431622091
791577594227458048
444225252
2765059581
979100648
4195440875
3211795961
2190019526
2962475685
2774524642
3631947141
1402688845
4136435007
2778061603
1085901524
424153335
950190842
354307154
317413018
788368573471293445
805710328625590272
464127310
2574308459
731212252586606592
1029226392
2256723448
2300311050
1644456139
3069843927
4822490579
3096140375
761729339201318913
773183546966048768
157264821
224589369
498017973
1102216892
737964567737864192
494143463
888908046
13812612
1086700214
1558839894
31814068
698805851751108609
34932457
451430891
3601606947
987344071
3947410696
322553215
995790745
446903999
421316277
1121493445
420852268
1098619812
340148698
1085455423
509356418
2450265194
2937534765
317975293
1908166152
2557453016
2363390223
1474185410
2207330516
398832307
515698229
34607171
3196158269
254136151
267825697
1081906242
855180290
1352568188
2442175797
53139843
2817088916
406856918
111299323
453959464
782987100127985665
734725512950603776
2957122799
56649449
784137711561109505
2437403087
2780267589
1119721009
2614724955
3312958769
737734557777178624
3366092747
33226107
75563024
1117820726
304329439
1004042881
104267806
4415743515
2451846485
4221550048
278558804
231073683
2376747126
14184504
3589544177
9437162
2341872502
478994038
132091143
2407607705
803859098127257601
257161645
1234875217
4256026096
1036983026
565354789
2453297123
122016493
593817814
396597980
806071265073176576
454050209
434242329
805697444935823360
789513059979104256
810395744
313517712
188521082
803590719432695808
1893025346
3678039617
3457705635
415820835
797123652487696384
4617627196
232231711
1220072246
4702133172
348979316
1960736604
278425671
423372441
2785020203
284706444
3036230170
1450171
428880267
754316808396701696
2238342178
1251322195
541112195
783740138660700160
267439693
1461815022
952205407
1068801092
3239175100
3446733917
4415419402
471766041
1966419620
2362415546
1857295158
890639928
43503218
2221331701
3053136223
801326327395708928
3030465038
137120635
758064531113410560
417904049
3288432659
77207264
115048272
612374141
595306303
322054650
722421795106766848
261355521
840337094
802862781250867200
2272909142
1713750878
545845140
276511228
787276746819330048
2990123956
782890990269001729
427415956
2201949219
2574266145
499813451
796759446370271232
435173619
968523174
1933284714
1213879327
3230736075
2459377728
2197516867
2510576799
932167832
318940180
317628440
854310253
1076086058
621771505
1218862927
1204999254
3167163237
973819459
420253558
225334286
779205582855213056
334337968
515167150
3817957395
2744135452
441851951
4902342166
539079537
426064773
397867387
172170794
2382081974
838223696
806096622585266177
483304367
801747294131515392
1430799698
410910327
596157185
4003940735
2333450384
208130207
4256851395
781930651528392704
1225691011
232908749
504658270
3394538309
1036719990
1327684639
407134896
599368592
29416653
2920005634
2939010891
736723699
564005835
617481847
722086969094905864
558732412
2993021697
795590799736078336
2464828514
800433735069929472
385280000
782482968581378049
1928092940
1084360147
1858960344
354822550
2389413932
242071863
2886180345
1632825432
633020845
3995124705
2884126876
415071140
735230765353598977
798181337433829376
1857838688
482481949
2165021431
805409336373690368
4893362397
1544336527
307994172
1232067242
358703224
2352984616
87457267
2999484970
431649074
2356966725
1066962283
2422875421
775416857796997120
99125540
412094285
751148634398490624
742439264634429441
150961613
3301460381
2408795996
420146229
272842856
61751856
410719288
306367790
3940330677
724573957781856256
713852625867960320
2432208854
295024898
1236155377
413883500
760729745948565504
345591693
4039287245
988373714
245437223
1141754984
2244512143
65896059
402976667
1222000628
256469568
415563447
249457691
168732280
1353994580
395196509
739114742485241857
725728464268066817
406907214
788301440733315072
303139807
261233190
1225148376
2332028285
2862461084
1549289318
791346102977069057
504305349
1270664520
75569123
1062682290
785763689345363968
332885533
398928323
15062518
902677940
820524282
901555177
379129140
532083239
275035792
337155946
559559659
340341529
760770547022237700
3093445126
227606688
1261559155
3676549834
2163227033
947879034
1601594792
558651454
118316666
488505521
2197686876
4439172515
1106230255
1331997001
1117558933
432434135
2588246800
95899146
340803178
1475446621
754232386259476481
404380686
431978037
848032550
519867330
418210914
784315996370722818
2616680851
2361394675
3369328163
2785214645
268488125
516395917
495036664
3345732245
784744302
2523901625
2462199506
2373918432
1369083600
2228899537
377199894
25676606
400289790
3398885945
298123237
2356990407
1368793633
2282469222
6443392
719855009928716288
324818479
1401751266
2338806398
36030252
