136198914
132164537
462313463
1048295388
3669161052
1536559470
762284905145438210
555506562
2369170723
1361794033
742950892786290688
380526746
2362617974
2511415512
397862266
738414815660670976
4904313471
96745765
757989565600858112
2348635034
700397967262556162
533959367
496211634
960709286
131494824
462876561
3152228475
1417457804
980318629
767831797853982721
1145584326
1630204784
853635661
1009689127
1262007300
2594602871
2184531100
859494601
2228600094
68421930
1269842413
118092016
516432515
215374702
3980680961
508008536
1605405253
210371655
4084997943
625000187
45635272
98135433
2283221770
1143153842
389329973
210376076
774757874304253953
388757464
419339559
367952682
233892110
985140906
800698016768233472
126344012
344753854
440691898
2984502441
18582562
1199579786
2982641339
493657627
1015392134
804712411
1344495229
504355470
62459428
1223079336
717318984958402560
2832566926
788617257404497924
499128183
796990903269425152
936507216
1055347010
2887193787
566489601
393342562
192258181
1352301782
2406506894
1010816389
2380646586
598455937
728807104790794240
180317088
401406698
1307016348
283636579
454146916
784854175
158786957
3433378229
216032839
788472799803367428
1272905017
452010658
2384955978
3445295777
2593364107
441556239
3911482575
377915529
13728662
42192815
3607235297
1346574637
3007456234
1322376432
1323234602
4772904255
945407058
1083889141
477779229
328335015
50346361
2164423599
133461180
2929621361
778468643008950272
81599206
906647966
4340457033
460507111
398717205
1734567211
628372408
2427311741
325127006
3115484254
706117842815623168
735192087298117632
437635996
314537220
430016999
63732939
575833305
444438933
1027581487
759675705647063040
179034462
919502593
309005868
810839833
455156126
20373953
1241969216
3120962277
589418956
2403776046
14094007
2395025780
2310276773
48986651
4811969481
2347311747
2165771
215224614
2247766885
702956983717068800
970022552
329937650
3087139251
1126319712
210501383
2413702907
891567618
1946899837
979960242
4186758514
1034417863
417196887
777025956078813184
423280813
414117676
3555782356
53438498
2874413313
2921143773
96355801
2679522658
3312303309
798570804086763524
2452845047
1479883909
371749840
536244238
409444860
49787793
588238264
627128494
2541176620
240605187
552720518
3555797841
513144334
4092809355
229104842
22407920
191488665
2539194164
1037835342
449280374
634575700
800665008384315392
1623140270
1360232480
81689292
1238622974
1528310352
390622095
712314558
338842441
1139825378
442887020
86342681
2734524654
430200691
730725966142672897
439809336
614362165
877434170
1318788918
533252389
49756590
4858527059
1642443505
3291493733
788049329403506688
337564513
3387206505
2978832886
704418409723904001
2767422555
4078358001
2333071543
3405634973
521337019
66473460
2590167691
803474330277576704
541648588
993579870
280543999
288094317
1587765782
1254440240
715593055789826048
514899678
154906294
23052200
3244676116
50361109
500096388
1447003466
50246502
2427493826
436640636
602903174
589763370
3303841109
1117535029
1598750419
785830353978044416
3002191163
1012822723
69532732
418169040
906349453
147543162
1405748826
2281381593
1387856863
353581028
375484576
1481960144
436727036
265557557
329166379
3303829486
2200551363
1286898733
418772810
81590832
486617604
428261286
3294901019
602918666
1331086867
2487419119
1003602980
2310261690
2588051975
260137014
258755575
1086641828
456218810
871677924
3398747139
4114189888
2231561825
865346486
561823534
83386342
2363886035
707247204067627008
1602847736
465016976
470384469
293484907
1857779947
2979050746
745916794100125696
1171488392
855455774
735316014
416884560
773869687465803776
1652890681
4326503175
617404862
2180128512
96220057
132810751
738310503664111616
342076860
1898454535
235623530
4824399766
70650884
3432685894
272382855
797840909626998788
251663248
28398786
113386064
186977143
460049464
215728045
733309640
2909491005
1133516726
396805021
1251213175
3313351684
51361757
194768449
395759988
421753973
3290975685
423578767
82138891
3538306217
3005296665
345475530
899385834
712713408806842368
4172823213
1457630209
2411128484
771240769432670208
2479620311
475127858
340778097
3043905536
3363987292
723198319
1230470216
485250628
1567906891
2342101993
228051072
437533038
349810156
3131729685
391315762
345488835
62060285
4854132653
75155781
3329102776
767783947220713472
2549528592
2376928902
798743088206319616
584739670
787177370646175745
827908404
434505068
2572209035
481929883
444510706
1063996328
718469675248717825
1037931534
22005584
3169131753
2282008813
769885684538703872
4579125253
718386886172110848
125941209
272929503
115419968
2333369101
2189342688
793787252040142848
4702970784
499227001
2294674471
741024105386893312
1370084306
70602731
4274299756
767449120718061568
2658993140
4705974935
731920891735605248
944269080
403270396
572125780
476121836
747245468
599807864
532165920
117407713
495466998
1015089139
387736310
420255846
1162582322
705295542386040832
4243675906
4240911946
2361360169
2417069802
3296213619
708429391
2976581543
600395893
434394574
2210084110
1717274785
2365001385
1158164456
271477889
796332127059058688
1722171642
801974236315340805
545352137
270518699
4601698335
594859010
4133217027
4833429358
354125985
1100783203
227372839
300148270
1110266634
759346461758939136
2700071212
2786004480
3003054298
3324571887
2746586057
334658624
2199307722
303810430
136637812
1412754547
991367281
1138004840
418181221
2592758547
4860336394
480645077
85657467
216281928
485762114
2386617072
2548045884
561077546
1384913983
2369149224
482073054
936922153
1642789244
1638143131
2774751706
2332571271
1607816904
1734072200
761971314781487105
183686681
762934873057292288
2971867924
2605662403
2199795114
2477651805
139681145
2754393250
136621489
379192955
316393390
109034099
602788028
757264643232559104
337185218
802097584332558336
585968039
440333722
3389194037
369728921
2663566529
4651751608
44742853
3001014469
758291580793094144
1229273522
811586132
1522137966
1880747821
3243222784
600485803
102624717
800750620818800640
31091958
290102463
542402644
1093512139
3037134647
560447930
795031432464887808
525733847
362476617
390421105
54187793
732223871529668609
2427052056
604883587
2315044228
731252371226042369
136801143
4832516829
16630237
3335316244
80200885
164225784
3376006312
503172196
758737897
15155803
244869589
2447574735
426200281
739543389721485312
2318032643
3385886236
1139422028
525586699
2527780688
796246539668692993
782907556159221760
573977989
859521930
776082811849695232
34257738
579271577
497746503
1155119443
828687679
850577316
1379254362
554580329
4426336102
1653188624
703893580503511040
755225798
416422287
145404573
561375612
866679978
799522890005835779
290093767
1064367553
1228034526
131544026
1368152558
101014254
351137105
481103919
487711174
859927674
1064357792
500655993
1285648478
792682371673980928
2813922736
725772363539820544
3057893184
794982794631987200
786135013729402880
371825725
761303645518499840
535318339
831981618
2394225674
2341083257
103646510
603531704
2359496138
1634956195
2408803254
547807884
418709964
1433806334
93220976
402652510
59200159
152362185
394129854
4058624363
386489421
754403068725301249
4845740405
507280978
524616762
72253054
592688115
2354395787
342681065
719247245892259841
565467907
332921113
721338196639014912
1413094597
419959672
17268435
545384133
776453763624214528
704598502
1007560902
800315432569749504
488339106
778900450812764160
2355945550
1327241030
785032312123719681
2675356905
172382368
1025169505
864186162
863028571
2463100707
22015750
3326844719
2363490707
742397759991480320
2360803296
716902085304918016
2409382352
366112536
720617956540026881
29953896
904604208
834267554
2410911599
176921640
534538273
15491749
134206590
455722892
489722273
3345161205
80639000
198981234
207211184
313331114
476836933
297866031
709078210068217856
783403955917389824
702443682126041089
2697659090
2289505911
1228391671
1088677627
4794652822
754694678314901504
74485176
518743903
2644998883
799504971502944257
1064261450
2997572434
67746303
2351775654
528699157
2409420945
1002705990
1356675511
802174189822218240
3038103838
1341462944
784666406508003328
470257543
740167265606336512
1068648510
2147638752
1059528432
431500211
337767301
524809983
556818121
114085025
1854556328
4857399178
474002963
252308694
409512109
366180331
4857416872
984507426
309625786
2797539111
309178760
702125877
776144281
503452485
50805256
1479114414
2415583820
1649804658
419112737
2278995820
480438966
2383742853
1401426434
426178907
1063911721
4769400089
485101194
417213380
721148434
2948155437
2353222434
357074444
213752633
2321072358
909935803
595267886
1280953482
2343512623
2609688214
426094795
456487302
1911991346
337240318
2491534261
3306407121
1620754188
2338719661
802530080639643648
587577342
1183718185
794287344715235328
24150879
789390786991263744
184366311
1274882076
11080682
920600658
798086349316378624
13727692
868010378
147622871
965693940
801845830483382272
717452216840429569
2322261107
909999054
167566334
360540569
784018784101212160
498878932
2797990562
1058570330
550588728
796126854411382784
790406626289262592
2446828928
130510445
802151489380765696
431663224
1258831921
1606480278
1538890382
340847319
2785721938
800198053
2730593590
78567974
2467357784
634301484
2349873744
3331059982
356997587
619299370
949372327
1519870862
2519252925
3436942246
2870669794
181684989
322528854
711833597980835840
161450764
247726328
890802684
1044932990
702614277472034818
283107590
2229049953
529431381
3405224997
3873606135
999645834
3034643483
773155625127796737
2716446892
411048509
3199220876
792230731
4372999402
2984721340
20432064
2386835695
145978802
156316785
499085030
29556279
753856766639824896
4031602695
2833760769
337644410
3018071511
483247998
134554873
98921343
488228389
3088789403
3380511171
799900638410895360
3306933772
2449152517
437710793
791361224252489728
9808092
1260838507
1035460693
1410209468
40006630
2318455535
2975733075
2294741330
1028662526
763274024675897344
614579877
280242927
3026585639
408021280
66363389
3289975816
336091189
361341817
417791696
2772829228
189612828
2546652284
430475387
507970638
1222974884
1215166160
2532491303
3084719191
2350743580
392800981
1465483002
704330777190907905
748240006867730432
2817083455
2845429815
221902171
800826550304313348
261421785
1635205140
106724705
1368025074
910465218
2896172313
836271002
2415549036
2535866450
593523410
1221995204
1073842549
795896647
351541451
445736388
544700808
1076850626
717715393675141120
214634150
405170821
755102530527457280
607112247
798534572401131520
1041134352
1194951343
473457759
3018290121
2920480029
434752212
887364390
302169942
256213996
593582642
22075599
2650228636
2537853697
324332181
22659500
637292613
121424128
1058355732
464012055
2369467775
780019183371378688
557009624
606147435
1690434842
733383127381487617
236565724
776867281880178688
1001745906
432554149
723094218734862336
574185238
765113425882218497
243774843
2862216426
484589440
1329384000
1246162544
1146147427
1291656504
732206617341595650
1418554027
56405358
532222780
1890326197
106738070
2776380137
742094210447335424
859058736
3068039679
435138644
3165917453
2476119007
631825093
1174818342
2871007953
2218697421
197056224
2741910808
313172472
257401804
1125109992
411608254
9055772
4290335187
3240122307
3064824634
494844364
1880399689
8672302
1395172189
259697629
2359406918
4850369241
2420586324
715083557581033472
65939345
476857175
99702635
2785334697
743437317130575874
775126274960416768
545248089
1360369249
784340188679974913
4299066556
3948685096
544670018
178029740
404820209
2501851306
1930695714
4318680568
957611622
2988001444
2583026273
2233502635
2800729570
458632561
76353590
532253531
4273172801
2323933241
2214209912
3383047606
567278450
1443830137
390118819
4155844545
1002688524
233546601
783307585206222848
473940458
862986014
522438312
945762720
2421892166
710609693
784398418949074944
730660405761191936
1488372031
4829874545
709664394620346368
1672302936
1978729974
401161443
788739391908970496
91380029
1316490913
701456941894266884
1372461787
205276406
2208172767
4219440381
3299490593
2386635408
636856145
4164928408
2426870389
629334187
417920790
1539421987
2349895098
421155334
204797204
20430345
98149280
986111888
2299277402
625585624
720160136468279296
374447222
36353564
794955218446352384
2812859778
1228542182
3002983853
386145254
2259346508
14420623
770748258440376321
3227318753
22650622
465082241
3422769471
148483413
28793945
4717111827
3303871432
15047521
380209326
477757835
517201778
27660447
482178515
1599296083
725882047
803502325029605376
1539407683
362407355
370639956
1040072863
745025263679963137
2174657961
4881267029
2314333250
2356425302
2446855345
943600765
16994855
1646281124
223951506
500034455
3619655957
1429916701
1579008720
63126601
445705786
2243798055
3169965514
861619615
2715973487
2467497190
3586257136
420618787
262539190
2239737678
794970488158224388
1086442256
863232396
252124868
2907503735
439040430
799219281451958272
270050737
114157032
952009314
409269945
1355243869
2967886673
459446024
2811134706
1001303996
4814810625
428118766
793572620
2322734663
1070392579
619890667
1228335115
473960090
368241794
196560266
415564172
3068966572
455500859
142393098
398032197
733695386846662657
450555112
2160492571
392987772
1140098112
482064211
404038986
1342114820
414646088
532245930
1126411814
795749937157931009
3226296935
419951447
382539264
423430521
1919132101
1037692622
1065330810
2229154276
415571726
344802896
765938308123951106
1030314744
52352441
1117576526
3746304743
3318421203
2483198189
3432995584
2168716042
446307797
384881122
791293039
476416458
544245306
464020852
633728787
723538940502913024
4008275807
701036352897474561
2407084437
55045274
2245018619
470450722
3375293169
2378868702
771613884
2706535910
782111222745427969
3574771937
993853790
420624994
777855788882812928
320737259
2256861644
955314738
1454614525
3841392393
133692338
548471081
791632456784936960
458495032
383888615
78553388
766644219930873860
766248051937832960
874311997
584056092
716353562020855810
424529280
595426729
628380486
2375216695
305255857
985118000
2425442529
2380661778
419329457
493303189
3310852186
1420759189
2508685276
142807042
229587251
624359831
2946220173
3510108957
2813029598
10317792
425728632
572128310
373401443
773054104549593089
721957168015126528
2354451132
2589262697
2801467724
215976090
3357308483
27606971
253018480
464798861
2268685606
371506417
1346996612
755743415183302658
4165031189
818183167
1040080075
702921914
785552040244154368
274014643
1059881101
1687760882
204041863
762289531974512640
1465195916
618244710
789786960470614017
56341776
215735286
2635714649
389395835
451610877
549739837
209007993
3841779982
167046497
706086896275955712
420186908
2318610186
432362272
576472472
2345353315
1015741482
723790218764124161
1283811182
41391760
3298864072
4075468583
951390038
456674882
1288970058
1280190198
13725552
4024081156
1897585116
1068681522
603434549
245960120
794575248343650304
1974968564
1239689270
487564934
140500878
1166637379
2395047265
2717902222
729474464031772672
75299581
159505982
279211405
3105108137
1307698028
242183322
414554793
3069555215
740822746372972544
1125077892
250285557
298646026
63419089
618138331
222411571
802885932202475520
2363694009
45960215
477543705
115125066
772848384961044483
2482305961
815758254
415394913
731733318157373442
999278988
796381889326153729
566361704
1208620304
730455579827785728
533176044
454173647
797136508293627904
3294292911
55360087
3360251476
4696278104
3879573977
104135821
784727821990105088
564443638
5901232
861252402
65004657
2366138431
1314549691
444837039
779622776999178240
556650372
2271564014
533690230
3107574627
534655010
166976785
535329665
422177795
797018028160466944
13294452
3080405859
405792460
391450948
540822800
387694120
603513371
61419304
1943087478
735437220715335680
247472267
42833853
400919857
791713072549335040
452810660
47983965
42954145
99475834
593487302
2800186939
164205065
784714701091532800
456113087
1062995012
4318424669
479645953
474746645
532545883
487757990
2404302998
2748801657
1219056841
49322048
1594040222
745228268
460959521
507179937
2708607896
345374298
708773624
989645683
1153571498
832669237
348313617
4039568062
47373547
4173459970
3164390831
2752795762
378096106
2404494057
773325167871287297
50233016
3331798360
2354417048
566150054
2352305154
417947467
440105770
1372167474
801062327810461696
2597273655
482403856
83941845
1176499273
1125816168
1545110719
757282853596106752
2494551224
1705500134
224699717
6067292
245715438
415608754
409089494
784318068889559040
2944332574
2358597147
4249591816
2231399720
427739699
404836757
3433354012
2417193085
2418921020
3036835001
778321813
413010349
415475075
41068452
2183161219
136971453
113643008
389936644
1648043496
54918431
707527220345118724
865964642
482938015
704462391938052096
614443056
2236048704
717334646405611525
90891882
2942381427
772030120097935360
79385667
1374923707
476053480
4227664641
721084485190688768
1050589128
2259395426
433435963
50590345
633805675
479628118
3014521558
50236559
249723261
440977656
42878311
4024562895
3025669096
492928982
3321893073
49544302
1586227562
2220186288
2895077031
3424394020
1246122157
242351511
694638444807610368
319578825
2200336763
1215238064
2352059977
445669706
483725781
1860871
281884852
1652723858
633831925
247289076
3094278383
827801822
1368048013
730673331851132928
59720283
3384381916
2154746892
2703729438
992998202
1021727540
2872552455
257665435
14324681
1288209314
85525364
765453260228624384
1241512020
729775229598351361
797171468002033664
416157197
719894458230272000
3138188655
3144219153
515638711
547050389
470352642
859534544
595231747
614711737
429928689
142802377
2525599681
2218411411
762326924
800093575119650816
3729773657
4098447160
510845484
1556455656
423531049
791150419007406080
4850532357
2351311585
2572838813
1037851609
4611199415
595878183
728295648
3033476780
107517248
416386667
3374386924
2337487947
3179961507
1082984088
3762684742
2726498655
3338622107
91348491
260834193
2350347318
405443137
1943352259
585391357
2436045041
989192558
522221243
743514238493278208
4577275889
756921009882759168
1219792052
791907732169326592
97699315
392657496
81350058
469750828
461933196
482107935
2477274604
2554859694
488369670
115675193
3102210747
30248306
2788765798
1582558796
280068726
1426319126
45120421
754269921949937665
821785003
3173819499
2979884158
15191260
436591777
1420952432
117026070
788291127384367105
1170295874
1070732071
29411470
432265899
738120330129113089
757949254765834240
2388942100
423421424
471288163
332894847
1291022089
1528759902
794945925445722112
362550965
1037475938
794822744840007680
3141991409
1876630176
80867890
1069206085
490373717
269855245
460669878
436089529
2975094340
354901534
1143239196
2986885877
272354189
462026678
1628219264
835166574
497995758
703386818
62019002
3814697663
1319202396
785400651878629376
2478580177
803519455359864832
1934584232
85083790
1523357263
609984521
709104359905300480
3758739195
1118851009
950500700
799352721254051844
410852015
1062583370
486509124
960666673
331064588
2377412736
2486454226
1249912915
368950045
239083888
562823508
21402138
4425663915
2384687890
973456609
87467449
443193400
256569319
764870336894603264
991768927
2559438244
1229340666
53368287
2540653035
3311713204
4863618933
4392037332
3304830435
2416492224
786481498660626432
304364739
3225190005
590675894
328935079
2401743697
2312096674
2619940330
29990130
396151080
789866400332611584
442212404
2237752576
943649954
1134804595
400902983
630063443
741762693972021248
330554495
3368018859
101456289
93953682
129939757
163395780
90007041
1644683106
743782951285043200
187210029
3534749957
2148135826
3243394143
4103471667
1382206622
558053080
521090462
1909146774
3813276377
92956054
470034894
47313959
1339012314
3973423342
1172520133
276685772
2937388577
493833883
3107226245
1544093054
4187567045
301283324
469363266
396564186
710864700851032064
310195119
4775882567
843757543
289857619
726721856749842436
713698855032905728
2941915384
2511962844
799653873338224640
564360716
4701923905
3054231435
254625981
493854798
310524063
716630573641555968
777383174125019136
429009401
4548508636
403444000
734074574275514368
2862264726
1080795937
363158162
402002278
4689813482
16543583
782584298964672512
326451864
39941540
141529750
1961251566
2965770017
614866301
435162877
1257520999
3296304233
725810364995231745
725592726025154562
2194433942
382138494
1370106768
1602815845
778535892944388097
441651345
1099490318
700939605521145856
138772797
318549168
249625261
1307644747
794676312103415808
475667504
704779333307650048
4106012295
1040471648
2404846878
2461077055
149097320
244477620
117701249
4089359207
823262870
91313375
583941667
213091006
3381325839
2377429910
3860196976
3256271740
2332465278
2318283220
1517691259
1358611800
3341747805
73065144
153531595
2348697096
1032237176
763784342
213616021
3094312457
620409243
440737015
771439311229186049
4580895461
783020674952626176
724517094491037696
1451532528
1667190788
49775576
891456458
1002562748
2943393603
439258358
401358649
751720869278445568
2898075617
368772601
788754158241378305
2475022843
2354462598
1031879690
278273822
1461760566
75883181
138018852
96580657
3060280966
4821193318
184015853
391955295
1179385580
697879690309214208
2243958403
2719760326
1372497578
2369010655
1014870637
515912743
856480316
88501787
1459455080
590188450
243627014
420194671
774691439435481088
268910347
746691972459597824
467401158
214475387
379030092
3072009003
59073202
108061631
3022753349
1466611034
714440237276119040
3332411590
3043540575
2742709167
459452891
179871513
2406613610
2967719326
576568612
919877762
719608945418092544
404048864
244442502
535447658
388780875
1100422622
263796576
14082257
3299128505
2726609210
3372243827
4255793344
790475358978076672
715960962159931392
2444111659
613851487
2330870210
2415564908
2382772015
602182097
1385272040
379828154
539174332
1346566790
107434862
493533192
2606637891
2149138327
3156887011
419285776
485841317
43891997
713628144545230848
403430248
3117151365
752010888
730777400745791489
413916151
545833909
452082534
250774432
494852995
423294786
3438806667
796795293316612097
1324250802
2973245817
4807013549
1456556520
19592755
2497153231
914050591
763979325888536577
621220399
432688797
2180831464
369200086
1036938613
4371150255
764140480775020544
708302967234039809
1230117870
101573147
299040343
2431061097
602922136
3014211569
3781434735
930328482
3296497990
500214625
76616277
488864885
721937520771129344
258800738
737580838171201537
1168160534
281358271
3024669184
782577416548020225
2342856875
401687825
1384894520
4327300043
2843887516
1021660854
2301153684
537994532
712296934703308801
1061060934
3365915002
2784216706
2895666573
840139694
1419010075
2478145269
3001315397
1119430706
815304163
2625445767
2442669300
3600543629
368935338
4157934987
2241274927
495419596
4155749909
741592495155478528
396756630
1154012262
986140489
3108724325
434980220
1289227574
439253059
440724583
1377373874
786132636473319424
557827565
4633772304
455840858
783613497749938177
1018018543
82105312
22887971
490662096
1022123316
1339993381
2364035995
533298709
2267787658
429127192
1474478119
2395010906
164780237
416918748
697707497981870080
546791475
2438776736
795043750816911360
1246108381
2816638404
4090216960
4846038599
271888997
2230687067
2323867147
701874670786781184
60995609
503351518
2948897212
455091874
377903863
1385223960
707348966241865728
2249190396
234753926
281562636
803299268136173574
1176004045
89212874
2822583095
1386861416
431157210
782126365315371008
4141527935
17644344
1418786191
2414596461
2394211062
174780693
796980229768093696
413217587
1425576013
1099217113
287557719
2799241218
2447002185
215187433
2605463304
4470002068
238718282
418221631
492050077
83622909
133366702
735374918892806145
3334148349
999889903
3230165817
795327852870778880
405658810
3319305760
160134796
773929798192300032
1137449617
416148190
1062997310
2255386492
896179669
101773481
418253203
314059678
3165299303
331841581
3251331238
479711423
436833006
432903283
1471608194
378831710
422529041
775421050054139906
4234609031
2935087216
2480246000
4923225663
361960565
341335638
173430456
422586035
554504621
2149715574
590393555
293936852
995769296
2597478629
822184940
2886599469
2678632959
2523568577
2310308158
964091312
458146177
336442306
18680083
402997564
550205067
3323385291
500096474
448277244
4743531021
564038388
109962743
1037995544
732773769824047104
146215776
955409628
196690048
115139827
2962475685
901691702
986157067
454191208
504354294
489374582
703927942192173056
416439103
768783082736455680
752726608272846849
602018574
440129895
4264651871
413060957
420597088
3291092002
2778061603
2830072450
1356673152
1617262098
945585757
564518244
396857578
795892733781180416
3102184491
3300837263
2306414611
793166155112386560
594408690
37901057
464127310
236939562
950513972
460275730
567159863
3395020235
376210328
3305721243
3069843927
1057930387
396218442
560546180
4864664511
2484041780
98212000
418837513
986714714
328133320
1085665506
3564664455
383531511
737964567737864192
47901347
799529137648107520
1086700214
698805851751108609
1969190317
804354408
3601606947
977016020
303298353
929354545
2907953530
1126107828
143074512
703511639
53478215
1094672911
267174899
2443720207
28352615
1085455423
1327333460
258414372
470996274
136561250
413778440
3004768510
16377508
94300919
4603127836
605377369
1591737049
747892541400428544
615868685
202113803
253175429
326226399
2789534304
3937406775
855180290
2617285068
780354047131979776
44335065
947730906
871666933
773277137554079745
876541483
2555242896
53139843
2227239038
571248360
1732490672
3613181357
385512892
448039159
404107697
786432845111635968
614694618
2357012943
2452964504
474640522
1142192286
2832335447
784137711561109505
4224402507
803493797908926464
3011800271
714382420
220806987
619364254
2866250985
930194618
463313162
415046131
3322548533
2509485582
98947753
2479372688
2155070496
33226107
772092560319873024
1926741584
354349202
294482809
4076357194
156291706
49319803
4845999597
258382452
3019512161
2981706863
537174810
439326726
3351913779
2475584163
415618260
2173408514
307536134
778533884082393088
561310353
4221550048
457622220
2445645806
2429092036
483368442
633968103
2503841804
2878097184
2854387281
1251862548
764003692123074560
800298380714909697
353575520
56618728
717714341915729921
715668574292074496
951188586
434242329
745988095825293313
778924404617207808
2907795123
2153812941
1920228356
547520336
714096155152486400
488765562
585397603
768275844
188521082
283610058
1289326484
3927720435
2386639135
1259906438
946517246
2921447206
231902290
414385318
585845073
146652400
1101963793
284706444
802176344515866624
883001814
468764094
392656492
460914555
717694393621356544
269275889
1251322195
2344799433
541112195
1461815022
573016883
202256562
2851612031
802942235398565889
745595735966613504
229969486
421166716
2512454838
152977521
344937539
814747711
306201783
26504043
426056687
1857295158
602802570
470003688
43503218
1193780617
257709473
3043362960
3312025672
434160311
460611317
593744793
220603109
727770559107485696
857964139
774267120268050432
607981040
2984894152
104814432
1352573959
630918299
2902410964
417904049
302561494
105433403
357375143
407828000
612374141
833314411
801710252827807745
317769975
3392159079
400798557
1316630180
197381599
2882526197
1693164817
1085580902
634434387
796759446370271232
435173619
2363684405
3105346516
2367834092
568101992
485031544
435791551
453851050
475836408
1183179234
317628440
854310253
439660692
1975150249
18935802
2435476444
837370934
392008215
450522942
431084648
23424732
542341771
15712835
3369127809
995021599
4255982193
817440246
108550570
593625090
3417233499
732874420683964416
4860559857
586429781
709427870419062784
1650796159
242399306
498846820
827716970
1068728030
419626195
341787417
1868117000
577082208
561184772
441851951
1219654200
4902342166
448732675
235323455
2528196035
455990355
2417204762
999155473
247296118
197370410
474026222
3874001362
1048466918
597720862
483304367
318713537
22609483
410910327
3332720836
1129269444
474101974
2224498087
1121666197
389104963
239779690
1063694274
232908749
504658270
442189588
3931969841
1578337921
768341665862082560
49592235
1327684639
968459856
256163349
29416653
285045023
22495498
702128508835860480
898432074
3527260401
767795023970697216
2196650893
429565076
614407423
199264427
782482968581378049
2158966523
413968010
242071863
984785090
3014215193
590833841
2356497536
2561982937
2184159493
371118925
3331589831
1462993410
700406264937971712
793825525483442176
446371601
83933691
2190915769
735011288644980737
3064945486
2352382794
1544336527
2473108201
1346600790
433426566
2906554709
467361179
372937945
422951125
429144484
2512905313
365423540
140772582
2356378256
1694413363
417897223
1306691233
442314209
2310684649
881565745
729372507392847873
345439766
99125540
574814553
967698096
420146229
3873875115
423797452
424502803
1461615506
1410963865
746320588109676544
295592416
179486797
875347244
1104275185
977021820
2172507394
2515144546
724573957781856256
270318483
246749281
574543006
3053979329
2436261898
768133193291722752
394837520
786609888713596928
988373714
4746805103
245437223
499035724
2481933871
1878638162
548335017
50970568
772523313612591105
967938882
256469568
1222000628
2434259124
88909974
256491020
3046618084
3333382456
52337911
725728464268066817
291621829
587805027
855378650
36815444
2900717633
53868926
330330577
1262560531
241289430
3083483560
390850145
257953952
2862461084
232559332
964460408
39022638
2359465576
2731197053
2765940990
500582673
4060369233
290527870
1464632462
723774902
298486860
2985347933
499218258
785763689345363968
608237901
362432939
381419274
3241849743
3010138109
848808390
398928323
2465000210
979279446
92797686
3579815723
448998373
605280351
53634013
212962983
1032615842
1201012040
798109389928431616
146219613
1271715740
143440934
1063634156
796345646047514624
1100350039
2219899278
794943841832943618
430743919
430565411
777478419424608257
532365440
752199246997258241
1261559155
516778754
377272505
568209601
1870961815
2163227033
252255936
41893618
947879034
84648241
407777608
425866423
4076045092
478561355
717754802273431554
488399950
2333490399
3688803513
1510136666
711909518121312256
1338857240
1117558933
769653263595700224
74554081
2995507655
728267401
340803178
552291348
2520633616
754232386259476481
2853575920
217727822
3023266619
33521233
2527788012
418210914
495386998
769269640946184192
243207562
3357544672
591983888
1347344792
778257033023946752
736130960736067584
245054440
2358590251
774133777412923393
407685967
2616680851
3671875756
417347952
2361394675
1339442802
2934930969
1021541239
335906092
357597253
1101446990
305854390
57466155
1492703724
1829960281
831768450
25676606
273316238
2234822984
2778443172
298123237
2754731478
1368793633
2282469222
506455745
1457632182
719855009928716288
8266162
83115466
1036756046
36624024
481227308
542372059
164225638
1876212612
