719887612648022016
216003080
136198914
1439123106
1171945117
729214200925532160
1180297218
750753079490936832
233710429
3555274821
788451050458083328
788124436406923264
13382082
110414714
726505336996302848
179059785
413452932
786304612420714496
65335565
542702402
989351852
703360096944988160
1179157244
194972957
1370769932
768438281440813056
2873782396
149077120
1405465094
1565359196
549269702
1477920924
728695134
2872007299
22000320
564876371
368338436
2984502441
3356485570
4891433775
499128183
406153137
1591945410
868298592
192258181
2231871937
128216246
1573078681
114553027
1307016348
283939901
534732052
256968344
3065752161
2150969605
759714475696021504
3433378229
452010658
425730108
2886824073
3112270927
791279209
1256727248
2596196060
502918121
50346361
534669109
524372178
133461180
1083729685
1583259805
3126510327
1338839544
87967184
967124340
439883787
2948429116
1039048494
553321184
781539111052115968
437635996
2346570771
1121443682
2170742693
444438933
416922961
988229000
121180031
759675705647063040
1441381885
271990882
36635670
771696450484994048
2403776046
724927983199330305
1319275574
711206425
970022552
1191184285
190688480
394598844
3355724674
468746327
2460233908
397199507
54871865
792331078459621376
101031118
125313918
390891101
777025956078813184
464684181
2585597700
517241293
790540888237830144
767772101503836161
795290773642215428
2206083227
4256715496
2197727347
1006400634
4859931532
473848168
430633617
1900265232
967839474
442641618
36197539
1139825378
139765259
3233782181
312572813
463969453
531851126
184425554
2400347005
2427827258
2345481387
10281812
343239720
778319737080143872
576669912
3081629057
3401876698
786105738183712771
304306690
589286587
3026297093
436640636
602903174
703341653042601985
1012822723
1399002776
2267806358
1226139085
3957645843
448613424
3909032295
2497838698
1108369927
3290984981
999071468
410670959
765670693
518616174
4462620641
1331086867
2377444536
1466803693
2847348915
459464288
561823534
83386342
477301363
819652946
2243105962
745916794100125696
995341382
4720868602
1283172194
2850135335
1288700246
617404862
726417519964213248
2762706833
772520766885728260
70650884
2741066872
568860199
614771274
485889051
84134511
476743488
782173646089494528
2548419224
1133516726
396805021
2192271144
985254589
791561946827001856
552772243
17709747
52995543
540679806
51792177
88804041
978708510
398426351
76299871
722850803464015872
371781632
1283861509
4854132653
345488835
2763929843
427769644
792365211755933696
2376928902
476936806
497268862
445660248
2572209035
3871871513
474982967
1317310818
753668010
1366650288
796033080335224832
3169131753
265385204
793787252040142848
499227001
1934151967
3131204511
161795148
772703285681745920
313199623
492688472
428931337
1384017114
252565001
1386751423
20790972
303708603
1329585476
423623974
804001349084049409
708429391
1855419937
794092015634051073
3131275618
899815442
1857148146
2416407784
2465900299
23560257
717367103532240896
358051613
150608013
801934415526002688
523387439
2184761907
147131446
801457403808088064
124171501
1100783203
2692420614
411018458
753351020265218048
459584150
345535835
554333061
779265942165544960
2619106441
3003054298
303810430
852980726
245297146
1307458242
3449826197
3346732175
129607314
2495079298
85657467
2319542538
729613256793444352
885184754
902101675
2774751706
2371530239
228010525
553445487
225168723
2908032201
790464906453721088
2199795114
475788416
3263800121
2298394045
2784502136
346161795
1666144496
369749865
369728921
1076456299
2772740636
595862043
2479553472
2501169637
2365498822
744453072601161728
2964939255
1161138678
1259767670
446476983
431117026
855221910
10331712
711661467771207680
731252371226042369
278558220
2854719148
1670823475
758737897
706097800040357889
3405289558
29469037
253658866
16905927
772359038243930112
305790839
1139422028
1037942274
796246539668692993
474980381
2450147531
1042228705
27231018
2442834988
763694739854090240
365537396
1653188624
142204068
2910674200
134440982
964876040
3656005667
1568063760
3233872114
3230326396
744976936196313090
1498709755
939484063
2408803254
4838146889
632742781
3398291849
2446530796
1250680993
106204756
59200159
3129266409
704911394
14561447
612633942
2354395787
17268435
1111297184
776453763624214528
1168797480
2317045753
279171038
257398221
735366894857916416
1462179565
337113181
3035086786
2202765129
702051239710879744
341454449
742397759991480320
361347742
1150658946
2791075913
1357159903
357542468
712352892053790720
2410911599
134206590
889444711
1006906356
3345161205
4345220957
776254663842734084
1229121186
3389543081
1067008310
2382294142
207211184
292988864
429700379
2909929737
1927224049
2730607625
2177788477
350260649
2821366407
697576931575885830
2349497825
1341462944
66739125
459441699
2253493568
1157043744
1300370167
711884192561414144
561417419
1281282217
3025030589
4187885897
309178760
503452485
801092954454683650
1394277882
289400495
186755816
4919837110
357074444
2854938082
2386238362
369384908
626935478
3064138162
781483818696007681
1618737265
1911991346
1180597874
67006079
2338719661
704319761027612672
794287344715235328
3084810567
1937387708
44358785
1595987317
1119665262
325692761
319060887
1222652900
2420965975
788796021153337344
727758699587092480
581285865
3397587807
29473841
2302034329
2512327216
4414946656
2505250465
3005727892
803252196695543808
2163187592
82673876
836504312
703875686218522624
356203219
725637690
1106167964
3436942246
2369487328
252481530
122476603
1513860781
368491867
570274433
2466650316
293739484
82301438
594559435
3034643483
419404365
2716446892
326316197
2971568187
491814146
753856766639824896
1964395448
1272471145
788816274168119296
2925423826
134554873
98921343
3380511171
838485198
2894775544
2423095641
1171310611
1712830392
2540480404
427209531
1275308629
587658246
700841898
2224794707
58868395
732317340092780545
1155603750
1274581027
799579655808446464
116750021
1006453046
2856983111
246840871
799587629977190401
1386793261
94529815
2533019300
2158195314
2767985158
433734823
1870754606
739927804427575296
459219907
2198193816
1035803582
2913833871
938688090
875752152
784949792
2847984473
978557845
434752212
413935857
365935751
523343629
444716468
340972113
4839141616
1367959076
22659500
455620250
326183542
773563444750589957
1017667801
485599573
429312499
47698840
417230292
2482396225
3238508633
780796503774236672
3524610567
1068405199
1357263476
760806683564240896
1420443511
483693163
1172741958
437790954
3686608235
732206617341595650
2387695565
4869095007
2754543846
726428495413387265
2476119007
297435979
3076820536
2830095710
1125109992
9055772
173389528
742402571390877696
3064824634
801867970603601920
1166058295
4850369241
108434084
2785334697
488894721
180519887
929334312
2222783701
294600641
480484056
1960868090
2501851306
499533706
1930695714
468615064
348437707
2895230327
458632561
711086278
740204367400337408
3019629387
2253601698
70946877
862986014
326368123
3199087762
1488372031
799916451134132225
1672302936
25477483
2221404476
788739391908970496
852983923
1957352750
2341987590
253265973
1372461787
797871034535936004
4045990383
830081490
4452313697
421050354
732478040748363776
727850864
390753281
937781161
1474855951
376871430
19067940
2977709325
2259346508
3227318753
3024022989
2780597242
801361825
27660447
725882047
4850730431
406860321
916593962
2883671135
370639956
412941225
1024976264
247209095
384437761
1579008720
1377185270
403997300
61703985
272858172
407682640
2365011298
3545919143
2904229025
781578050865627137
375035919
3355557795
471428838
799219281451958272
744880546728247297
2743862297
801700087525216256
2211353832
1257355178
204765687
256596290
728188723075158016
3068966572
398032197
50689313
733695386846662657
3424436500
435285639
2227467541
403066516
1680697170
3764059997
3629322863
535359844
785129133009494021
2168716042
276665800
4008275807
868360100
96366187
2840588789
2359323311
2706535910
454052150
770466882
794234183128322049
1148057552
555195323
1536275011
142807042
613766004
229587251
60562876
753772110783320065
376399556
21419159
1357640916
4857084809
773054104549593089
403012790
2173760019
774150166584500224
91966622
295284193
515380651
528607077
2703548855
406920424
3305939879
41673935
177338309
22651555
818183167
3075395735
256689270
477897185
813738259
371633792
324097989
716631504
26286452
2262991946
396222670
3299546625
564148431
709634135288111105
804961884
3346675893
420186908
788675050992009216
2386919816
3064354900
803979599210233856
1283811182
81360107
736963801258549256
4377139335
253164055
1357773991
172028905
3105108137
322563649
1119822385
953542285
710097855600533505
740822746372972544
2367661536
4860992891
22799265
1125077892
739538599918571520
101030849
4861559277
2862441234
768405804604993537
2927287965
38205384
1063009350
412856598
477543705
1962674090
98671961
4602580341
500243289
3026519279
916522718
103563667
815758254
351555225
260626836
428411345
306661850
47154019
473021625
29463669
2819178244
617234985
537290044
2680393077
2876520795
2496989087
1221719288
3107574627
802265146164998144
402140522
779645231285301248
307030677
134386098
976243140
2533819656
1431247669
348141611
2221318495
356975403
4902145547
785367204703461376
164205065
500748464
3375673725
795413849381998592
291604982
1219056841
1594040222
964488151
2360517815
421433392
3154767440
524236416
90139268
561473002
2883152433
895702736
950016337
21584701
3399075250
4200749482
937620956
4436365575
704614221192044544
763032032993742852
332959014
609438275
50233016
803898061382701056
951354751
566150054
2352305154
417947467
951545035
491140594
883099326
801062327810461696
24319564
1534486934
66305303
472061775
455700963
710949967075135489
2831682317
784318068889559040
774232452806086656
1361432923
211090942
377009022
728166959427268608
964333646
438353555
3979252881
785934232698904576
428422306
405632524
3197562329
17295951
24528997
154967452
435042656
2259395426
4024562895
3187555726
1586227562
803617893464215556
2895077031
751124618832994306
1262378611
396459358
927724410
347497240
2843769504
339849935
794560492337594368
281884852
487403439
104450083
786233441742364672
39028896
827801822
1357198874
4622622557
516918398
927916422
325771154
1145650134
3153959603
2562814182
498952433
1444734901
14324681
2345320392
429928689
3314219367
1556455656
791150419007406080
423531049
986634228
102013327
451449745
4611199415
595878183
194308406
1292352410
2221319742
728295648
3437649117
3324608649
995345934
479810905
798592401917022209
839698230
405443137
789368501903495168
4818340347
391286828
746263383473799169
3607019775
522221243
743514238493278208
2432948813
2186313922
2270552779
2776509252
941041278
1518581960
798624989142519808
1171952936
526735998
789461803382300672
829417766
469750828
109651861
149959178
14335321
2554859694
412410683
30248306
2880746019
769128592299134977
419778202
93197485
757949254765834240
574072662
249099263
781389132216107009
1096331473
24252705
2170527625
1917798224
4737088221
4892655609
2353564274
254092558
354901534
747404363027652608
1261872931
2986885877
964719079
486787100
520610672
4459166907
3823074077
2545572317
431976775
602712735
3080004435
2597695185
1118851009
2719186852
404961989
2813153361
1260171894
569971949
350306021
1171142498
742503230828126208
775767378076524545
761663528
2391625197
2384687890
790879265831153669
227643160
708755071861964800
1504483819
2650978150
422858171
752897299186155520
4863618933
694926126351847429
617201169
2416492224
3304830435
1386409051
3024843525
2960469293
4755949588
402352368
130851801
527367280
741762693972021248
525636772
2888112771
93953682
418302288
255674310
528880530
3375744579
303109666
447439107
722684492
2787225059
439268123
1397559662
2876410091
4775882567
275224843
429715292
3166034463
1344131071
2479055167
130137556
4701923905
237879069
494827982
3054231435
901626432
254625981
96028504
749617259849584640
3231071968
3038785617
4548508636
3053055853
414825567
14108472
387643307
4724490358
1546218236
4193296599
1063332403
3036997071
409540134
87286001
574732560
421121877
608259202
725810364995231745
2308197236
1647932094
3949289254
1921207994
2442105406
18762875
2737006611
441651345
135461887
138772797
3211651612
271466982
3588475175
1037713867
97172428
4106012295
3124079014
260186256
239434137
43703232
117701249
406437699
393519608
4664853389
801747385949028354
1239786445
1087090213
951867901
720232920653434883
3911265815
3351926470
732642010633474048
788850487768522752
722067507679535104
2968679031
1333341758
2275661440
4063380377
213616021
3123285591
593635807
1725558426
280617318
140810792
2203686361
748179751660052480
36079217
1357675208
804008103222054912
401602921
313218226
2898075617
789417368103419904
557074159
3424813330
3223932303
3663181830
2719760326
1372497578
752519305087029248
469218793
1114354382
2975144398
1264214780
1715498894
3326924265
746691972459597824
503303414
783008521768108032
791602493469913093
59073202
1605891588
328186009
565300451
1316245117
1009243501
3332411590
164213527
2761079639
1586673164
29045944
2382128702
1619917472
2283943289
2370908109
899672546
431887124
1006432927
2337159606
73420263
510652108
2516349323
2183118052
102362597
2943507749
77336255
484158845
783978818994307072
412522858
728229998918811649
778938594622894080
391954792
408760297
257499288
2149138327
1110202813
2910736343
95482042
2359426044
1276570771
1536486193
85590368
266700017
1324250802
796451575522873344
2342517254
860205385
914050591
432688797
491256223
1487338699
306180757
2182923351
514160441
1053896976
488864885
3224669813
721937520771129344
430995535
782577416548020225
1384894520
110190828
164272724
410752364
495419596
3310442920
4155749909
2842050328
396756630
3091048192
788827713624735744
1934633809
1375116127
2339382066
786132636473319424
2396676379
2267787658
164780237
2296569134
489199735
45176195
467708411
763353589347672064
2938237456
712430076311314433
488895138
2980207475
315967183
975008966
772825836093399040
797679000
414634390
3022012884
50251798
71887780
529119371
231141862
2890945384
1264774998
413217587
2172743300
2331849409
3357091883
536613916
3092389516
3331225373
2420690215
1062997310
738889466849439748
523435005
340294381
3131562124
3251331238
436833006
2310048524
788467491299287041
398849602
570045852
484168007
3864835533
801808342125514752
154179790
447408072
17734126
1729205360
1214982206
435152397
1330971246
394241598
353492673
1369230955
2856598563
2221331347
721432185790705664
1424689315
1900191667
773161248099803137
732629244468170754
485039963
4069173009
732773769824047104
414676913
930285348
768783082736455680
513450320
1362170430
602018574
58016005
1283852282
931597488
386065714
183287158
355122344
2753154182
416516232
126049704
519587717
932888491
715173485971161088
51522357
420526736
4074742552
748419060220727296
1015440260
221853726
750020737407315968
2318861094
2858721511
1057930387
396218442
986714714
435880626
363542054
94788246
264695144
2585792659
941772781
4821301455
804354408
378741753
4630839929
2282030010
1121594502
2364603574
3362768073
2701310119
475248885
267174899
520206776
2761823415
796427501937557505
605499197
407108278
3089012589
2396523013
3912089235
286264929
2354862727
79279200
1427556781
262195345
1213604838
2227239038
3613181357
327406661
525280994
803900441075601408
783287015865511937
3930502942
488484539
2183042574
234504218
4703605746
2854635105
1013151366
2187052758
2741727190
1282918945
2564653627
2155070496
307260980
748814836595826688
175366986
318882223
784308415
162807809
4845999597
932393936
799906643815317504
2351753245
748469128961351680
701169921053605888
2447883613
96364636
289214112
469267629
4784306960
173925687
797837298406658048
2938158003
793456089769644032
353575520
766471224
772076870582042625
234445362
34445466
745988095825293313
799992817007345664
4203250139
2153812941
708587318786007040
2520940352
788839435123195905
779271293359325184
473967210
414174311
3135173073
302157714
576471812
1704854190
496135532
3405599800
147991962
2921447206
539157045
23223078
552518291
784265755508420608
988343473
2862624867
212669183
1275426734
481304796
495717341
2242019356
745595735966613504
577337366
26504043
4878708910
3586104256
3043362960
751363025920294913
800327474106101761
497739457
749963389
607981040
187452064
2569703055
2224822652
1175066310
496343408
1086749148
3239105697
103809135
2882526197
1693164817
634434387
2996679838
2358573780
247664788
65077794
3373853703
3028306714
98434065
299178306
4120047395
3264794374
472893871
414926221
431084648
725073326163501057
2828057292
995021599
4860559857
500881322
1052352102
2168798077
4906090593
775299421705732097
397893241
482829596
2209486779
514243349
1382241883
143113340
3020578613
465631373
1333546988
448732675
50369920
2850871143
798739663
2493176940
27260996
3293657688
882235051
709468465531322370
318713537
1055093430
899952481
559760544
151820195
3332720836
3723326176
585172516
1225509780
97700741
734833203152879616
3257007001
486822096
34187758
270623814
85852670
702128508835860480
393289136
2938313507
16213811
773792248735666176
1357715070
2879472009
450082259
433227573
845781758
505741595
377438069
803336895820341249
1372944860
2222816851
349818189
24405108
283140385
908631259
433426566
1306691233
1122980041
1852450694
989195636
380508321
251235949
115175546
455975106
3806382809
1915050013
2851450905
3031016373
804088306027941894
2353012439
378886735
3597774917
967938882
3080949119
871146553
456616734
493278355
892687952
596541835
2417673871
2870220975
241289430
3320655053
1153796610
435271670
763310989232177152
330962609
964460408
2617314057
169233625
2359465576
717321779904126976
801444078709837824
3017874879
3954502719
381419274
917795358
2442517233
2282472413
979279446
89651876
505790519
387043149
769582584401629184
930443094
2219899278
2760592882
1223264108
1109221303
281778116
297936044
1066519238
377272505
1870961815
893420989
745689833331359745
419739649
798813634432372736
2336993334
1392007184
800074358538399746
16778226
787911490586177536
2964938091
2437403432
2995507655
780498491038654469
477187357
920435114
991699441
2193033043
2386237696
957427112
507768657
495386998
769269640946184192
3587587647
797805269539520512
774133777412923393
588426612
4853784417
54225347
1039809824
1021541239
1257848173
788742242219520000
1064232619
3103748006
1829960281
950503766
1671070807
481355521
761237376601563136
2277937200
904510224
3753251897
2778206704
3187534642
4860759339
8266162
376388605
623160336
1028562564
164225638
1876212612
2850074284
989797758
395260666
746638522539466752
728289066169606144
170684718
795817923529084928
363154472
2597512767
18616891
221749548
17873238
281104969
3431896313
396841926
4039483637
5893702
843043616
97773643
2261595209
2261638041
508008536
706719415564378112
798834368798072836
138775233
625000187
438236543
2198251743
925089097
4160203479
272317881
976598371
14227296
1462623842
441765625
440691898
483057175
1015392134
2982641339
741058716330565632
337187902
426851529
467389922
768422036758794240
3200053252
496654038
723480201599045632
180317088
728807104790794240
213818443
2262728705
350791815
283636579
1651093716
751315632134717440
292417838
788472799803367428
1278546558
423732690
2872502326
604451498
2880024419
603077240
787716989578084352
962311958
382590107
774210914409127937
2620904945
207583079
38032906
165408634
802933525745901568
3228521201
3872353503
384930259
462882815
706711917
2328166991
1063725991
325127006
84032074
796996456561442816
1020184764
113884626
81646967
382330807
4406327014
498234811
709479074029240320
733743405751271424
4819495307
1562752760
85136516
268850788
703046171703562240
136445011
757950065466015744
575630635
473842449
329937650
199231147
964810638
1946899837
2149606038
4866958593
67271025
781821141858091008
3391899365
803708569325600768
96355801
3312303309
798570804086763524
435737042
1348840861
627128494
4092809355
513144334
4838990793
956969354
800335452079173636
2353752559
605614784
2172567591
387317019
714739556747243520
1251326239
1038231816
549105829
3458047347
462736672
1698522818
3608513603
53401622
721018058580606976
600554581
769543337527345152
736617948257865729
799166341794201600
405832858
3058272267
1860383658
419743338
151639390
789452227228397568
521337019
1038022410
2936705943
1254440240
398570282
4827366741
781749446908477440
1492509740
2902692352
403530668
786541347750588419
1185642630
54849589
2330689508
1852173686
3491171117
4705505042
3385762107
282643059
147543162
419474598
2552878908
2445286363
673203
434309073
790625241856937984
2965000805
141260866
383922811
782316521750142976
2752833515
328463754
804031502229110794
2474434594
1006550790
2865677793
130844890
3219906546
4203955936
2588051975
772909927258005505
713761715356311556
258755575
1640728190
2186626514
772074670208221184
431918114
1076119734
753570089094504448
3049334202
251094642
695253284781715456
790584598816256000
800652730058477568
490523669
251663248
56674519
460049464
3313351684
868671120
1366999759
785089989692493824
1262138317
2433420551
2872933583
450957612
4182142288
2912599330
2479620311
763044924526825476
381023925
390835478
821719770
52694024
398291306
939663067
518549338
2970117851
27833981
481929883
1283446118
283080198
2517301839
3050315554
2282008813
4579125253
2348733589
3309946937
1337596044
880480675
2524342620
4702970784
550555137
417101186
4911191667
1933427017
3369156047
224940210
486693717
744518687617593344
875125242
1568726336
234134162
575654596
555997804
3410903619
3360210892
785143654805598208
404063825
2706476465
790099830
2943742474
2386642032
1324566829
2361360169
367021544
2822217403
783266769293180928
191902258
414373079
2749231737
1327639712
16087705
709764820078297088
1044958567
514302859
1717274785
1158164456
2865546393
2223966992
780828728230195200
4824798082
4133217027
1372596200
3481946428
108936591
414811187
829358672
550061396
2870843155
421812723
707184555887861760
3143038229
188528565
115887435
335239965
1372517456
723554251612499968
434995522
3077554180
318575239
737327544077287426
2166645995
3034201259
1434038420
481287765
3048860115
854301498
2893649607
14060262
2974477551
2313949123
109034099
1080423679
620351637
337185218
3222791895
585968039
744167896985767936
2385799301
164223102
735454622509367297
168976687
316768141
774874962700238848
1900401260
757917606707916804
4382576057
497384675
2979240557
525733847
340717082
740896451333607424
3412818976
716326404707713024
428515597
3115342936
1083018577
2371742346
728594389824622593
80200885
2348140042
560509154
770592827399139328
501779209
1373138137
244869589
724303327077502976
2447574735
1958200020
2527780688
339805718
159551952
1161058597
1357793023
344873780
3843282933
386456950
561058451
1447215498
547206094
744818179172536320
2518725797
776003975921401862
2243490855
2404016685
402615571
746041091728752640
715230401489465344
417111368
1368152558
306496514
68161227
487711174
1084193910
705813420973621248
437607577
855369620
211550281
173081447
254247378
2341083257
476109357
746826726538383360
2359496138
1134647432
3039844868
447965111
739378759086804993
1433806334
86997587
44926477
2577315657
5378612
712638482569625600
4855003133
128311146
915969295
302437167
2976535643
1025054731
721338196639014912
2397594482
304598010
545384133
167410534
390370399
488339106
778900450812764160
471742666
735331447125467136
514714806
386463269
999371760
22015750
486786904
586401250
78264598
325760306
1479702782
115350671
748252291959037952
297745811
48971201
1701151104
45114956
104239528
780092964244783105
738344440851468288
3213490474
317348328
1657735788
2307333362
2644998883
2504756914
3300230453
2840229519
470257543
1068648510
548616993
2301582795
3096956789
3019669299
20164645
758044755481821185
250064801
799682512301633536
2318220141
74157617
734800573023850496
789443113651699715
418918882
85544383
1384230229
2797539111
995982720
368588066
2278995820
161983199
418361902
721148434
2258424567
202569701
1280953482
712668381
2903545671
2501244254
254079422
142690511
723203630917136384
212967917
441990177
600136789
22009205
457387356
802059051064561664
396898731
294161837
108390188
359240143
3842098000
3385105642
355775633
179121927
1274882076
13727692
2318598068
780815403320696832
395519589
3295658451
1145851867
186399539
1319157122
448981774
261311218
3356427399
223978952
223200527
77240565
458370341
2249959502
120283895
1951613647
126883491
2226747666
421146026
2767883764
1044932990
278422359
888296226
2229049953
58417032
260150517
128948359
2382986236
1534824038
557229572
716591970106417152
3188341251
716911634871160832
789001282514198528
418200938
402046931
499085030
135167434
519217736
1356882974
911093208
3130622027
2940410703
2987790683
1127815087
775301877512675328
388946039
2694982606
255583705
1028662526
3258049857
2334565378
2341326693
3095233408
589407736
2232688633
845313296
982628515
280242927
1088813024
490602212
3377613693
2772829228
3083498056
381369966
104446922
704330777190907905
753706268024565760
2845429815
2179948113
1016215621
389076701
430161001
390054448
2880129663
1363882460
552707647
836271002
1326344736
2834280927
701513839989358592
229801419
529265260
421106884
963292848
17876465
607112247
885084290
3972446621
100264171
1194951343
2322998168
747451360715616257
4845714999
2751139073
103703823
210861627
462427721
779627408014139393
443594065
416290762
324332181
557950729
788794627042205696
507746291
121424128
986811270
2436608759
775294620259483648
795263769261772800
782643007
1114681735
723094218734862336
148636060
2862216426
1843782967
742168498911203328
4034460233
52362602
2336820800
539150646
524745118
2644978389
1316667145
2280648054
763737673613840384
475254497
749369737080176640
220996437
2508295280
571304184
435138644
2218697421
173882805
1407198973
391237371
120178254
4743147495
3095804676
479477842
51032068
2420586324
704777492909973504
207034666
33676387
2922539446
585999327
882872700
3092809936
776255018181722112
953895188
3119071163
435844281
83654381
127435541
733330743800258560
603304951
2800729570
238990492
391531110
778919147564564481
987114463
2455729176
1499227555
387198659
4155844545
756085177709916161
1089742220
163899788
2638747113
1144953769
425174444
2810679525
2959917485
2365210698
4829874545
1978729974
24202818
726150285870157824
3079251951
764853057909841920
2540926930
2208172767
194619416
716575881909706753
779986090707021824
6832662
570861587
785397318
703332162871955458
3228211917
2191894196
1539421987
38695490
20430345
4806536835
2299277402
493455308
1254757129
1169245177
2812859778
2361121173
109982964
22650622
3306842937
3422769471
4196215025
16109886
432637325
4032603616
1016052702
425153508
2898244047
207122050
1039871592
418662548
39273093
4881267029
800282029254246400
398611235
1429916701
2217674274
489336103
3471387317
2323994552
3586257136
2239737678
442193839
837557287
2482825875
3094711139
2363914417
786865600115204096
2565885655
1915572721
459446024
2318652886
1162086236
619798896
2925163426
586398719
777565323344113664
2390747907
1140098112
414646088
735788453737041921
3246166239
2281936099
797418784848019456
1117576526
733682239473635328
592520341
1220896010
796684613452238848
385890505
293652330
723538940502913024
633728787
750732259108487168
464894684
437419192
777855788882812928
955314738
133692338
2275249630
192277509
766644219930873860
10438412
2216179636
2470692079
1556491195
431904458
985118000
4845403365
1420759189
821518610
2238780044
777269299299938304
98633285
721957168015126528
725983920
2650932528
784066684852310016
2416044272
4577632036
3357308483
2277583123
2392084666
803188604491231241
1266792668
967843051
222431192
381714246
323702564
390632691
2373624002
411403085
3400017947
802848660551827457
215735286
358143005
749264927983079424
3610537156
1281018260
1299375126
728496427
526460648
475994227
1357782474
2870408529
456674882
418638857
1274289852
85636061
128336315
65933264
298532531
355402185
413215193
411636230
2902258413
2594867485
722918044880805888
1745966046
2482305961
1975386733
999278988
558010244
438476133
2477149305
2337395271
520339913
488750612
797136508293627904
55360087
2734920292
518822244
78592524
3399848795
527624443
3019867043
1314549691
710429646463102976
510360682
885303356
3543518537
534655010
2203429105
804317201260052480
13294452
1538261798
1369063057
545978235
1114474675
323449293
391450948
472322457
1226101082
908126539
382650535
1022538426
764362441757188100
320725662
412424802
4286750921
392324691
798180093520740352
384192964
557803659
1091835762
436870309
4125755319
4112673143
443167956
802174224228085760
1041823142
4928044852
3299633446
1268082668
2720583173
742634833541750784
4914230231
406347157
745228268
478807479
760930917204590592
2236113417
127189314
715979798275821568
989645683
487431063
3309104602
3164390831
14287542
1000045820
309064441
83941845
1036168604
886332402
77304182
398946027
50696721
272467769
296371084
245715438
13159862
260656713
985159742
4105925825
570833587
1241565397
1116938592
770213977553047552
4340888903
974557507
714845919288692737
4810630096
2508437306
2490943567
3332448431
746297770559012864
761278850286424064
794550588826677248
136971453
793725735047405568
397512732
726765581375037441
772030120097935360
79385667
2162857184
4227664641
1092735302
250624869
347442566
720592519
4759055535
2948698869
1289010565
4110960034
2220186288
132965464
2494181366
2354818038
694638444807610368
484666748
2504062057
431658112
742656572086747136
2352059977
118714798
4871321181
633831925
3408525531
266711908
519335913
484147648
797104188434120704
1021727540
772691914571321344
329196856
706067859550695426
406947360
3664232957
547050389
900076614
533510595
440716175
2218411411
116190223
4098447160
587326472
2572838813
871246968
2377048561
767596251311407104
4568818943
292271013
722919613
3338622107
57607303
786276460080209920
164687938
2418050378
4577275889
799913852255240192
787588319957966848
2360365059
569492527
2150833213
707656621795713025
788744386553208832
763146166620057600
24855530
115675193
2788765798
2385571964
10160482
795382845413920769
1249472208
228203275
704431464524423168
15191260
426160683
522197022
1170295874
1534786369
762186331011375104
3237012287
2165464137
367195342
721303651575341057
481567489
542327855
181950730
2307925110
1696330177
4204183834
3227062253
490373717
269855245
1026900505
2463497702
462026678
1226128195
62019002
467307839
533305986
477654724
400273310
856629102
618934256
3079210283
533019074
960666673
8032202
1867583196
845413776
82600347
1213703198
87467449
443193400
730380067637956610
2244460336
2257889854
2380747454
392520781
721281920747839488
396151080
307278565
758933464460648448
2786595941
160011017
4902200932
87306292
120812398
3322620622
3368018859
2884242309
2271137279
1357718432
521564908
743782951285043200
791521154
198869860
783064901275222017
558053080
701732204
1109829834
91138156
940223707
280494789
4187567045
281417880
63650287
396564186
310195119
838488505
740277257424523264
843757543
726721856749842436
441863803
3025401051
751920799964098560
3176594760
965866273
799653873338224640
1001971634
335292394
227507782
499152966
1103812855
54823933
1092670394
365770924
327374107
403444000
798456927600734208
803867149831995392
388194972
334874985
1926275773
439245001
168796358
114055016
377660882
807581581
412254670
2983119910
1348851210
2470879507
1670279694
1602815845
333867424
3245026150
26492009
236997869
555791920
1242040304
2831366043
1095188802
54978599
991024189
123943257
1885687531
131486969
4343971877
974102796
4089359207
1199673588
582184626
3860196976
3256271740
2679895724
397555068
761631509614891010
474239930
485985971
782535732950958080
2889852755
757977140491087872
3094312457
2342272249
26760769
440737015
783020674952626176
706086767523405824
795538130
759712744044056577
198822370
814957531
405094298
3298086872
25305111
725051865159884802
96580657
1192856120
397187753
106542896
531259552
697879690309214208
2987000517
3064476580
2369010655
296507003
4815431669
4818612196
766343560564248576
420194671
1037730840
268910347
187847505
1357254163
456988512
1310353159
717328600
1068604638
100004676
47620002
404048864
875178422
776116078124687360
535447658
2275495767
368951406
2527227066
2956619387
1013431926
752944386472865792
171955241
2906781857
2163623162
485841317
2995763703
538529568
158470519
2393979222
83185672
484665449
784055854236573696
33986651
4551451042
2369514974
2180831464
369200086
1036938613
3291626026
133673973
764140480775020544
77889072
2431061097
3233888700
437535007
384760605
2211358579
1662392210
487697463
76616277
803770735957344262
14145846
379238905
2342856875
2168052871
941567396
51721614
1324201430
2258041135
788723015089524736
457700602
3365915002
2784216706
1170138542
781954997806370822
724560206152216583
722050091624833024
634881669
368935338
1008971185
741592495155478528
301460166
986140489
2350131678
440724583
436557042
557827565
455840858
141217326
1277743430
1339993381
406884842
722053268587855872
2585782921
51752772
1013753576
268455349
1539420320
2321180143
2188803397
801422494708236288
705462413169205255
761582724176027649
515650307
1385223960
1470626822
428915501
700463311729664000
310226600
803299268136173574
89212874
3569863816
1277404100
2221607530
2875204096
929249360
622020182
2317777141
408246656
3386077780
405658810
348502260
2726532357
3319305760
490422216
400755376
1267565059
440966841
3816198827
760552902297546752
426918412
4876302513
6827962
2933613009
381953555
796082165792514048
149054148
220960276
317680130
844743386
2676171233
1469353392
489325196
367692964
2480246000
2190313025
71187111
2301455117
480453928
4197183543
2985415239
2445766538
822184940
1720220132
846973561
1221955844
462909893
701451907441827840
747327834494898176
3001742419
801676458733240320
335989756
121106879
431622091
479289781
4195440875
253579575
318030346
2774524642
794302419203215371
723843735482720256
3662356395
1108966327
429847277
424153335
329527220
414972626
385897719
1135800156
788368573471293445
788697472461832192
2341908197
464127310
746633514959896576
618929613
791370438907686912
64144248
803621027536175104
3255716545
2300311050
396665771
797882257470062592
3007395941
3318877703
837804025
53374435
514631537
1102216892
386504254
3354137837
1086700214
407194493
2811560459
428357975
1221335432
15980018
3601606947
1022893682
2322759391
783270492480368640
102672182
970705082
2749566881
366563735
746286023961874432
1357909922
1085455423
437792046
446090752
417216609
317975293
3879275914
1474185410
3030052815
535568765
1521671185
790654235008532480
515698229
3221546987
4869633387
855180290
74759588
478894654
876541483
3308327224
388718346
430934901
453959464
4582785148
734725512950603776
707252292408512512
485963632
25713289
514862063
714382420
2904967810
200440164
1079126036
2479372688
780714403217846272
292850268
1679376193
4830782164
75588319
258382452
304329439
1405789050
281966090
616886078
1357615280
2917621780
2451846485
776016576
2429092036
445546968
1566023431
580022142
532610405
764003692123074560
801142630168010752
293504218
2786975403
774612532036329474
1244012304
1902296190
2596684255
114041232
2261701074
416524255
549330142
788875940575215620
362084700
411420275
2951279819
714096155152486400
585397603
527477202
278915300
803590719432695808
305236970
319718473
1635582812
321313255
4702133172
403551236
696658225157029888
801830559181901824
1101963793
284706444
2225639120
1450171
2359142030
763094873473945604
268992090
267439693
926301210
2493829429
4195937194
51604161
51748837
984744980
84874030
2599642884
2221331701
4594680445
199230149
18627825
804332031589187584
2296638619
478025833
96782626
104814432
4145340147
555309932
77207264
3398500575
2279399816
3321293566
1316630180
1190659814
1295764892
702827736516190208
2990123956
583980924
45393303
957099499
718974916
594659714
321233623
1117639170
885661050
485031544
177087045
2510576799
932167832
734839351
106769415
2220106850
238349229
1412500075
2826337760
727891709703622656
445716690
403507902
2163514121
773956774932127744
498846820
1201274174
989582592
819829657
794535156291866624
485940959
441851951
862630590
550643804
2983707267
545448505
3347934334
2569588048
838223696
95630884
2412990049
2898887428
1129269444
2813579953
232908749
510611092
504658270
1886228065
142416036
2725223452
376103874
482958648
968459856
4922341
2939010891
3527260401
46652864
953255348
2874842817
1074413634
899978641
2464828514
16592657
782482968581378049
537284474
937463430
705029912265097218
1632825432
1086395671
596682996
6831142
759717599328411648
857003005
799582147392798720
2919628487
459977317
700406264937971712
1489965936
735011288644980737
260375532
1516977954
3064945486
999773377
2352984616
915191390
3217218965
2512905313
4632511637
140772582
1063034107
2189689654
599114492
715686073
2422875421
3873875115
261542509
715094002706563072
61751856
1090249998
1037152033
423435597
167058261
211061112
1538324257
395194791
713852625867960320
341422914
2432208854
1445939384
957519266
551374959
378489654
409286226
413883500
3311089743
600483745
768133193291722752
3699668423
749611364
3697668495
142411196
406907214
303139807
278210313
738311035
765545322365976576
475965087
2731197053
775632857993797633
500582673
3186836867
332885533
84132807
798598045709516800
2695313896
398928323
2465000210
2929169337
337155946
406820061
1100350039
499571765
14162223
2873763154
1261559155
1256574842
2623809318
947879034
280551600
125851628
3027820086
591144361
478561355
3688803513
88017073
943572877
1207677883
256072596
1457867539
2588246800
864657686
193261391
438309820
2707601247
1151876744
53200070
2491928300
2231318146
2167899593
3862086448
2616680851
2361394675
2785214645
569920608
4892218558
25676606
1101913508
4179246183
1368793633
2282469222
418586571
409448246
598279585
1605328957
368770389
96775423
719855009928716288
419415644
803316734933528576
1036756046
119686516
717631478184681472
311694861
113889922
3049025107
