27448416
735228714070507520
779336944916504576
1151068016
291019658
889816856
429070398
52738973
1200815466
2597512767
2511415512
18616891
141936740
268899621
288764479
472905491
3431896313
1004322594
413197522
1154282738
65335565
2355048536
455562995
2418170407
562805089
932376896
853635661
194972957
703708224168599552
1009689127
802141581662941184
859494601
766714182804836352
3030837185
1540142966
508008536
551199262
746305585642110978
1410444858
1405465094
210376076
744524292050788352
405745496
1953930264
3906213625
1070880144
2656924408
2477738290
2266033014
440691898
849022136
1037846899
2984502441
2733334557
794909393615814657
802878612521226240
764525968623071236
773200264635490304
1140926593
2982641339
22015813
951890166
754658882551738368
519587814
311924133
14575613
223881169
499128183
767209128
596821309
1082718704
393342562
868298592
192258181
260387396
1174274426
180317088
2851171270
1039566296
1524453986
1307016348
283636579
3844243173
320041908
798538357844295680
773602742
229089974
405819831
3433378229
3427709602
844437781
1001320028
54598696
790264879735304193
3056927199
452010658
2574033231
1322447304
566179919
3911482575
962311958
13728662
771387619360043008
2482764437
2328781484
3405754877
45317110
511705621
553715474
2234366108
4839452781
410206647
1176618985
133461180
745272679029157888
282025038
777222642961092609
1583259805
712266973070159872
802299785906683905
461567074
801499650222129153
412453101
406841197
2427311741
138418305
287153306
1396720243
2629123617
872443554
814585603
1385256108
2170742693
393550671
4221740495
4010430377
2190399648
474657743
936533587
2971663036
4069821075
246976552
40263627
1588323260
709479074029240320
554521013
498234811
792092793757990912
45788443
437309303
1562752760
738092501853216768
3317075583
4765490783
3298343308
712247530709491712
448166490
1946899837
4243748615
2380463039
425931009
731072461081595904
419743304
133657565
759428777793429505
203827028
399471541
542488894
790540888237830144
767772101503836161
3312303309
371749840
398609882
2561544488
2197727347
3457594222
3555797841
513144334
785240677466644482
796334964342194178
605614784
716735185409155076
3093857141
714739556747243520
2766500357
1623140270
1238622974
2726127843
81689292
789567191708565505
4187056599
127606280
985298582
305386550
1593579625
799900104123707392
2965811733
557901492
3233782181
2648038336
2186602543
312572813
46079776
877434170
109078503
408397798
1244749964
2427827258
474381102
242922585
797820581584453632
506321342
795593003742220288
2345481387
1719352879
3394568602
521337019
3405634973
120927887
632151062
2364819052
835896156
3053723635
288094317
127532707
44395683
50361109
1360056336
3958632334
1492509740
801490262275092480
548299718
359900851
795177099392909312
779993497445228544
4705505042
391627970
2398378464
139055024
2729520336
785173260400984065
147543162
264211609
419474598
1205859403
762983877849800704
2497838698
500835651
802876261215436800
790625241856937984
3311188835
863339647
944519454
3437307191
338376782
3254009057
306058431
999469686
3676455017
258755575
2536585871
498062460
2889628751
2236569729
484191151
3115905790
1857779947
2243105962
1171488392
2186626514
1079703907
2755001196
772074670208221184
1421381328
4326503175
149183666
2605945762
1495539583
503176063
627317336
22248391
766664451223330816
251663248
3906873494
2797440824
4080263177
435685724
2279009125
339843569
1143922956
1327701390
1132098312
396237618
1262138317
2355147860
743579496574492673
9017032
3996258160
1104598880
899385834
4182142288
342118728
472925525
2171879132
2479620311
464045620
776421220451512320
1230470216
62863270
783023868378279940
722850803464015872
17010300
2280644179
801841062763491328
532920941
1219977643
62060285
398291306
767783947220713472
1205594306
583617026
2549528592
724648551561728000
798743088206319616
787177370646175745
2492225128
125070146
9820132
892954382
1497611910
367090986
730059164580519936
757279526
789104165167529984
2517301839
1205274991
2282008813
265385204
727938981120323585
4579125253
3309946937
4702970784
499227001
482532412
2396252383
3063738106
1065387764
751814461690900480
486517856
1094831563
430033435
296507637
575654596
802875456747962368
492688472
95106953
2410447644
2456837270
944665938
503288686
1386751423
701742252
2337512081
3295578989
2361360169
2259459451
455266102
3025368046
311074404
447854508
2210084110
1717274785
369177021
2414070806
1158164456
23295072
3552957021
427446371
453995936
116803999
401607101
4824798082
2252899982
2573483704
327862293
97872646
4133217027
241602781
801457403808088064
3223929605
354125985
771607371936215041
2446501825
513481122
1055240222
739017070944395264
1110266634
3124240699
759346461758939136
2182403667
801829953578921984
965068518
707184555887861760
780342597458034692
765884647498735616
2239534579
122910706
3368385652
3028742807
3007418795
737601787796955136
409474239
2651374166
467274250
1642789244
2332571271
2774751706
1028897996
428341973
787009091373850625
1434038420
2199795114
139681145
242969281
949743282
459711565
1077391783
705835156054134785
468806146
743860989452492801
1080423679
459556967
337185218
3222791895
369749865
798640448558497792
2340110677
369728921
4688664552
406469071
151087202
2996059456
1076707988
1229273522
2772740636
439885110
45863022
4396381822
306633266
767119569899155456
1093512139
4735423054
54187793
716326404707713024
781923797679112192
181119521
776720803945652224
461978652
2315044228
33994488
2948374265
1055797022
788047861342691328
731252371226042369
728573094806364160
138364373
1196845802
618640479
96333128
1190111017
2854719148
1675230540
384948871
484570274
195754877
390017747
791671139521142788
2389687188
79196834
739543389721485312
472463917
796246539668692993
1934578106
305523994
320840015
859521930
82840318
784082079877308417
192640902
2450147531
765509459305201664
508816846
3843282933
1447215498
2198055140
884658194
766066296618414081
416422287
745315872521207808
431901295
44775742
2803656836
956276568
2316972126
1097046230
794495973124874240
787323208752037888
866681863
2205846352
477548046
410298671
859927674
1064357792
1084193910
705813420973621248
855369620
794982794631987200
183158267
1636528548
2822701804
535318339
438849246
831981618
816389954
254247378
2341083257
603531704
85358343
200146354
4797073893
3129266409
704911394
2327133380
1055076127
1234080900
416310352
3880024059
342681065
453990634
719247245892259841
721338196639014912
1008382820
54906735
304598010
138850923
545384133
776453763624214528
40985455
279171038
780085194317557760
3243909749
774525301175029760
936708194
2462025474
44948272
2501935183
768899789136072704
2160789500
1025169505
514714806
251044638
3144446056
2366790998
2463100707
2838570387
216643207
383414938
1122659574
2338465050
51483405
729704804868599810
2690677608
2823948397
748416033334132736
1585539301
310907747
1721405378
401568346
63793571
123246973
406523890
2410911599
425188592
325760306
748252291959037952
216292667
1229121186
1852086764
3121853856
2919730121
281457720
4119906531
476836933
146822630
1025644308
2909929737
3381839055
315798667
4227091119
104239528
738344440851468288
3213490474
439034220
1704116298
2296153657
722098819110985728
381518652
2644998883
1028060143
2351775654
3299563144
548616993
386450799
136923043
707318418677092353
2851228124
1157043744
524809983
550932621
1867361222
395548966
1095109520
777506688316411904
426920970
428135247
765607412778893312
1637909371
418918882
742455271
309178760
4187885897
1394277882
2257427185
755320994131247104
606186463
189801758
309750549
787240822223802368
3294587596
485101194
4603645649
2967451289
4851423724
357074444
1327481593
2501808527
707647189
458368651
4236725416
2788127629
442225392
951368623
26295447
426094795
17439787
1682635764
888531398
723203630917136384
455937572
22009685
600136789
22009205
380296639
501249777
759028735739854849
793071301200113665
1944884750
2369854366
800305284631494656
3385105642
1389944444
789101135323865089
1076496552
1274882076
2288208282
798086349316378624
13727692
714896919349346304
329789323
138685987
3001154047
2389161486
788796021153337344
727758699587092480
1679818471
516624218
434387464
2270253242
2319131287
370278925
153700119
458370341
340847319
2249959502
3870837869
836504312
47880910
192165373
3436942246
348493456
2870669794
243563921
777727512189239297
1103152945
779976176416722944
4889849530
2501545436
1251971718
1044932990
2167116718
727840452150464512
263037408
529431381
939337284
1298552276
557229572
716911634871160832
788686822746517504
3241512717
507792558
487012569
2716446892
412260592
2971568187
122363556
337644410
469369667
963073442
732504227961044992
1111225376
3088789403
2400285224
983325846
358835137
2654152260
786893011191996416
617598666
427209531
2540480404
405196197
1028662526
589407736
793414057223135232
792825362329788417
4928491697
4820995677
732317340092780545
194281970
4594905000
337171830
753901145366626304
3448617916
1230888704
1070911692
757257628263276544
2456929573
417526349
883730372
33897141
2441701478
14210532
1198833228
800433282433236992
2310543444
753706268024565760
2845429815
389076701
757301557616607232
2566010600
225811646
9940892
490733693
581948637
422058212
556658329
836271002
1221995204
2415768917
56465432
4275415887
249862119
405170821
755102530527457280
790899021435002880
3007848857
65733768
3524647829
407062660
96582995
3018290121
2338003979
462427721
802863869936988160
2312169774
539724967
324332181
970054074
1127733265
2821297900
637292613
773563444750589957
1017667801
38964269
2180545696
343306128
218067973
733383127381487617
782643007
47698840
712948986223730689
1929877436
796340446221963264
122785870
789012950585643008
723094218734862336
574185238
1068405199
760806683564240896
765113425882218497
1329384000
483693163
2412507160
1172741958
290669539
29723197
704558982
430092847
431928052
1278185288
4273349056
4196122397
792427445232214016
2754543846
341405408
2945701839
761787475
3225158405
3165917453
571304184
400352386
2194877690
2218697421
1265550168
3458373497
2400560849
4885903612
98875860
2990246674
4632393442
701388779114930177
3331168031
482969926
1880399689
3361200257
2359406918
1175727986
2363110486
33676387
715083557581033472
99702635
1097904109
845116070
65008580
2238203192
1248046735
3086183274
953895188
1011030956
138825055
309277206
1104761490
3119071163
1166877775
1304441210
733330743800258560
458632561
2800729570
4174063036
300798803
1443830137
735175269695115266
4583225809
387198659
740204367400337408
513596528
790347584120381440
2540030877
507545031
332840450
96304737
2959917485
1472353806
408615010
304203375
1978729974
2221404476
504661653
1058200926
4889757933
726150285870157824
2845018504
363938347
942307356
448343412
1286897317
972656305
701456941894266884
764853057909841920
424997954
4184406562
2208172767
1063011624
739729140887216128
728897876072534016
797871034535936004
428897370
1857528240
2438340445
4803830717
390642467
20430345
2990153159
263775129
431804232
400281219
720160136468279296
1254757129
716618768038895616
713725818548199424
19067940
2812859778
268994593
386145254
2174691850
94092819
394787464
4909543941
2456227901
2608779441
783031450266468353
3422769471
112266583
2360804453
706524248106524673
477122234
67305532
716890607168434176
41544005
797117758538477568
793785919933411328
359443477
3160030421
989571222
725882047
437442344
439131272
207122050
1272137623
2542038342
801744267152654336
851456364
745025263679963137
4881267029
1464788840
45400255
479028260
2355256140
4079805563
2416164429
1579008720
489336103
92602577
754664352855236608
403997300
422586653
392749188
3169965514
2314104034
861619615
1034897761
223417235
2239737678
1069422908
513253779
517929046
237816428
863232396
226627338
781578050865627137
802859221507276800
268905980
296197775
799219281451958272
396146922
129164948
786865600115204096
437408402
730500778637594625
801700087525216256
15108909
459446024
501577488
450546622
2489572129
484617036
1480266476
1369005530
3068966572
1404989965
419768382
142393098
455266241
85117452
1367973715
421347689
215090695
2390747907
2489764008
2360335217
449736439
710743506520829953
23582145
150399979
3315808409
2995908064
2748470032
40436213
1037859469
4144638929
432708990
419951447
387345110
1919132101
1384265604
4544396435
1116398478
164385252
3764059997
785129133009494021
446307797
1889296722
1356872376
3331126263
374069207
3133358394
450654477
813076315
2197620432
2301647622
800006070777298944
392933135
751104484969947136
794234183128322049
1372922408
777855788882812928
795564464829595648
1642833512
1071492246
30002429
214823847
780087732949413888
1556491195
2752031038
2989253800
420538185
4845403365
87159665
3152227665
271803051
3510108957
44856884
3434631431
98633285
4475013383
982731098
774150166584500224
34883730
213274510
421753222
430052444
558032072
2416044272
624096392
2230346403
910577886
94594903
789477506646671360
1374489680
514803990
730962018
1346996612
818183167
4130639901
702921914
1059881101
968871944
3052854105
1068056972
2262991946
215735286
22144968
113359594
564148431
37382519
1331128747
804961884
3610537156
209007993
299020216
1238596208
516547916
1299375126
470382637
403577590
1063615682
432646643
2496519414
3298864072
456674882
417349910
3059131623
955521362
4259474481
1166637379
418636676
421839918
430437851
777940009932484608
153342663
1404635250
1856401896
204479365
442808538
564429315
255143121
703817284
4860992891
2424988655
955568864
1125077892
4861559277
789842195775971328
63419089
38205384
3182766357
222411571
4214140767
380841575
477543705
3032272127
2482305961
285047870
772136635928633344
815758254
916522718
438476133
1077740636
2893198595
2303516735
3040802637
1160278561
2337395271
483384295
3024781929
3149531853
454009387
757213488
468356881
3851130916
55360087
3360251476
372428924
999474469
3879573977
405192597
3879187997
2819178244
402324365
754282812405084160
3399848795
790153438491471872
120176980
776739556745940992
1314549691
3221398883
556650372
4578456569
3145299803
534655010
411723959
2267720403
2980882067
748870907456786432
1041804853
348141611
2174535898
1022538426
418531608
92521732
2221318495
198234611
436870309
740527234100932609
2676443188
394850579
2231877025
785367204703461376
4915455880
458719075
447846362
532545883
3375673725
496910513
1489971883
2748801657
964488151
778470150336942081
745228268
587281863
802814151164825601
386689343
708773624
4143353975
3399075250
2884438281
725422192046039040
471846501
112490350
1350107509
378096106
2404494057
2285114260
391937038
1000045820
1721422970
419100641
725949864
3424014040
801062327810461696
135211574
122497273
746134309711519745
1348975974
1275799418
1125816168
3295022861
486968011
727459695330492416
2478737879
868842919
2922077789
228485207
3859630461
2951349335
784318068889559040
925695715
570833587
756798814518964224
4105318097
728166959427268608
4415101463
561391482
96340114
1059013326
2978182583
37756411
175557941
50981546
891042680
493318360
26982622
461962554
202166644
1028521861
1051389715
717334646405611525
1101476665
2942381427
526552069
769478656498466820
3372717964
1020814244
1459430522
2901251668
987485588
2220186288
2895077031
242351511
747720903585304577
566540382
49303706
626501000
3428587589
2896201721
79567079
939170569
614298536
2843769504
483725781
214047668
82902889
229584880
3094278383
970274028
776040035049152512
2848348516
9650902
325771154
445332184
59720283
48145270
1086392940
429141884
727223148677087236
501874833
2562814182
134724104
3303785920
575688660
3138188655
547050389
859534544
788458787032170496
737934742461526016
21276839
2785239689
328473338
1005116281
409780693
405697475
4098447160
3314219367
2180427250
1556455656
417372220
3298882251
749248856
558101743
2761183186
3131574861
254998344
1179770209
722317619022471168
435645089
3324608649
1082984088
29478533
66635426
388144170
1034473320
405443137
585391357
1479802314
3295039204
185131593
3793353617
4881986945
3007937662
382052171
1372859420
4850581731
746263383473799169
743514238493278208
714125984
2712498692
1089285020
1039274630
760941857652301824
723077115428499456
482107935
763146166620057600
472047884
2788765798
1285373419
1673607168
985080900
359454995
788291127384367105
776366037566623745
436809285
1534786369
2160946687
791454317945520128
762186331011375104
3317745995
1148239141
757949254765834240
289806001
721303651575341057
314192197
415701582
3052918302
1190283926
778917084399079425
27083314
24252705
479604138
24866247
2820362326
447361197
943155390
1261872931
957425850
2348566523
182411035
785779065617846272
1223037354
4868655040
482231012
301991350
467307839
2315349157
3814697663
1913892218
2347675929
794598299424739328
457889747
1456631540
2207562784
715574358350163970
46224994
15387167
408027768
845413776
2951587293
87467449
592647058
4726174575
53368287
4863618933
328935079
319846232
243631237
404934378
396151080
2786595941
107737376
496758923
630063443
784105196070854657
246410918
3368018859
93953682
1011986162
23919805
801520165250887680
1644683106
881002346
1382206622
964852682
1485324258
499778382
2878091469
447439107
1274899394
92956054
2863121903
2538895314
3973423342
473046356
1325348036
2393147574
1544093054
628367790
84046970
1262939593
464615450
906269360
710864700851032064
310195119
495387922
843757543
1933669110
2559355769
722387472848695296
1336605439
808531951
3176594760
434826176
564360716
67645062
976652664
733599179906240513
744596911252967424
407598164
1103812855
1092670394
812774677
2754433723
724321908
171453953
81637419
204078845
2679377412
4076297056
1026768444
1080795937
241703665
230790398
1066344667
1063332403
4102866201
2410594372
435367434
1384855346
141529750
514280693
377660882
415030933
2983119910
2657542286
794274701484900353
2845221227
1341552145
441651345
788286737172799488
1534920248
138772797
579318663
346128938
2200777745
782880990259769344
3124079014
2341257671
406947394
43703232
777975546848407552
406545803
4089359207
1181544271
108287446
2231463645
1278624774
3860196976
345918295
407891527
720232920653434883
2318283220
2986513055
732642010633474048
794889137845366784
3975611061
3387135933
1388488790
3305521049
2889852755
213616021
1267263205
1947835710
506112919
801816502466908161
3094312457
158262409
593644722
1413220182
3411450412
2192427702
1319334121
100530020
772477797210161152
121500784
133342361
520666162
1081132770
292556611
3136144581
751720869278445568
30007806
2901317194
2898075617
2489783098
788754158241378305
104850697
3207714897
405094298
2318526504
789417368103419904
1692143298
3349425333
474023066
3663181830
64025076
93691257
2719760326
896112570
274548046
791360681815728129
2369010655
865113606
2523284704
590188450
275642444
2975144398
3182253213
45140845
3435506849
2282549490
316364685
791602493469913093
2751862871
1021540020
265333818
593742754
1009243501
3043540575
213749961
775935934596427776
2986141805
2656984642
419318448
463347621
38693336
760790168358031364
17546069
533074266
801080699017170944
404048864
535447658
2370908109
118348341
355046996
135806832
534208609
521645027
74422212
510652108
541178236
778089012
976622414
2187374813
1040332778
483352788
752800121138581504
3401651157
1553447190
1346566790
493533192
486759593
2163623162
1110202813
419285776
946745624
1062814122
3303214061
85590368
423294786
266700017
796795293316612097
800451202878029825
406555651
2342517254
860205385
914050591
349498638
4851241510
324262863
369200086
541915851
2180831464
764140480775020544
708302967234039809
269364736
101573147
788808477686820864
3309729695
382029804
100602777
2907520191
1042958780
76616277
1092084720
488864885
333498140
281358271
401687825
81835192
788797759965032448
344196663
410077670
2784216706
2849661244
3207310307
722050091624833024
395849453
815304163
110190828
2638291813
1141016323
2241274927
1165895616
741592495155478528
4249515683
396756630
3064631746
711875747183521797
557827565
708425080645279745
581069910
531505166
22887971
2396676379
416542224
957474895
164780237
170423526
2352723005
7332612
341974169
489199735
2901162039
714376418055073793
3242281907
596833964
4876627103
3445653437
705462413169205255
4898036176
962612156
761582724176027649
465471249
1055931559
1385223960
869445680
332522093
2811089575
428915501
2822583095
143590548
2905965225
782126365315371008
1418786191
2414596461
501225131
1022753149
231824254
767593587504734208
3037486419
1010807990
3422522277
2761842103
3230165817
795327852870778880
1357812068
404283215
2189190782
785818049483907072
1070407046
3100181957
4016772868
1901258058
206122291
2394684582
1062997310
140975577
4822090449
215270850
4432360889
399624734
340294381
136343557
139188966
317680130
745535971270103042
788467491299287041
265060963
2467973393
2480246000
979023937
852549655
44886581
536769582
173430456
422586035
2228739276
775381797542690816
768816467676717057
822184940
846790633
483132641
729294897891676161
2523568577
800804086358556673
295064979
701451907441827840
353492673
70353394
747327834494898176
336442306
402997564
965239081
831665582
2192692641
788784380860829700
400601927
104842081
253714436
732773769824047104
492031787
396823374
1250188950
1054906759
569478521
4195440875
475096024
342588019
2962475685
605303095
2152381152
768783082736455680
4688837276
802548470259286021
420427133
435187030
1851668641
1402688845
481603544
2543169075
778530030
183287158
2400326462
424153335
2351795462
4882196008
3401227875
2238091980
192118395
932888491
51522357
4074742552
764073381532753920
783257684971773952
409859925
526327701
464127310
531137551
2709647816
2858721511
2256723448
2539362027
771596356548820992
329152979
3069843927
396218442
464691892
1277350656
709874646305402881
4883029437
793026146183053312
737964567737864192
47901347
2537460423
941772781
798917787452403712
4844733082
3048846859
1251955484
340300921
303298353
2206299803
321375506
2749566881
475248885
1041470562
267174899
576773535
1192260607
292240445
2714596672
1085455423
1266769243
1267171424
1620333764
136561250
1474124408
453482376
1474185410
4603127836
2900897831
1591737049
2876702231
515698229
2988110818
2377363345
326226399
2534619576
468782303
331617619
785379659466899456
96389952
1277296867
336155154
4899487839
791286819140829184
436671461
742013658268598273
3613181357
523613502
786432845111635968
601134365
523467019
4908787277
3261651495
2348977906
3035060441
428118967
2430727480
784137711561109505
234504218
714382420
930194618
2405839948
354747398
1079126036
2741727190
167355636
737734557777178624
33226107
433789331
951133896
556328289
294482809
144902509
4845999597
843573301
420548533
1166079396
379264571
113075421
828717014
4415743515
796004787049336836
96364636
776016576
2238011889
469267629
173925687
109573130
739484673974370305
587706164
2201928828
378706057
353575520
201789369
431515921
77823743
774612532036329474
407163369
1566641239
1188804643
114041232
417887820
1105753646
1313377164
402085531
445611250
267335558
799992817007345664
2951279819
2153812941
585397603
3135173073
313517712
1295447916
576471812
1704854190
1233585757
794582375867052036
415820835
4259508101
4910181370
764071712950550528
4702133172
906331746
236794333
414385318
1960736604
2356613778
526894466
213601053
799887615335903236
284706444
467232496
802176344515866624
518701496
357374751
247775090
1241515435
541112195
3039628433
2732427263
69598685
798284445581266945
259949070
421166716
3446733917
91201238
778693643976581120
2906615746
1857295158
3182903687
792840100874944514
2612652422
257709473
735980645273489408
199230149
800327474106101761
16823683
4885620221
46372795
509309634
534616483
2323971608
1000366015
2598110537
704746963091267584
1086749148
1464258434
612374141
2279399816
722421795106766848
840337094
1316630180
366544617
729744231066120192
1920965048
492175524
796759446370271232
745880802047758336
472989062
751379826024583168
521306441
1324304905
485031544
2309477786
3640747095
1183179234
2693905975
2435476444
732278814093529088
431084648
480390700
1412500075
760254962966364160
458270464
257064557
473169160
771813207853916161
403507902
2163514121
709427870419062784
2760801606
498846820
4210012725
2388839437
1292670511
482197018
412648819
15229872
448732675
99361454
172170794
2778855315
574340003
469127838
760935300189356032
838223696
882235051
597720862
970760323
500297242
899952481
349649017
2277568157
355747715
244654932
451410343
2419860820
343925514
781930651528392704
232908749
2845737279
3931969841
2657797725
2212318386
1327684639
1015239878
349775045
1247099534
2938313507
355425880
3527260401
1109887628
4054551945
2942054782
405158422
2993021697
437792860
960676736
899978641
433754193
1927758452
490520691
418966250
898298473
476819876
705029912265097218
845781758
50584579
801407727608229888
3291044750
3995124705
3367479099
55560545
1151495287
84033956
583687484
411315576
724957881045491712
2190915769
283140385
1257864246
793048979948929024
2782963885
1598253523
721658397687463936
2999484970
108262067
903701676
927726264
4871884721
2335372808
1418976222
1117446373
799826440439156736
741929531276206080
2363193428
1057565262
2957102265
216361540
2420911521
3806382809
2923849113
3902252362
104651157
920798731
254554605
144117296
426712009
1037152033
389430038
423435597
364797484
303354087
2515144546
33501253
447896469
346518147
2437284987
574543006
325145422
768133193291722752
4039287245
988373714
1332209119
454142762
471763431
1222000628
483199277
1015819494
290525222
476976196
256491020
142692876
486015426
1068916382
462298361
2870220975
524597055
241289430
25373528
4876405329
87950192
798829957623398400
475965087
482783302
4060369233
626636550
942104587
734805955985182720
3954502719
49271778
898297518
81837035
398928323
2442517233
2465000210
787620843320905728
1215938191
3432608494
605280351
711187023
720638490766086144
437467869
91429105
353811477
1100350039
187326864
87650574
499571765
106548241
532365440
60898263
1261559155
516778754
414319027
401280955
1433286055
491468452
1870961815
562846287
1699665619
1063626588
928202780
26206149
740801817555132416
591144361
796145153991909376
794974571388686336
419739649
476339196
1106230255
2327856352
3688803513
88017073
728267401
267894166
552291348
3852711633
477187357
991699441
208447500
104551882
392117332
797805269539520512
1347344792
795964357893046272
774133777412923393
517347417
19441340
407685967
4178858601
2289758560
3862086448
593519995
164560443
2361394675
794961451194712064
1021541239
9925862
1257848173
466534723
391620881
3126162896
2201819716
25676606
2443006233
2234822984
701059824520396800
50794286
250316913
174210451
3050698037
541142373
311694861
542372059
1876212612
