trump;0.0;0.0;0.0;0.0;1.0;1.0;3.0;0.0;0.0;0.0;0.0;8.0;1.0;0.0;1.0;1.0;0.0;0.0;1.0;1.0;1.0;1.0;0.0;1.0;0.0;0.0;1.0;0.0;1.0;9.0;2.0;1.0;0.0;0.0;0.0;1.0;0.0;0.0;2.0;0.0;0.0;0.0;2.0;1.0;4.0;1.0;0.0;0.0;0.0;0.0;3.0;0.0;0.0;0.0;2.0;0.0;0.0;0.0;0.0;0.0;1.0;3.0;1.0;0.0;0.0;0.0;0.0;1.0;0.0;0.0;0.0;1.0;3.0;2.0;2.0;6.0;0.0;3.0;1.0;0.0;0.0;0.0;1.0;0.0;0.0;0.0;0.0;0.0;0.0
articol;0.0;0.0;0.0;0.0;0.0;0.0;0.0;0.0;0.0;0.0;0.0;0.0;1.0;0.0;0.0;0.0;1.0;0.0;0.0;0.0;1.0;2.0;0.0;2.0;0.0;0.0;2.0;2.0;1.0;0.0;0.0;3.0;0.0;0.0;2.0;0.0;1.0;2.0;1.0;0.0;0.0;0.0;1.0;1.0;3.0;2.0;3.0;0.0;0.0;0.0;0.0;5.0;2.0;0.0;0.0;1.0;0.0;0.0;1.0;0.0;0.0;0.0;0.0;0.0;0.0;0.0;1.0;0.0;0.0;0.0;0.0;2.0;0.0;1.0;0.0;0.0;0.0;1.0;3.0;0.0;0.0;1.0;0.0;3.0;1.0;0.0;0.0;0.0;0.0
milakmperiln;0.0;0.0;0.0;0.0;0.0;75.0;0.0;0.0;0.0;0.0;0.0;0.0;0.0;0.0;0.0;0.0;0.0;0.0;0.0;1.0;0.0;133.0;0.0;0.0;0.0;0.0;0.0;0.0;0.0;0.0;0.0;0.0;0.0;0.0;0.0;1.0;3.0;1.0;0.0;0.0;0.0;0.0;2.0;30.0;55.0;11.0;70.0;0.0;0.0;0.0;3.0;28.0;17.0;7.0;0.0;2.0;0.0;0.0;0.0;0.0;0.0;0.0;0.0;0.0;0.0;0.0;0.0;0.0;0.0;0.0;0.0;0.0;0.0;0.0;0.0;0.0;0.0;0.0;0.0;0.0;0.0;0.0;0.0;0.0;0.0;0.0;0.0;0.0;0.0
piusocial;0.0;0.0;0.0;0.0;0.0;3.0;2.0;0.0;0.0;0.0;0.0;0.0;3.0;0.0;0.0;1.0;0.0;0.0;0.0;2.0;1.0;4.0;2.0;0.0;0.0;0.0;0.0;1.0;0.0;2.0;0.0;0.0;0.0;0.0;0.0;0.0;0.0;1.0;1.0;2.0;0.0;0.0;2.0;0.0;2.0;3.0;1.0;1.0;0.0;0.0;0.0;0.0;2.0;1.0;2.0;1.0;0.0;0.0;0.0;1.0;0.0;1.0;1.0;0.0;0.0;0.0;0.0;0.0;0.0;0.0;1.0;1.0;0.0;0.0;0.0;2.0;1.0;0.0;0.0;0.0;0.0;0.0;2.0;0.0;0.0;0.0;0.0;0.0;0.0
contrar;0.0;0.0;0.0;0.0;0.0;3.0;1.0;0.0;1.0;0.0;0.0;1.0;0.0;2.0;0.0;1.0;0.0;0.0;0.0;2.0;1.0;0.0;2.0;0.0;1.0;0.0;1.0;2.0;0.0;0.0;1.0;3.0;0.0;0.0;1.0;4.0;2.0;1.0;1.0;1.0;0.0;0.0;2.0;3.0;5.0;2.0;4.0;0.0;0.0;0.0;1.0;2.0;0.0;2.0;0.0;1.0;0.0;0.0;1.0;1.0;0.0;0.0;0.0;0.0;0.0;0.0;0.0;0.0;1.0;0.0;0.0;2.0;1.0;0.0;1.0;0.0;1.0;1.0;1.0;2.0;0.0;0.0;0.0;1.0;2.0;0.0;0.0;0.0;0.0
notiz;0.0;0.0;0.0;0.0;0.0;2.0;3.0;0.0;0.0;0.0;1.0;6.0;1.0;3.0;0.0;2.0;0.0;0.0;2.0;0.0;7.0;3.0;5.0;1.0;0.0;0.0;0.0;2.0;2.0;0.0;3.0;2.0;0.0;0.0;1.0;1.0;1.0;0.0;4.0;2.0;0.0;0.0;1.0;2.0;2.0;1.0;0.0;0.0;0.0;0.0;0.0;1.0;0.0;2.0;1.0;0.0;0.0;0.0;1.0;0.0;1.0;0.0;2.0;0.0;0.0;0.0;0.0;1.0;1.0;4.0;3.0;3.0;1.0;0.0;0.0;1.0;0.0;1.0;1.0;0.0;0.0;0.0;1.0;1.0;3.0;0.0;0.0;0.0;0.0
deputat;0.0;0.0;0.0;0.0;0.0;4.0;0.0;0.0;0.0;0.0;1.0;0.0;2.0;1.0;0.0;0.0;0.0;0.0;0.0;3.0;4.0;3.0;2.0;1.0;0.0;0.0;1.0;2.0;4.0;2.0;3.0;1.0;0.0;0.0;1.0;1.0;1.0;2.0;2.0;0.0;0.0;0.0;0.0;1.0;3.0;0.0;1.0;0.0;0.0;0.0;2.0;0.0;0.0;0.0;3.0;0.0;0.0;0.0;0.0;7.0;1.0;0.0;1.0;2.0;0.0;0.0;1.0;0.0;0.0;0.0;0.0;1.0;1.0;0.0;1.0;1.0;2.0;1.0;0.0;2.0;0.0;0.0;0.0;1.0;0.0;0.0;0.0;0.0;0.0
schiform;0.0;0.0;0.0;0.0;0.0;3.0;1.0;0.0;0.0;0.0;0.0;4.0;3.0;0.0;3.0;0.0;0.0;0.0;0.0;4.0;1.0;0.0;2.0;0.0;0.0;0.0;0.0;2.0;0.0;5.0;9.0;4.0;0.0;0.0;0.0;2.0;2.0;2.0;8.0;1.0;0.0;0.0;0.0;0.0;0.0;1.0;5.0;1.0;0.0;0.0;1.0;2.0;1.0;1.0;6.0;0.0;0.0;0.0;0.0;2.0;0.0;0.0;1.0;0.0;0.0;0.0;1.0;0.0;0.0;0.0;0.0;2.0;1.0;0.0;0.0;0.0;0.0;0.0;1.0;1.0;0.0;0.0;1.0;0.0;0.0;0.0;0.0;0.0;0.0
senat;0.0;0.0;0.0;0.0;0.0;7.0;0.0;6.0;1.0;0.0;2.0;10.0;7.0;6.0;2.0;1.0;0.0;0.0;1.0;7.0;5.0;17.0;3.0;2.0;0.0;0.0;9.0;5.0;5.0;8.0;10.0;5.0;2.0;1.0;4.0;14.0;47.0;18.0;13.0;10.0;1.0;1.0;6.0;5.0;17.0;9.0;14.0;5.0;0.0;0.0;4.0;1.0;4.0;4.0;8.0;17.0;0.0;0.0;2.0;10.0;1.0;4.0;1.0;2.0;0.0;0.0;0.0;2.0;4.0;1.0;1.0;8.0;6.0;0.0;6.0;3.0;9.0;10.0;12.0;6.0;2.0;1.0;10.0;7.0;4.0;0.0;0.0;0.0;0.0
semplic;0.0;0.0;0.0;0.0;0.0;7.0;0.0;0.0;0.0;0.0;0.0;0.0;2.0;0.0;0.0;0.0;0.0;0.0;0.0;1.0;2.0;17.0;0.0;0.0;1.0;0.0;5.0;1.0;0.0;1.0;0.0;15.0;0.0;0.0;1.0;1.0;1.0;0.0;2.0;0.0;0.0;0.0;0.0;5.0;2.0;1.0;0.0;0.0;0.0;0.0;1.0;0.0;0.0;0.0;1.0;0.0;2.0;0.0;0.0;0.0;1.0;0.0;0.0;0.0;0.0;0.0;0.0;0.0;0.0;0.0;2.0;0.0;1.0;1.0;1.0;1.0;3.0;1.0;1.0;0.0;0.0;0.0;1.0;0.0;2.0;0.0;0.0;0.0;0.0
bugie;0.0;0.0;0.0;0.0;0.0;0.0;1.0;0.0;0.0;0.0;0.0;1.0;1.0;0.0;0.0;1.0;0.0;0.0;1.0;2.0;5.0;2.0;2.0;1.0;1.0;0.0;0.0;2.0;0.0;1.0;3.0;0.0;0.0;0.0;0.0;0.0;3.0;3.0;1.0;3.0;0.0;0.0;2.0;0.0;7.0;3.0;2.0;2.0;0.0;1.0;1.0;0.0;3.0;0.0;3.0;1.0;0.0;0.0;0.0;0.0;0.0;1.0;1.0;0.0;0.0;0.0;0.0;0.0;0.0;0.0;0.0;0.0;1.0;0.0;3.0;1.0;0.0;1.0;0.0;0.0;1.0;0.0;0.0;0.0;0.0;0.0;0.0;0.0;0.0
firmefals;0.0;0.0;0.0;0.0;1.0;1.0;0.0;0.0;0.0;0.0;0.0;1.0;1.0;0.0;0.0;0.0;0.0;0.0;0.0;1.0;10.0;5.0;1.0;4.0;1.0;0.0;0.0;1.0;4.0;2.0;0.0;1.0;0.0;0.0;0.0;1.0;0.0;0.0;0.0;0.0;0.0;0.0;1.0;2.0;1.0;3.0;0.0;0.0;1.0;1.0;0.0;1.0;2.0;4.0;0.0;0.0;0.0;0.0;0.0;0.0;0.0;0.0;0.0;0.0;0.0;0.0;0.0;0.0;0.0;0.0;0.0;0.0;0.0;1.0;0.0;0.0;0.0;1.0;0.0;0.0;0.0;0.0;0.0;0.0;0.0;0.0;0.0;0.0;0.0
iovotos;0.0;0.0;0.0;0.0;3.0;10.0;11.0;1.0;0.0;0.0;5.0;9.0;8.0;2.0;8.0;2.0;2.0;0.0;4.0;4.0;5.0;0.0;1.0;3.0;0.0;0.0;0.0;1.0;5.0;9.0;11.0;5.0;0.0;0.0;2.0;1.0;5.0;4.0;13.0;3.0;1.0;0.0;1.0;12.0;15.0;7.0;13.0;2.0;0.0;0.0;5.0;15.0;16.0;14.0;21.0;13.0;3.0;1.0;6.0;4.0;1.0;4.0;19.0;6.0;0.0;0.0;0.0;17.0;1.0;1.0;3.0;0.0;0.0;0.0;0.0;0.0;0.0;0.0;1.0;0.0;0.0;0.0;0.0;0.0;0.0;0.0;0.0;0.0;0.0
contratt;0.0;0.0;0.0;0.0;0.0;3.0;0.0;0.0;0.0;0.0;1.0;1.0;1.0;0.0;0.0;0.0;0.0;0.0;0.0;0.0;3.0;2.0;1.0;0.0;0.0;0.0;0.0;2.0;0.0;2.0;0.0;0.0;0.0;0.0;0.0;2.0;0.0;7.0;6.0;0.0;0.0;0.0;1.0;3.0;6.0;7.0;2.0;0.0;0.0;0.0;7.0;2.0;1.0;2.0;0.0;0.0;0.0;0.0;0.0;0.0;2.0;1.0;0.0;0.0;0.0;0.0;0.0;0.0;0.0;1.0;0.0;2.0;1.0;0.0;1.0;0.0;0.0;0.0;0.0;0.0;0.0;0.0;2.0;0.0;1.0;0.0;0.0;0.0;0.0
renatapolverin;0.0;0.0;0.0;0.0;0.0;103.0;13.0;0.0;0.0;0.0;0.0;0.0;2.0;0.0;0.0;1.0;0.0;0.0;1.0;1.0;1.0;113.0;0.0;0.0;0.0;0.0;0.0;1.0;3.0;0.0;0.0;0.0;0.0;0.0;0.0;2.0;3.0;4.0;1.0;0.0;0.0;1.0;0.0;15.0;66.0;3.0;60.0;0.0;0.0;0.0;9.0;36.0;16.0;7.0;2.0;3.0;0.0;1.0;0.0;1.0;0.0;3.0;0.0;0.0;0.0;1.0;3.0;2.0;3.0;2.0;0.0;1.0;1.0;0.0;2.0;0.0;1.0;1.0;0.0;0.0;0.0;0.0;0.0;0.0;3.0;0.0;0.0;0.0;0.0
bugiard;0.0;0.0;0.0;0.0;0.0;2.0;3.0;0.0;0.0;0.0;2.0;2.0;0.0;2.0;2.0;0.0;0.0;0.0;1.0;0.0;1.0;5.0;0.0;2.0;0.0;0.0;0.0;0.0;1.0;1.0;5.0;2.0;0.0;1.0;0.0;0.0;4.0;4.0;3.0;0.0;0.0;4.0;1.0;0.0;7.0;12.0;9.0;1.0;0.0;0.0;0.0;1.0;7.0;10.0;6.0;6.0;0.0;0.0;3.0;3.0;1.0;0.0;2.0;0.0;0.0;0.0;0.0;1.0;1.0;0.0;0.0;1.0;4.0;0.0;0.0;0.0;3.0;0.0;0.0;1.0;0.0;0.0;1.0;1.0;2.0;0.0;0.0;0.0;0.0
banc;0.0;0.0;0.0;0.0;0.0;1.0;1.0;0.0;0.0;0.0;1.0;0.0;1.0;3.0;2.0;1.0;0.0;0.0;10.0;5.0;3.0;9.0;5.0;0.0;0.0;0.0;2.0;3.0;2.0;11.0;4.0;0.0;1.0;0.0;0.0;1.0;4.0;5.0;1.0;1.0;0.0;1.0;0.0;0.0;3.0;1.0;1.0;0.0;0.0;0.0;1.0;1.0;8.0;4.0;2.0;2.0;0.0;0.0;3.0;1.0;0.0;0.0;1.0;0.0;0.0;0.0;0.0;1.0;0.0;0.0;0.0;3.0;1.0;0.0;4.0;5.0;2.0;0.0;0.0;1.0;0.0;0.0;0.0;5.0;4.0;0.0;0.0;0.0;0.0
pochi;0.0;0.0;0.0;0.0;1.0;4.0;0.0;0.0;1.0;0.0;2.0;5.0;2.0;1.0;7.0;0.0;0.0;0.0;1.0;1.0;4.0;4.0;3.0;1.0;0.0;0.0;0.0;0.0;1.0;0.0;1.0;0.0;0.0;0.0;0.0;2.0;2.0;3.0;3.0;0.0;0.0;0.0;0.0;4.0;1.0;3.0;2.0;2.0;0.0;0.0;3.0;0.0;0.0;5.0;1.0;0.0;0.0;1.0;0.0;4.0;0.0;1.0;0.0;0.0;0.0;0.0;0.0;1.0;0.0;0.0;1.0;5.0;3.0;1.0;2.0;1.0;0.0;0.0;3.0;0.0;0.0;0.0;0.0;1.0;2.0;0.0;0.0;0.0;0.0
sportelloindecis;0.0;0.0;0.0;0.0;0.0;0.0;0.0;0.0;0.0;0.0;0.0;0.0;0.0;0.0;0.0;0.0;0.0;0.0;0.0;0.0;0.0;0.0;0.0;0.0;0.0;0.0;0.0;0.0;0.0;0.0;1.0;2.0;0.0;0.0;3.0;30.0;33.0;5.0;5.0;0.0;0.0;0.0;3.0;15.0;10.0;8.0;0.0;1.0;0.0;0.0;3.0;4.0;4.0;3.0;1.0;0.0;0.0;0.0;0.0;0.0;0.0;0.0;0.0;0.0;0.0;0.0;0.0;0.0;0.0;0.0;0.0;0.0;0.0;0.0;0.0;0.0;0.0;0.0;0.0;0.0;0.0;0.0;0.0;0.0;0.0;0.0;0.0;0.0;0.0
popolar;0.0;0.0;0.0;0.0;0.0;4.0;0.0;1.0;0.0;0.0;1.0;0.0;3.0;1.0;1.0;0.0;0.0;0.0;1.0;1.0;1.0;7.0;1.0;2.0;0.0;0.0;1.0;0.0;0.0;0.0;1.0;4.0;0.0;0.0;1.0;0.0;4.0;3.0;0.0;5.0;0.0;0.0;2.0;2.0;2.0;4.0;6.0;3.0;0.0;0.0;5.0;1.0;7.0;3.0;7.0;2.0;0.0;0.0;1.0;2.0;0.0;0.0;0.0;0.0;0.0;0.0;0.0;0.0;1.0;2.0;0.0;2.0;1.0;0.0;0.0;1.0;3.0;1.0;2.0;1.0;4.0;0.0;4.0;2.0;2.0;0.0;0.0;0.0;0.0
pagat;0.0;0.0;0.0;0.0;0.0;4.0;0.0;0.0;0.0;0.0;2.0;8.0;0.0;0.0;0.0;0.0;0.0;0.0;2.0;3.0;4.0;2.0;0.0;0.0;0.0;0.0;0.0;0.0;0.0;1.0;1.0;2.0;0.0;0.0;2.0;0.0;0.0;1.0;0.0;0.0;0.0;0.0;2.0;1.0;1.0;2.0;1.0;2.0;1.0;0.0;1.0;3.0;2.0;1.0;1.0;1.0;0.0;0.0;0.0;4.0;0.0;0.0;2.0;0.0;1.0;0.0;1.0;1.0;0.0;0.0;0.0;1.0;3.0;1.0;2.0;0.0;0.0;0.0;2.0;1.0;0.0;0.0;1.0;0.0;0.0;0.0;0.0;0.0;0.0
iovoton;0.0;0.0;0.0;0.0;6.0;44.0;33.0;13.0;1.0;1.0;18.0;81.0;92.0;49.0;32.0;9.0;4.0;0.0;14.0;50.0;26.0;37.0;29.0;22.0;1.0;1.0;23.0;19.0;45.0;62.0;47.0;24.0;6.0;2.0;25.0;63.0;38.0;27.0;68.0;31.0;4.0;2.0;25.0;42.0;44.0;57.0;77.0;32.0;4.0;0.0;17.0;56.0;51.0;40.0;126.0;53.0;4.0;3.0;11.0;26.0;19.0;21.0;24.0;38.0;0.0;1.0;15.0;44.0;34.0;9.0;8.0;4.0;2.0;0.0;2.0;3.0;1.0;0.0;1.0;0.0;0.0;0.0;0.0;0.0;0.0;0.0;0.0;0.0;0.0
mila;0.0;0.0;0.0;0.0;1.0;8.0;3.0;1.0;1.0;0.0;1.0;4.0;2.0;4.0;1.0;2.0;0.0;0.0;1.0;3.0;3.0;1.0;0.0;4.0;0.0;0.0;1.0;1.0;0.0;1.0;1.0;1.0;0.0;0.0;1.0;1.0;0.0;1.0;0.0;0.0;0.0;0.0;0.0;2.0;3.0;7.0;0.0;0.0;0.0;0.0;0.0;1.0;0.0;2.0;2.0;1.0;0.0;0.0;2.0;0.0;1.0;1.0;1.0;0.0;0.0;0.0;0.0;0.0;0.0;1.0;1.0;2.0;0.0;0.0;1.0;0.0;2.0;0.0;0.0;0.0;1.0;0.0;1.0;0.0;3.0;0.0;0.0;0.0;0.0
tagl;0.0;0.0;0.0;0.0;0.0;1.0;0.0;0.0;0.0;0.0;1.0;3.0;0.0;2.0;0.0;0.0;0.0;0.0;1.0;9.0;2.0;2.0;2.0;0.0;0.0;0.0;0.0;1.0;3.0;2.0;2.0;2.0;1.0;1.0;0.0;0.0;1.0;4.0;2.0;1.0;0.0;0.0;0.0;3.0;0.0;4.0;1.0;5.0;0.0;0.0;0.0;1.0;1.0;0.0;1.0;0.0;0.0;0.0;0.0;1.0;1.0;0.0;0.0;0.0;0.0;0.0;0.0;1.0;1.0;0.0;0.0;0.0;0.0;0.0;0.0;0.0;0.0;1.0;0.0;2.0;0.0;0.0;0.0;0.0;1.0;0.0;0.0;0.0;0.0
trenotour;0.0;0.0;0.0;0.0;1.0;1.0;2.0;0.0;0.0;0.0;1.0;3.0;2.0;1.0;5.0;0.0;0.0;0.0;1.0;0.0;0.0;0.0;0.0;0.0;0.0;0.0;0.0;0.0;3.0;3.0;0.0;0.0;0.0;0.0;1.0;2.0;5.0;4.0;8.0;0.0;0.0;0.0;0.0;5.0;3.0;11.0;5.0;1.0;0.0;0.0;2.0;13.0;8.0;9.0;2.0;0.0;0.0;0.0;0.0;0.0;0.0;0.0;0.0;0.0;0.0;0.0;0.0;0.0;0.0;0.0;0.0;0.0;0.0;0.0;0.0;0.0;0.0;0.0;0.0;0.0;0.0;0.0;0.0;0.0;0.0;0.0;0.0;0.0;0.0
passa;0.0;0.0;0.0;0.0;0.0;8.0;3.0;1.0;0.0;0.0;0.0;2.0;0.0;0.0;0.0;1.0;1.0;0.0;0.0;2.0;4.0;8.0;1.0;3.0;0.0;0.0;3.0;1.0;2.0;0.0;2.0;1.0;1.0;0.0;0.0;2.0;1.0;1.0;1.0;0.0;0.0;0.0;0.0;2.0;6.0;3.0;0.0;0.0;0.0;0.0;2.0;0.0;1.0;5.0;2.0;1.0;0.0;0.0;2.0;1.0;0.0;0.0;0.0;0.0;0.0;0.0;0.0;3.0;0.0;0.0;2.0;3.0;2.0;0.0;1.0;1.0;1.0;0.0;3.0;0.0;0.0;0.0;0.0;2.0;1.0;0.0;0.0;0.0;0.0
titol;0.0;0.0;0.0;0.0;0.0;5.0;0.0;0.0;0.0;0.0;0.0;2.0;0.0;0.0;1.0;3.0;0.0;0.0;0.0;1.0;1.0;1.0;0.0;0.0;1.0;0.0;0.0;5.0;3.0;1.0;0.0;1.0;0.0;0.0;1.0;0.0;1.0;0.0;0.0;0.0;0.0;0.0;0.0;3.0;0.0;0.0;2.0;2.0;0.0;0.0;0.0;3.0;2.0;1.0;2.0;4.0;0.0;0.0;2.0;2.0;2.0;0.0;0.0;0.0;0.0;0.0;0.0;3.0;0.0;0.0;0.0;1.0;0.0;0.0;0.0;0.0;1.0;0.0;0.0;0.0;0.0;0.0;0.0;1.0;0.0;0.0;0.0;0.0;0.0
firme;0.0;0.0;0.0;0.0;7.0;16.0;8.0;1.0;0.0;0.0;2.0;0.0;3.0;7.0;3.0;0.0;0.0;0.0;1.0;3.0;25.0;15.0;16.0;11.0;3.0;0.0;5.0;3.0;7.0;8.0;9.0;1.0;0.0;0.0;2.0;1.0;7.0;7.0;2.0;2.0;2.0;0.0;2.0;3.0;7.0;18.0;12.0;2.0;0.0;0.0;5.0;3.0;7.0;4.0;4.0;4.0;0.0;2.0;1.0;2.0;2.0;1.0;3.0;1.0;1.0;0.0;1.0;2.0;1.0;0.0;1.0;1.0;9.0;1.0;2.0;2.0;0.0;3.0;3.0;1.0;0.0;0.0;0.0;2.0;6.0;0.0;0.0;0.0;0.0
consiglier;0.0;0.0;0.0;0.0;0.0;1.0;1.0;1.0;0.0;0.0;0.0;0.0;1.0;1.0;0.0;0.0;0.0;0.0;0.0;1.0;5.0;1.0;0.0;0.0;0.0;0.0;0.0;1.0;1.0;2.0;6.0;3.0;0.0;0.0;0.0;3.0;6.0;4.0;1.0;0.0;0.0;0.0;1.0;3.0;4.0;2.0;0.0;4.0;0.0;0.0;0.0;1.0;2.0;0.0;1.0;1.0;0.0;0.0;1.0;1.0;0.0;0.0;0.0;1.0;0.0;0.0;0.0;1.0;1.0;0.0;0.0;0.0;0.0;0.0;0.0;0.0;2.0;0.0;0.0;0.0;0.0;0.0;0.0;1.0;2.0;0.0;0.0;0.0;0.0
mscamer;0.0;0.0;0.0;0.0;2.0;2.0;10.0;1.0;0.0;0.0;3.0;1.0;3.0;2.0;0.0;5.0;0.0;1.0;0.0;8.0;22.0;16.0;15.0;7.0;2.0;0.0;2.0;8.0;3.0;4.0;2.0;0.0;0.0;0.0;2.0;1.0;0.0;4.0;3.0;2.0;0.0;0.0;4.0;8.0;4.0;6.0;3.0;0.0;2.0;0.0;0.0;5.0;5.0;8.0;16.0;7.0;1.0;0.0;0.0;2.0;3.0;2.0;4.0;0.0;0.0;0.0;0.0;3.0;0.0;1.0;1.0;4.0;6.0;0.0;4.0;3.0;1.0;3.0;2.0;0.0;0.0;0.0;3.0;3.0;3.0;0.0;0.0;0.0;0.0
sched;0.0;0.0;0.0;0.0;0.0;0.0;1.0;0.0;0.0;0.0;0.0;1.0;1.0;3.0;0.0;2.0;0.0;0.0;0.0;0.0;0.0;0.0;0.0;0.0;0.0;0.0;1.0;3.0;1.0;0.0;4.0;3.0;0.0;1.0;1.0;5.0;7.0;9.0;2.0;5.0;1.0;0.0;2.0;9.0;22.0;6.0;6.0;3.0;0.0;0.0;3.0;3.0;11.0;3.0;7.0;4.0;0.0;0.0;0.0;0.0;1.0;2.0;2.0;3.0;0.0;0.0;1.0;6.0;11.0;7.0;4.0;2.0;0.0;0.0;0.0;3.0;0.0;0.0;0.0;0.0;0.0;0.0;2.0;3.0;2.0;0.0;0.0;0.0;0.0
risparm;0.0;0.0;0.0;0.0;0.0;2.0;0.0;0.0;0.0;0.0;1.0;0.0;1.0;0.0;0.0;0.0;0.0;0.0;1.0;4.0;9.0;10.0;4.0;1.0;0.0;0.0;1.0;3.0;3.0;3.0;3.0;3.0;0.0;0.0;2.0;0.0;5.0;0.0;3.0;0.0;0.0;2.0;0.0;3.0;4.0;6.0;2.0;0.0;0.0;0.0;2.0;1.0;3.0;1.0;2.0;0.0;0.0;0.0;0.0;1.0;1.0;1.0;0.0;1.0;0.0;0.0;0.0;0.0;1.0;1.0;0.0;1.0;0.0;0.0;0.0;1.0;0.0;0.0;0.0;0.0;0.0;0.0;0.0;0.0;0.0;0.0;0.0;0.0;0.0
sera;0.0;0.0;0.0;0.0;0.0;2.0;5.0;0.0;1.0;1.0;2.0;2.0;1.0;0.0;3.0;0.0;0.0;0.0;4.0;0.0;2.0;3.0;2.0;3.0;0.0;0.0;3.0;1.0;0.0;3.0;3.0;1.0;0.0;0.0;2.0;5.0;3.0;5.0;4.0;3.0;1.0;0.0;0.0;6.0;0.0;2.0;2.0;1.0;1.0;1.0;1.0;7.0;3.0;1.0;0.0;0.0;0.0;0.0;1.0;0.0;1.0;0.0;1.0;2.0;0.0;0.0;0.0;1.0;0.0;0.0;0.0;3.0;2.0;0.0;3.0;3.0;1.0;2.0;1.0;3.0;0.0;0.0;1.0;1.0;1.0;0.0;0.0;0.0;0.0
votiam;0.0;0.0;0.0;0.0;0.0;2.0;10.0;1.0;0.0;2.0;2.0;6.0;12.0;5.0;5.0;1.0;0.0;0.0;2.0;4.0;1.0;2.0;1.0;0.0;0.0;0.0;1.0;1.0;1.0;2.0;1.0;3.0;0.0;0.0;0.0;2.0;2.0;4.0;4.0;1.0;1.0;0.0;3.0;3.0;5.0;6.0;6.0;2.0;0.0;1.0;5.0;4.0;4.0;4.0;2.0;5.0;0.0;0.0;1.0;2.0;2.0;3.0;0.0;4.0;0.0;0.0;0.0;6.0;1.0;0.0;2.0;2.0;0.0;0.0;2.0;0.0;0.0;5.0;0.0;0.0;0.0;0.0;0.0;0.0;0.0;0.0;0.0;0.0;0.0
competenz;0.0;0.0;0.0;0.0;0.0;5.0;0.0;0.0;0.0;0.0;0.0;0.0;0.0;1.0;0.0;1.0;0.0;0.0;1.0;2.0;0.0;4.0;1.0;1.0;0.0;0.0;1.0;0.0;0.0;0.0;0.0;0.0;0.0;0.0;1.0;4.0;4.0;1.0;0.0;1.0;0.0;0.0;0.0;2.0;4.0;1.0;4.0;3.0;0.0;0.0;0.0;0.0;1.0;0.0;0.0;0.0;0.0;0.0;0.0;0.0;0.0;0.0;0.0;0.0;0.0;0.0;0.0;0.0;0.0;0.0;0.0;1.0;0.0;0.0;1.0;0.0;0.0;1.0;1.0;1.0;0.0;0.0;0.0;1.0;2.0;0.0;0.0;0.0;0.0
letter;0.0;0.0;0.0;0.0;0.0;0.0;1.0;0.0;0.0;0.0;0.0;0.0;0.0;0.0;0.0;0.0;0.0;0.0;0.0;1.0;7.0;3.0;1.0;0.0;0.0;0.0;1.0;0.0;6.0;2.0;0.0;0.0;1.0;0.0;0.0;2.0;2.0;0.0;1.0;2.0;0.0;0.0;1.0;4.0;1.0;11.0;0.0;0.0;0.0;0.0;0.0;0.0;0.0;2.0;5.0;2.0;1.0;2.0;0.0;2.0;0.0;1.0;1.0;1.0;0.0;0.0;2.0;0.0;0.0;0.0;0.0;0.0;1.0;0.0;2.0;0.0;1.0;0.0;0.0;2.0;0.0;0.0;0.0;0.0;0.0;0.0;0.0;0.0;0.0
comitat;0.0;0.0;0.0;0.0;0.0;7.0;1.0;1.0;0.0;0.0;0.0;2.0;2.0;1.0;0.0;0.0;0.0;0.0;0.0;0.0;0.0;7.0;0.0;0.0;1.0;0.0;0.0;1.0;0.0;0.0;1.0;0.0;0.0;0.0;0.0;0.0;0.0;1.0;0.0;0.0;0.0;0.0;1.0;3.0;1.0;1.0;3.0;0.0;0.0;0.0;3.0;1.0;0.0;1.0;1.0;2.0;0.0;0.0;0.0;0.0;2.0;0.0;1.0;0.0;0.0;0.0;0.0;1.0;1.0;2.0;2.0;2.0;0.0;0.0;1.0;1.0;0.0;0.0;0.0;0.0;0.0;0.0;0.0;0.0;0.0;0.0;0.0;0.0;0.0
lavoratoriperiln;0.0;0.0;0.0;0.0;0.0;97.0;1.0;0.0;0.0;0.0;0.0;0.0;0.0;0.0;0.0;0.0;0.0;0.0;0.0;1.0;0.0;120.0;0.0;0.0;0.0;0.0;0.0;0.0;0.0;0.0;0.0;0.0;0.0;0.0;0.0;0.0;1.0;0.0;0.0;0.0;0.0;0.0;0.0;32.0;40.0;5.0;42.0;0.0;0.0;0.0;2.0;28.0;15.0;6.0;1.0;0.0;0.0;0.0;0.0;0.0;0.0;0.0;0.0;0.0;0.0;1.0;1.0;0.0;0.0;0.0;0.0;0.0;0.0;0.0;0.0;0.0;0.0;0.0;0.0;0.0;0.0;0.0;0.0;0.0;0.0;0.0;0.0;0.0;0.0
arrivat;0.0;0.0;0.0;0.0;0.0;6.0;0.0;1.0;0.0;0.0;0.0;1.0;0.0;0.0;1.0;1.0;0.0;0.0;0.0;2.0;3.0;2.0;2.0;2.0;0.0;0.0;0.0;1.0;0.0;2.0;0.0;1.0;0.0;1.0;1.0;2.0;2.0;3.0;2.0;0.0;1.0;0.0;0.0;2.0;1.0;1.0;3.0;1.0;0.0;0.0;1.0;2.0;1.0;0.0;3.0;0.0;0.0;0.0;0.0;1.0;2.0;0.0;0.0;2.0;0.0;0.0;1.0;1.0;0.0;0.0;0.0;2.0;0.0;0.0;1.0;2.0;2.0;3.0;1.0;1.0;0.0;0.0;0.0;1.0;1.0;0.0;0.0;0.0;0.0
ilva;0.0;0.0;0.0;0.0;2.0;3.0;1.0;0.0;0.0;0.0;0.0;0.0;0.0;1.0;0.0;0.0;0.0;0.0;0.0;0.0;1.0;2.0;1.0;1.0;0.0;0.0;1.0;1.0;1.0;2.0;2.0;1.0;0.0;0.0;2.0;3.0;4.0;2.0;1.0;1.0;0.0;0.0;2.0;1.0;2.0;3.0;0.0;2.0;0.0;0.0;4.0;0.0;1.0;0.0;0.0;0.0;0.0;0.0;0.0;1.0;0.0;0.0;0.0;0.0;0.0;0.0;1.0;0.0;0.0;1.0;0.0;2.0;1.0;0.0;0.0;1.0;0.0;0.0;0.0;0.0;0.0;0.0;2.0;0.0;0.0;0.0;0.0;0.0;0.0
provinc;0.0;0.0;0.0;0.0;0.0;2.0;0.0;0.0;0.0;0.0;0.0;1.0;0.0;0.0;0.0;0.0;0.0;0.0;0.0;0.0;2.0;3.0;0.0;0.0;0.0;0.0;0.0;1.0;1.0;2.0;3.0;0.0;0.0;0.0;1.0;1.0;4.0;2.0;0.0;2.0;0.0;0.0;1.0;0.0;6.0;0.0;7.0;2.0;0.0;0.0;0.0;1.0;3.0;0.0;1.0;0.0;0.0;1.0;0.0;0.0;0.0;0.0;0.0;0.0;0.0;0.0;0.0;2.0;1.0;2.0;0.0;2.0;0.0;0.0;0.0;0.0;0.0;1.0;1.0;0.0;0.0;0.0;0.0;1.0;0.0;0.0;0.0;0.0;0.0
minut;0.0;0.0;0.0;0.0;0.0;0.0;0.0;1.0;0.0;0.0;0.0;1.0;2.0;0.0;0.0;0.0;0.0;0.0;0.0;0.0;3.0;0.0;0.0;3.0;1.0;0.0;1.0;2.0;2.0;6.0;2.0;1.0;0.0;0.0;0.0;4.0;1.0;3.0;2.0;1.0;0.0;0.0;0.0;2.0;1.0;1.0;4.0;2.0;0.0;0.0;0.0;2.0;0.0;1.0;2.0;2.0;0.0;0.0;0.0;0.0;1.0;0.0;1.0;2.0;0.0;0.0;0.0;0.0;0.0;0.0;0.0;2.0;2.0;0.0;3.0;0.0;1.0;1.0;0.0;0.0;0.0;0.0;0.0;1.0;0.0;0.0;0.0;0.0;0.0
milion;0.0;0.0;0.0;0.0;2.0;3.0;8.0;1.0;0.0;0.0;0.0;0.0;3.0;6.0;0.0;0.0;1.0;0.0;3.0;79.0;21.0;16.0;1.0;4.0;0.0;0.0;2.0;8.0;3.0;2.0;2.0;6.0;0.0;0.0;3.0;1.0;3.0;3.0;8.0;3.0;0.0;0.0;3.0;1.0;2.0;3.0;3.0;1.0;0.0;0.0;1.0;1.0;3.0;5.0;3.0;3.0;0.0;1.0;0.0;0.0;0.0;1.0;0.0;2.0;0.0;0.0;2.0;2.0;1.0;1.0;0.0;5.0;1.0;0.0;2.0;5.0;4.0;6.0;0.0;2.0;0.0;0.0;3.0;9.0;2.0;0.0;0.0;0.0;0.0
tappa;0.0;0.0;0.0;0.0;0.0;6.0;1.0;0.0;0.0;0.0;2.0;2.0;2.0;0.0;0.0;0.0;0.0;0.0;0.0;1.0;0.0;7.0;5.0;0.0;0.0;0.0;0.0;0.0;2.0;0.0;0.0;0.0;0.0;0.0;0.0;1.0;4.0;0.0;1.0;1.0;0.0;0.0;3.0;5.0;3.0;3.0;10.0;0.0;0.0;0.0;1.0;0.0;5.0;6.0;0.0;0.0;0.0;0.0;0.0;0.0;0.0;0.0;0.0;0.0;0.0;0.0;0.0;0.0;0.0;0.0;0.0;0.0;1.0;0.0;0.0;0.0;0.0;0.0;0.0;0.0;0.0;0.0;0.0;0.0;0.0;0.0;0.0;0.0;0.0
immigrat;0.0;0.0;0.0;0.0;0.0;3.0;0.0;0.0;0.0;0.0;0.0;0.0;0.0;1.0;0.0;0.0;0.0;0.0;0.0;0.0;3.0;0.0;3.0;4.0;0.0;0.0;3.0;4.0;0.0;0.0;0.0;0.0;0.0;0.0;0.0;0.0;0.0;1.0;2.0;1.0;0.0;0.0;0.0;0.0;2.0;0.0;2.0;1.0;0.0;0.0;0.0;3.0;0.0;1.0;1.0;1.0;0.0;1.0;0.0;1.0;1.0;0.0;1.0;2.0;0.0;0.0;0.0;0.0;0.0;0.0;0.0;0.0;0.0;0.0;1.0;0.0;2.0;2.0;2.0;0.0;0.0;0.0;0.0;1.0;1.0;0.0;0.0;0.0;0.0
novembr;0.0;0.0;0.0;0.0;0.0;3.0;0.0;0.0;0.0;0.0;1.0;2.0;3.0;3.0;0.0;0.0;0.0;0.0;0.0;2.0;1.0;0.0;1.0;4.0;0.0;1.0;0.0;1.0;1.0;2.0;1.0;0.0;1.0;0.0;0.0;6.0;5.0;4.0;1.0;0.0;0.0;0.0;0.0;1.0;0.0;2.0;0.0;1.0;0.0;0.0;0.0;0.0;1.0;1.0;0.0;0.0;0.0;0.0;0.0;0.0;0.0;0.0;0.0;0.0;0.0;0.0;0.0;0.0;0.0;0.0;1.0;1.0;0.0;0.0;0.0;0.0;0.0;0.0;0.0;0.0;0.0;0.0;0.0;0.0;0.0;0.0;0.0;0.0;0.0
luned;0.0;0.0;0.0;0.0;0.0;3.0;0.0;1.0;2.0;0.0;1.0;1.0;2.0;3.0;2.0;0.0;0.0;0.0;0.0;4.0;0.0;0.0;0.0;0.0;0.0;0.0;0.0;0.0;0.0;0.0;3.0;0.0;0.0;0.0;0.0;1.0;0.0;1.0;2.0;0.0;0.0;0.0;0.0;0.0;3.0;2.0;0.0;1.0;0.0;0.0;0.0;1.0;0.0;2.0;2.0;3.0;1.0;0.0;0.0;3.0;0.0;2.0;1.0;3.0;0.0;0.0;0.0;3.0;0.0;0.0;2.0;0.0;0.0;0.0;1.0;1.0;1.0;0.0;1.0;0.0;0.0;0.0;0.0;0.0;0.0;0.0;0.0;0.0;0.0
usare;0.0;0.0;0.0;0.0;0.0;4.0;1.0;1.0;1.0;0.0;0.0;0.0;0.0;0.0;6.0;1.0;1.0;0.0;1.0;1.0;0.0;0.0;0.0;0.0;0.0;0.0;1.0;0.0;6.0;0.0;3.0;1.0;0.0;0.0;0.0;0.0;3.0;2.0;2.0;0.0;0.0;0.0;1.0;4.0;0.0;1.0;0.0;0.0;1.0;1.0;0.0;2.0;3.0;1.0;1.0;0.0;0.0;0.0;0.0;2.0;0.0;0.0;0.0;0.0;0.0;0.0;0.0;0.0;0.0;0.0;0.0;1.0;3.0;0.0;1.0;0.0;0.0;2.0;0.0;0.0;0.0;0.0;0.0;1.0;1.0;0.0;0.0;0.0;0.0
leggi;0.0;0.0;0.0;0.0;0.0;8.0;4.0;1.0;0.0;0.0;2.0;7.0;7.0;5.0;0.0;0.0;0.0;0.0;0.0;3.0;6.0;15.0;3.0;3.0;1.0;0.0;3.0;1.0;1.0;1.0;3.0;1.0;0.0;0.0;0.0;2.0;6.0;7.0;3.0;2.0;0.0;0.0;0.0;6.0;5.0;4.0;5.0;1.0;0.0;1.0;0.0;0.0;5.0;3.0;4.0;0.0;0.0;0.0;1.0;1.0;2.0;0.0;1.0;1.0;0.0;0.0;1.0;2.0;2.0;0.0;1.0;4.0;2.0;0.0;1.0;1.0;3.0;3.0;1.0;2.0;0.0;0.0;0.0;2.0;1.0;0.0;0.0;0.0;0.0
panc;0.0;0.0;0.0;0.0;1.0;2.0;5.0;0.0;0.0;0.0;7.0;3.0;1.0;1.0;3.0;1.0;0.0;0.0;0.0;0.0;3.0;1.0;1.0;0.0;0.0;0.0;1.0;1.0;1.0;2.0;1.0;1.0;0.0;0.0;1.0;1.0;0.0;1.0;1.0;1.0;0.0;0.0;0.0;1.0;2.0;0.0;0.0;0.0;0.0;0.0;1.0;0.0;0.0;1.0;3.0;0.0;0.0;0.0;0.0;2.0;0.0;0.0;1.0;2.0;1.0;0.0;0.0;0.0;0.0;0.0;1.0;0.0;3.0;0.0;2.0;1.0;0.0;0.0;1.0;1.0;1.0;0.0;0.0;0.0;0.0;0.0;0.0;0.0;0.0
streaming;0.0;0.0;0.0;0.0;0.0;2.0;1.0;0.0;0.0;0.0;0.0;3.0;0.0;0.0;1.0;0.0;0.0;0.0;0.0;1.0;1.0;4.0;0.0;0.0;0.0;0.0;0.0;0.0;0.0;1.0;0.0;0.0;0.0;0.0;0.0;0.0;0.0;1.0;0.0;1.0;1.0;0.0;0.0;2.0;2.0;4.0;0.0;1.0;0.0;0.0;1.0;2.0;3.0;1.0;2.0;0.0;0.0;0.0;0.0;2.0;0.0;2.0;1.0;0.0;0.0;1.0;1.0;0.0;0.0;0.0;1.0;0.0;0.0;0.0;0.0;1.0;0.0;2.0;3.0;1.0;0.0;0.0;0.0;1.0;0.0;0.0;0.0;0.0;0.0
dirett;0.0;0.0;0.0;0.0;0.0;12.0;3.0;1.0;0.0;0.0;0.0;8.0;5.0;4.0;4.0;2.0;0.0;0.0;9.0;22.0;1.0;9.0;1.0;0.0;0.0;0.0;7.0;3.0;2.0;5.0;3.0;1.0;3.0;0.0;5.0;3.0;5.0;7.0;2.0;6.0;0.0;0.0;3.0;8.0;11.0;13.0;11.0;2.0;0.0;0.0;2.0;19.0;0.0;9.0;11.0;1.0;1.0;0.0;0.0;0.0;0.0;2.0;1.0;0.0;0.0;1.0;1.0;0.0;0.0;0.0;3.0;16.0;3.0;0.0;4.0;3.0;6.0;3.0;2.0;0.0;0.0;0.0;0.0;3.0;3.0;0.0;0.0;0.0;0.0
conferenz;0.0;0.0;0.0;0.0;0.0;1.0;0.0;0.0;0.0;0.0;1.0;1.0;0.0;0.0;0.0;1.0;0.0;0.0;0.0;0.0;1.0;3.0;0.0;1.0;0.0;0.0;0.0;1.0;1.0;0.0;1.0;1.0;0.0;0.0;2.0;7.0;0.0;2.0;4.0;0.0;0.0;0.0;1.0;6.0;0.0;2.0;0.0;0.0;0.0;0.0;0.0;1.0;4.0;2.0;0.0;1.0;0.0;0.0;0.0;0.0;0.0;0.0;0.0;0.0;0.0;0.0;0.0;0.0;0.0;0.0;0.0;5.0;2.0;0.0;1.0;0.0;0.0;0.0;0.0;0.0;0.0;0.0;0.0;0.0;0.0;0.0;0.0;0.0;0.0
gasparritour;0.0;0.0;0.0;0.0;1.0;5.0;2.0;1.0;2.0;0.0;1.0;3.0;0.0;3.0;0.0;0.0;0.0;0.0;2.0;0.0;0.0;1.0;4.0;2.0;0.0;0.0;2.0;0.0;1.0;0.0;1.0;2.0;1.0;0.0;1.0;2.0;2.0;1.0;0.0;5.0;0.0;0.0;2.0;0.0;3.0;4.0;0.0;0.0;0.0;0.0;0.0;2.0;1.0;0.0;0.0;2.0;0.0;0.0;0.0;0.0;0.0;0.0;0.0;0.0;0.0;0.0;0.0;0.0;1.0;0.0;0.0;0.0;0.0;1.0;0.0;0.0;0.0;0.0;0.0;0.0;0.0;0.0;0.0;0.0;0.0;0.0;0.0;0.0;0.0
giuliadivit;0.0;0.0;0.0;0.0;1.0;6.0;26.0;13.0;0.0;0.0;10.0;9.0;6.0;6.0;2.0;1.0;0.0;0.0;0.0;11.0;45.0;31.0;36.0;67.0;12.0;3.0;33.0;34.0;27.0;21.0;32.0;8.0;1.0;0.0;16.0;18.0;10.0;5.0;8.0;7.0;0.0;0.0;2.0;5.0;6.0;34.0;33.0;13.0;1.0;2.0;22.0;36.0;14.0;16.0;8.0;6.0;1.0;1.0;5.0;3.0;7.0;3.0;11.0;1.0;0.0;0.0;2.0;3.0;0.0;1.0;0.0;2.0;7.0;1.0;2.0;5.0;15.0;10.0;6.0;1.0;0.0;0.0;3.0;2.0;11.0;0.0;0.0;0.0;0.0
tarant;0.0;0.0;0.0;0.0;0.0;0.0;0.0;0.0;0.0;0.0;1.0;0.0;1.0;3.0;3.0;1.0;0.0;0.0;0.0;3.0;4.0;6.0;6.0;4.0;1.0;0.0;2.0;3.0;4.0;8.0;2.0;4.0;2.0;0.0;3.0;3.0;4.0;1.0;3.0;3.0;0.0;0.0;3.0;4.0;3.0;0.0;0.0;4.0;0.0;0.0;4.0;1.0;0.0;2.0;4.0;4.0;0.0;0.0;1.0;0.0;0.0;0.0;1.0;1.0;1.0;0.0;1.0;0.0;1.0;0.0;3.0;2.0;3.0;0.0;0.0;1.0;0.0;0.0;2.0;1.0;0.0;0.0;1.0;0.0;1.0;0.0;0.0;0.0;0.0
argoment;0.0;0.0;0.0;0.0;1.0;0.0;1.0;0.0;1.0;0.0;0.0;1.0;2.0;1.0;0.0;0.0;0.0;0.0;1.0;1.0;2.0;1.0;0.0;2.0;0.0;0.0;0.0;0.0;0.0;3.0;0.0;4.0;2.0;0.0;0.0;2.0;3.0;2.0;3.0;1.0;0.0;0.0;0.0;4.0;1.0;3.0;0.0;0.0;0.0;0.0;0.0;3.0;1.0;0.0;1.0;0.0;0.0;0.0;0.0;0.0;0.0;2.0;0.0;0.0;0.0;0.0;0.0;0.0;0.0;0.0;0.0;0.0;1.0;0.0;2.0;0.0;1.0;0.0;0.0;1.0;0.0;0.0;0.0;1.0;1.0;0.0;0.0;0.0;0.0
elett;0.0;0.0;0.0;0.0;0.0;2.0;3.0;0.0;0.0;0.0;1.0;3.0;7.0;3.0;1.0;2.0;0.0;0.0;0.0;6.0;7.0;6.0;3.0;2.0;0.0;0.0;3.0;1.0;4.0;5.0;3.0;8.0;1.0;0.0;5.0;17.0;34.0;19.0;6.0;2.0;1.0;0.0;3.0;4.0;7.0;2.0;10.0;9.0;0.0;0.0;4.0;1.0;4.0;3.0;5.0;7.0;0.0;0.0;1.0;3.0;1.0;0.0;0.0;1.0;0.0;1.0;0.0;0.0;0.0;0.0;0.0;5.0;3.0;1.0;4.0;4.0;3.0;4.0;3.0;0.0;1.0;0.0;0.0;5.0;4.0;0.0;0.0;0.0;0.0
berenic;0.0;0.0;0.0;0.0;0.0;5.0;1.0;1.0;0.0;0.0;0.0;0.0;0.0;0.0;1.0;0.0;0.0;0.0;0.0;1.0;1.0;1.0;0.0;1.0;0.0;0.0;2.0;3.0;2.0;1.0;1.0;1.0;0.0;0.0;0.0;0.0;2.0;2.0;2.0;0.0;0.0;0.0;0.0;1.0;4.0;3.0;2.0;0.0;0.0;0.0;0.0;2.0;1.0;2.0;0.0;2.0;0.0;0.0;0.0;0.0;2.0;1.0;5.0;1.0;0.0;0.0;0.0;0.0;0.0;0.0;0.0;0.0;0.0;0.0;1.0;0.0;1.0;0.0;0.0;0.0;0.0;0.0;0.0;0.0;0.0;0.0;0.0;0.0;0.0
mssenat;0.0;0.0;0.0;0.0;1.0;2.0;2.0;1.0;0.0;0.0;3.0;0.0;0.0;0.0;0.0;0.0;0.0;0.0;2.0;3.0;7.0;10.0;10.0;7.0;1.0;0.0;1.0;4.0;1.0;2.0;1.0;0.0;0.0;0.0;1.0;0.0;0.0;1.0;1.0;0.0;0.0;0.0;3.0;6.0;3.0;4.0;1.0;0.0;2.0;0.0;0.0;5.0;2.0;2.0;3.0;0.0;1.0;0.0;0.0;0.0;0.0;0.0;0.0;0.0;0.0;0.0;0.0;0.0;0.0;1.0;0.0;1.0;0.0;0.0;1.0;0.0;0.0;0.0;2.0;0.0;0.0;0.0;1.0;4.0;0.0;0.0;0.0;0.0;0.0
art;0.0;0.0;0.0;0.0;0.0;7.0;1.0;0.0;0.0;0.0;2.0;1.0;0.0;2.0;0.0;0.0;0.0;0.0;0.0;0.0;0.0;3.0;0.0;1.0;0.0;0.0;0.0;1.0;0.0;3.0;4.0;4.0;0.0;0.0;1.0;3.0;2.0;0.0;0.0;1.0;0.0;0.0;0.0;5.0;2.0;4.0;2.0;0.0;0.0;0.0;1.0;0.0;0.0;0.0;0.0;0.0;0.0;0.0;1.0;0.0;1.0;0.0;1.0;0.0;0.0;0.0;0.0;0.0;0.0;0.0;1.0;0.0;0.0;0.0;0.0;2.0;0.0;2.0;3.0;0.0;0.0;0.0;0.0;0.0;0.0;0.0;0.0;0.0;0.0
emilian;0.0;0.0;0.0;0.0;0.0;1.0;1.0;1.0;1.0;0.0;2.0;0.0;1.0;1.0;1.0;1.0;0.0;0.0;0.0;0.0;3.0;1.0;1.0;3.0;0.0;0.0;2.0;2.0;1.0;0.0;0.0;3.0;0.0;1.0;0.0;4.0;4.0;0.0;0.0;2.0;0.0;0.0;2.0;0.0;4.0;0.0;0.0;0.0;1.0;0.0;2.0;0.0;2.0;1.0;6.0;5.0;0.0;0.0;1.0;0.0;0.0;0.0;0.0;0.0;1.0;0.0;0.0;2.0;0.0;1.0;8.0;2.0;0.0;0.0;0.0;3.0;0.0;0.0;1.0;2.0;1.0;0.0;0.0;0.0;0.0;0.0;0.0;0.0;0.0
condivid;0.0;0.0;0.0;0.0;0.0;2.0;1.0;0.0;0.0;0.0;2.0;1.0;0.0;0.0;1.0;0.0;0.0;0.0;0.0;1.0;1.0;0.0;1.0;0.0;0.0;0.0;0.0;4.0;1.0;4.0;1.0;1.0;1.0;0.0;4.0;1.0;1.0;4.0;4.0;0.0;0.0;1.0;0.0;0.0;0.0;0.0;0.0;0.0;0.0;0.0;1.0;0.0;1.0;1.0;0.0;3.0;0.0;0.0;0.0;0.0;1.0;1.0;1.0;2.0;0.0;0.0;0.0;0.0;0.0;0.0;0.0;0.0;0.0;0.0;1.0;1.0;1.0;3.0;3.0;1.0;0.0;0.0;0.0;0.0;1.0;0.0;0.0;0.0;0.0
immunit;0.0;0.0;0.0;0.0;0.0;3.0;0.0;0.0;1.0;0.0;1.0;0.0;0.0;1.0;0.0;0.0;0.0;0.0;0.0;0.0;0.0;0.0;0.0;0.0;1.0;0.0;0.0;0.0;10.0;6.0;2.0;3.0;1.0;0.0;2.0;1.0;1.0;2.0;0.0;0.0;1.0;0.0;1.0;0.0;2.0;0.0;2.0;2.0;0.0;0.0;2.0;2.0;1.0;1.0;0.0;3.0;0.0;0.0;2.0;0.0;0.0;0.0;0.0;0.0;0.0;0.0;0.0;0.0;0.0;0.0;0.0;0.0;1.0;0.0;0.0;0.0;1.0;0.0;0.0;0.0;0.0;0.0;0.0;0.0;0.0;0.0;0.0;0.0;0.0
centr;0.0;0.0;0.0;0.0;1.0;4.0;4.0;2.0;1.0;0.0;1.0;2.0;1.0;4.0;2.0;5.0;0.0;0.0;1.0;4.0;1.0;5.0;3.0;6.0;0.0;0.0;5.0;0.0;2.0;1.0;4.0;3.0;1.0;0.0;5.0;0.0;0.0;0.0;6.0;1.0;0.0;2.0;1.0;5.0;2.0;22.0;1.0;1.0;0.0;1.0;2.0;3.0;4.0;2.0;5.0;0.0;0.0;1.0;0.0;1.0;0.0;1.0;0.0;1.0;0.0;0.0;0.0;0.0;0.0;0.0;0.0;2.0;4.0;0.0;3.0;9.0;3.0;3.0;4.0;3.0;0.0;0.0;1.0;0.0;6.0;0.0;0.0;0.0;0.0
nonleggerl;0.0;0.0;0.0;0.0;0.0;8.0;1.0;0.0;0.0;0.0;0.0;0.0;0.0;0.0;0.0;0.0;0.0;0.0;0.0;0.0;0.0;0.0;0.0;0.0;0.0;0.0;0.0;0.0;0.0;0.0;3.0;0.0;0.0;0.0;3.0;0.0;0.0;0.0;1.0;9.0;2.0;0.0;1.0;3.0;8.0;0.0;0.0;0.0;0.0;0.0;0.0;0.0;0.0;0.0;0.0;2.0;0.0;0.0;0.0;2.0;0.0;2.0;10.0;1.0;0.0;0.0;0.0;0.0;0.0;0.0;0.0;16.0;2.0;0.0;0.0;0.0;1.0;0.0;0.0;0.0;0.0;0.0;0.0;0.0;0.0;0.0;0.0;0.0;0.0
veron;0.0;0.0;0.0;0.0;0.0;24.0;2.0;0.0;0.0;0.0;1.0;1.0;0.0;0.0;2.0;0.0;0.0;0.0;2.0;2.0;2.0;1.0;1.0;0.0;0.0;0.0;0.0;0.0;0.0;1.0;0.0;0.0;0.0;0.0;0.0;0.0;0.0;0.0;0.0;0.0;0.0;0.0;0.0;0.0;0.0;10.0;0.0;2.0;0.0;0.0;1.0;0.0;0.0;1.0;0.0;0.0;0.0;0.0;1.0;0.0;0.0;0.0;0.0;2.0;0.0;0.0;0.0;0.0;0.0;0.0;0.0;0.0;0.0;0.0;0.0;0.0;0.0;0.0;0.0;0.0;0.0;0.0;0.0;0.0;0.0;0.0;0.0;0.0;0.0
intervent;0.0;0.0;0.0;0.0;0.0;0.0;1.0;1.0;0.0;0.0;1.0;3.0;1.0;0.0;1.0;1.0;0.0;0.0;1.0;0.0;1.0;2.0;2.0;3.0;0.0;1.0;0.0;2.0;3.0;2.0;3.0;1.0;0.0;1.0;3.0;2.0;0.0;0.0;4.0;0.0;1.0;0.0;1.0;3.0;2.0;1.0;3.0;0.0;0.0;0.0;1.0;1.0;1.0;1.0;4.0;3.0;0.0;0.0;1.0;2.0;0.0;1.0;1.0;2.0;0.0;0.0;0.0;0.0;1.0;0.0;1.0;0.0;3.0;0.0;0.0;1.0;1.0;3.0;0.0;0.0;2.0;0.0;0.0;0.0;1.0;0.0;0.0;0.0;0.0
tour;0.0;0.0;0.0;0.0;0.0;1.0;3.0;2.0;0.0;0.0;3.0;2.0;1.0;2.0;4.0;0.0;0.0;0.0;0.0;1.0;4.0;1.0;2.0;1.0;1.0;0.0;0.0;4.0;1.0;1.0;5.0;2.0;0.0;0.0;1.0;5.0;2.0;3.0;1.0;0.0;0.0;0.0;1.0;7.0;3.0;3.0;0.0;4.0;1.0;0.0;0.0;2.0;1.0;3.0;2.0;3.0;0.0;0.0;0.0;0.0;0.0;0.0;1.0;0.0;0.0;0.0;0.0;0.0;0.0;0.0;0.0;0.0;0.0;0.0;0.0;1.0;0.0;2.0;0.0;0.0;0.0;0.0;0.0;0.0;0.0;0.0;0.0;0.0;0.0
n;0.0;0.0;0.0;0.0;0.0;3.0;1.0;1.0;0.0;0.0;1.0;0.0;0.0;0.0;2.0;0.0;0.0;0.0;1.0;0.0;2.0;7.0;0.0;1.0;0.0;0.0;2.0;1.0;2.0;2.0;2.0;3.0;0.0;0.0;0.0;0.0;1.0;0.0;0.0;0.0;0.0;0.0;1.0;0.0;0.0;2.0;1.0;1.0;0.0;0.0;0.0;0.0;3.0;1.0;0.0;1.0;0.0;0.0;0.0;0.0;0.0;0.0;0.0;1.0;0.0;0.0;0.0;1.0;0.0;0.0;0.0;0.0;0.0;0.0;2.0;1.0;1.0;2.0;0.0;0.0;1.0;0.0;0.0;0.0;5.0;0.0;0.0;0.0;0.0
dicon;0.0;0.0;0.0;0.0;0.0;6.0;2.0;1.0;1.0;0.0;0.0;1.0;1.0;0.0;4.0;0.0;0.0;0.0;1.0;9.0;1.0;8.0;6.0;1.0;0.0;1.0;0.0;3.0;8.0;1.0;5.0;3.0;0.0;0.0;0.0;2.0;4.0;3.0;1.0;2.0;0.0;0.0;3.0;2.0;3.0;1.0;3.0;0.0;0.0;0.0;0.0;1.0;4.0;1.0;1.0;1.0;0.0;0.0;0.0;4.0;0.0;3.0;0.0;1.0;0.0;0.0;0.0;1.0;1.0;2.0;0.0;0.0;0.0;0.0;0.0;2.0;1.0;1.0;3.0;3.0;0.0;0.0;0.0;1.0;1.0;0.0;0.0;0.0;0.0
tg;0.0;0.0;0.0;0.0;0.0;1.0;2.0;3.0;0.0;0.0;2.0;1.0;1.0;0.0;3.0;1.0;0.0;0.0;0.0;1.0;5.0;2.0;3.0;3.0;0.0;1.0;0.0;2.0;2.0;0.0;3.0;0.0;0.0;0.0;0.0;1.0;1.0;2.0;4.0;5.0;3.0;0.0;0.0;0.0;1.0;1.0;4.0;0.0;0.0;0.0;1.0;0.0;1.0;0.0;0.0;0.0;0.0;0.0;0.0;0.0;0.0;0.0;0.0;0.0;0.0;0.0;0.0;0.0;0.0;0.0;2.0;8.0;0.0;0.0;2.0;1.0;1.0;2.0;1.0;1.0;0.0;0.0;0.0;0.0;1.0;0.0;0.0;0.0;0.0
spese;0.0;0.0;0.0;0.0;0.0;3.0;3.0;0.0;0.0;0.0;0.0;0.0;0.0;0.0;1.0;1.0;0.0;0.0;0.0;3.0;0.0;4.0;2.0;3.0;0.0;0.0;1.0;3.0;0.0;0.0;1.0;1.0;0.0;0.0;2.0;0.0;2.0;1.0;2.0;0.0;0.0;0.0;0.0;0.0;2.0;4.0;5.0;1.0;0.0;0.0;0.0;0.0;2.0;3.0;4.0;1.0;0.0;0.0;1.0;0.0;2.0;0.0;1.0;0.0;0.0;0.0;1.0;0.0;0.0;0.0;0.0;1.0;3.0;1.0;3.0;2.0;1.0;0.0;2.0;0.0;0.0;0.0;0.0;1.0;3.0;0.0;0.0;0.0;0.0
t;0.0;0.0;0.0;0.0;0.0;3.0;2.0;0.0;0.0;0.0;0.0;1.0;5.0;3.0;2.0;4.0;0.0;0.0;2.0;6.0;2.0;8.0;5.0;1.0;0.0;0.0;0.0;2.0;4.0;3.0;2.0;2.0;1.0;0.0;1.0;0.0;0.0;2.0;5.0;0.0;0.0;0.0;3.0;2.0;3.0;5.0;0.0;1.0;0.0;0.0;0.0;2.0;2.0;1.0;2.0;2.0;0.0;0.0;0.0;1.0;1.0;0.0;0.0;5.0;0.0;0.0;0.0;1.0;1.0;1.0;0.0;1.0;0.0;1.0;2.0;1.0;1.0;2.0;0.0;3.0;0.0;0.0;0.0;0.0;5.0;0.0;0.0;0.0;0.0
indecis;0.0;0.0;0.0;0.0;1.0;1.0;1.0;0.0;0.0;0.0;1.0;2.0;1.0;1.0;1.0;0.0;0.0;0.0;2.0;3.0;2.0;1.0;0.0;1.0;0.0;0.0;0.0;0.0;1.0;0.0;3.0;0.0;2.0;0.0;1.0;3.0;8.0;2.0;0.0;1.0;0.0;0.0;2.0;7.0;3.0;3.0;6.0;1.0;0.0;0.0;1.0;1.0;7.0;1.0;4.0;4.0;1.0;0.0;1.0;3.0;3.0;0.0;2.0;1.0;0.0;0.0;0.0;3.0;2.0;3.0;0.0;0.0;0.0;0.0;0.0;0.0;0.0;0.0;0.0;0.0;0.0;0.0;0.0;1.0;0.0;0.0;0.0;0.0;0.0
spiegar;0.0;0.0;0.0;0.0;2.0;4.0;4.0;0.0;0.0;0.0;1.0;1.0;2.0;2.0;1.0;1.0;0.0;0.0;0.0;1.0;2.0;10.0;0.0;1.0;1.0;1.0;0.0;1.0;0.0;5.0;1.0;1.0;0.0;0.0;2.0;2.0;1.0;3.0;0.0;1.0;0.0;0.0;0.0;3.0;1.0;2.0;0.0;0.0;1.0;0.0;1.0;1.0;3.0;1.0;1.0;1.0;0.0;0.0;0.0;1.0;1.0;2.0;5.0;1.0;0.0;1.0;0.0;1.0;0.0;0.0;0.0;2.0;0.0;0.0;1.0;0.0;0.0;1.0;1.0;0.0;0.0;0.0;0.0;0.0;1.0;0.0;0.0;0.0;0.0
convint;0.0;0.0;0.0;0.0;0.0;3.0;2.0;0.0;0.0;0.0;1.0;3.0;4.0;3.0;2.0;0.0;0.0;0.0;0.0;3.0;0.0;6.0;4.0;3.0;1.0;0.0;2.0;1.0;1.0;1.0;4.0;1.0;1.0;0.0;0.0;0.0;2.0;2.0;4.0;1.0;0.0;0.0;0.0;1.0;0.0;2.0;1.0;2.0;0.0;0.0;0.0;1.0;1.0;1.0;0.0;2.0;0.0;0.0;1.0;1.0;0.0;2.0;1.0;2.0;0.0;0.0;0.0;3.0;0.0;5.0;2.0;2.0;0.0;0.0;0.0;2.0;0.0;1.0;1.0;2.0;0.0;0.0;0.0;1.0;2.0;0.0;0.0;0.0;0.0
bilanc;0.0;0.0;0.0;0.0;0.0;0.0;0.0;0.0;0.0;0.0;1.0;1.0;2.0;1.0;1.0;0.0;0.0;0.0;1.0;0.0;3.0;9.0;4.0;1.0;0.0;0.0;0.0;0.0;2.0;1.0;0.0;1.0;0.0;0.0;0.0;2.0;0.0;3.0;8.0;1.0;0.0;0.0;0.0;0.0;8.0;6.0;2.0;1.0;0.0;0.0;3.0;1.0;4.0;2.0;0.0;1.0;0.0;0.0;0.0;0.0;0.0;0.0;0.0;0.0;0.0;0.0;0.0;0.0;0.0;0.0;0.0;2.0;1.0;1.0;0.0;0.0;1.0;1.0;2.0;0.0;0.0;0.0;1.0;2.0;1.0;0.0;0.0;0.0;0.0
rimbors;0.0;0.0;0.0;0.0;0.0;1.0;2.0;0.0;0.0;0.0;0.0;1.0;1.0;1.0;4.0;2.0;0.0;0.0;0.0;8.0;6.0;2.0;2.0;0.0;0.0;0.0;0.0;1.0;1.0;0.0;1.0;1.0;0.0;0.0;1.0;1.0;0.0;3.0;4.0;1.0;0.0;0.0;0.0;0.0;3.0;1.0;0.0;0.0;0.0;0.0;0.0;0.0;5.0;1.0;3.0;0.0;0.0;0.0;0.0;0.0;0.0;0.0;1.0;1.0;3.0;0.0;0.0;0.0;0.0;0.0;0.0;0.0;0.0;0.0;0.0;0.0;0.0;0.0;0.0;0.0;0.0;0.0;0.0;0.0;1.0;0.0;0.0;0.0;0.0
roman;0.0;0.0;0.0;0.0;0.0;13.0;5.0;5.0;0.0;0.0;3.0;1.0;1.0;1.0;2.0;0.0;0.0;0.0;1.0;1.0;1.0;5.0;2.0;1.0;0.0;0.0;1.0;0.0;1.0;4.0;1.0;0.0;0.0;1.0;2.0;1.0;2.0;2.0;0.0;1.0;0.0;0.0;0.0;0.0;2.0;6.0;1.0;0.0;0.0;0.0;0.0;2.0;2.0;2.0;1.0;0.0;0.0;0.0;1.0;0.0;0.0;1.0;0.0;0.0;0.0;0.0;1.0;1.0;2.0;0.0;0.0;2.0;1.0;0.0;2.0;1.0;5.0;4.0;0.0;3.0;0.0;0.0;0.0;1.0;0.0;0.0;0.0;0.0;0.0
confront;0.0;0.0;0.0;0.0;1.0;7.0;1.0;0.0;0.0;0.0;0.0;1.0;2.0;1.0;3.0;3.0;1.0;0.0;1.0;0.0;2.0;7.0;4.0;0.0;1.0;0.0;3.0;1.0;1.0;2.0;3.0;1.0;1.0;0.0;1.0;0.0;2.0;5.0;4.0;1.0;0.0;0.0;0.0;1.0;3.0;10.0;5.0;2.0;0.0;0.0;3.0;21.0;7.0;5.0;4.0;2.0;0.0;0.0;3.0;2.0;2.0;2.0;0.0;1.0;0.0;0.0;0.0;0.0;0.0;1.0;0.0;0.0;0.0;0.0;0.0;1.0;0.0;5.0;3.0;1.0;0.0;1.0;0.0;2.0;2.0;0.0;0.0;0.0;0.0
immagin;0.0;0.0;0.0;0.0;0.0;4.0;1.0;2.0;0.0;0.0;1.0;1.0;0.0;0.0;1.0;0.0;0.0;0.0;1.0;0.0;2.0;0.0;1.0;0.0;0.0;0.0;1.0;0.0;2.0;2.0;4.0;0.0;0.0;0.0;0.0;3.0;1.0;0.0;0.0;0.0;0.0;0.0;1.0;3.0;3.0;0.0;1.0;0.0;0.0;0.0;1.0;2.0;3.0;1.0;0.0;0.0;1.0;1.0;0.0;0.0;1.0;0.0;0.0;0.0;0.0;0.0;1.0;0.0;1.0;0.0;0.0;1.0;1.0;0.0;5.0;1.0;0.0;0.0;2.0;0.0;0.0;0.0;1.0;2.0;2.0;0.0;0.0;0.0;0.0
sanit;0.0;0.0;0.0;0.0;0.0;3.0;2.0;0.0;0.0;0.0;1.0;1.0;0.0;0.0;0.0;0.0;0.0;0.0;0.0;1.0;0.0;16.0;2.0;2.0;0.0;0.0;1.0;5.0;1.0;3.0;6.0;0.0;0.0;0.0;0.0;2.0;2.0;2.0;1.0;1.0;0.0;0.0;1.0;2.0;2.0;2.0;0.0;0.0;1.0;0.0;1.0;3.0;2.0;0.0;0.0;2.0;0.0;0.0;0.0;0.0;0.0;2.0;1.0;1.0;0.0;0.0;0.0;1.0;0.0;0.0;0.0;1.0;1.0;0.0;0.0;0.0;0.0;0.0;0.0;1.0;1.0;0.0;0.0;3.0;0.0;0.0;0.0;0.0;0.0
movstell;0.0;0.0;0.0;0.0;4.0;12.0;15.0;3.0;1.0;0.0;1.0;6.0;8.0;10.0;3.0;3.0;0.0;0.0;2.0;9.0;18.0;5.0;3.0;4.0;3.0;1.0;21.0;22.0;22.0;10.0;7.0;1.0;0.0;0.0;4.0;2.0;1.0;10.0;5.0;0.0;1.0;1.0;3.0;13.0;14.0;10.0;12.0;0.0;2.0;0.0;0.0;9.0;11.0;11.0;21.0;11.0;0.0;0.0;2.0;8.0;10.0;4.0;7.0;2.0;0.0;0.0;0.0;6.0;2.0;0.0;2.0;4.0;17.0;2.0;11.0;8.0;7.0;2.0;3.0;0.0;0.0;2.0;3.0;2.0;1.0;0.0;0.0;0.0;0.0
motiv;0.0;0.0;0.0;0.0;1.0;3.0;2.0;1.0;0.0;0.0;2.0;0.0;2.0;1.0;0.0;1.0;0.0;0.0;2.0;3.0;3.0;5.0;2.0;0.0;0.0;0.0;1.0;3.0;1.0;5.0;6.0;3.0;0.0;0.0;0.0;2.0;3.0;4.0;4.0;1.0;0.0;0.0;2.0;4.0;3.0;1.0;0.0;1.0;0.0;1.0;3.0;5.0;1.0;1.0;2.0;3.0;0.0;0.0;1.0;4.0;2.0;0.0;1.0;0.0;0.0;0.0;0.0;1.0;1.0;2.0;1.0;1.0;1.0;0.0;0.0;0.0;1.0;3.0;1.0;1.0;0.0;0.0;0.0;0.0;2.0;0.0;0.0;0.0;0.0
donne;0.0;0.0;0.0;0.0;2.0;10.0;7.0;8.0;3.0;0.0;3.0;7.0;4.0;2.0;1.0;6.0;0.0;0.0;0.0;0.0;1.0;0.0;1.0;0.0;0.0;0.0;0.0;0.0;1.0;3.0;1.0;0.0;0.0;0.0;0.0;0.0;2.0;0.0;1.0;1.0;0.0;0.0;0.0;0.0;0.0;0.0;17.0;2.0;0.0;0.0;0.0;1.0;2.0;3.0;2.0;0.0;0.0;0.0;0.0;0.0;1.0;0.0;0.0;0.0;0.0;1.0;0.0;0.0;0.0;1.0;2.0;1.0;0.0;0.0;2.0;2.0;0.0;1.0;2.0;0.0;0.0;0.0;0.0;0.0;1.0;0.0;0.0;0.0;0.0
ue;0.0;0.0;0.0;0.0;0.0;3.0;0.0;0.0;0.0;0.0;0.0;2.0;3.0;5.0;0.0;0.0;0.0;0.0;0.0;0.0;0.0;1.0;0.0;2.0;0.0;0.0;0.0;2.0;2.0;2.0;1.0;1.0;0.0;0.0;1.0;3.0;5.0;4.0;1.0;0.0;0.0;0.0;0.0;3.0;3.0;0.0;3.0;0.0;0.0;0.0;0.0;0.0;0.0;2.0;0.0;0.0;0.0;0.0;0.0;1.0;1.0;1.0;0.0;0.0;0.0;0.0;0.0;0.0;0.0;0.0;0.0;3.0;2.0;0.0;1.0;1.0;1.0;1.0;0.0;0.0;0.0;0.0;0.0;1.0;1.0;0.0;0.0;0.0;0.0
verso;0.0;0.0;0.0;0.0;0.0;3.0;1.0;0.0;0.0;0.0;0.0;1.0;2.0;1.0;0.0;1.0;0.0;0.0;1.0;1.0;2.0;2.0;4.0;3.0;0.0;0.0;1.0;1.0;1.0;2.0;5.0;0.0;0.0;0.0;0.0;0.0;4.0;0.0;4.0;0.0;0.0;0.0;0.0;4.0;10.0;1.0;4.0;1.0;0.0;0.0;1.0;4.0;1.0;3.0;1.0;0.0;0.0;0.0;0.0;1.0;0.0;1.0;0.0;1.0;0.0;0.0;0.0;0.0;0.0;0.0;1.0;2.0;4.0;1.0;2.0;2.0;0.0;3.0;0.0;2.0;0.0;0.0;2.0;2.0;1.0;0.0;0.0;0.0;0.0
pubblic;0.0;0.0;0.0;0.0;0.0;6.0;4.0;3.0;2.0;0.0;2.0;3.0;5.0;1.0;0.0;0.0;0.0;0.0;1.0;3.0;8.0;2.0;3.0;4.0;1.0;0.0;2.0;1.0;3.0;0.0;6.0;3.0;1.0;0.0;3.0;3.0;1.0;4.0;9.0;4.0;0.0;0.0;0.0;7.0;4.0;10.0;5.0;1.0;1.0;0.0;5.0;4.0;5.0;4.0;3.0;3.0;0.0;0.0;1.0;0.0;0.0;1.0;1.0;0.0;0.0;0.0;0.0;2.0;1.0;0.0;1.0;4.0;5.0;0.0;4.0;4.0;4.0;2.0;0.0;3.0;0.0;0.0;3.0;1.0;4.0;0.0;0.0;0.0;0.0
luca;0.0;0.0;0.0;0.0;2.0;1.0;1.0;3.0;0.0;0.0;0.0;0.0;2.0;1.0;1.0;1.0;0.0;0.0;0.0;1.0;3.0;0.0;1.0;1.0;1.0;0.0;1.0;1.0;0.0;3.0;1.0;1.0;0.0;0.0;0.0;1.0;2.0;3.0;2.0;2.0;0.0;0.0;0.0;1.0;1.0;2.0;0.0;1.0;1.0;0.0;0.0;4.0;0.0;0.0;2.0;2.0;0.0;0.0;0.0;0.0;0.0;0.0;0.0;0.0;0.0;0.0;0.0;0.0;0.0;0.0;1.0;0.0;1.0;0.0;1.0;3.0;0.0;1.0;1.0;0.0;0.0;0.0;2.0;0.0;1.0;0.0;0.0;0.0;0.0
sindac;0.0;0.0;0.0;0.0;3.0;28.0;15.0;13.0;5.0;2.0;11.0;15.0;19.0;5.0;12.0;3.0;0.0;0.0;7.0;5.0;7.0;26.0;11.0;3.0;0.0;0.0;1.0;1.0;4.0;6.0;6.0;5.0;0.0;1.0;8.0;7.0;9.0;14.0;7.0;3.0;2.0;0.0;8.0;5.0;9.0;11.0;15.0;7.0;2.0;1.0;6.0;12.0;6.0;12.0;16.0;18.0;2.0;2.0;2.0;3.0;9.0;3.0;9.0;4.0;0.0;0.0;4.0;2.0;2.0;5.0;1.0;4.0;4.0;3.0;22.0;8.0;7.0;4.0;4.0;6.0;0.0;0.0;3.0;2.0;4.0;0.0;0.0;0.0;0.0
togl;0.0;0.0;0.0;0.0;0.0;3.0;2.0;0.0;0.0;0.0;2.0;1.0;1.0;0.0;0.0;0.0;0.0;0.0;0.0;0.0;0.0;6.0;2.0;0.0;0.0;0.0;1.0;0.0;0.0;0.0;1.0;0.0;3.0;0.0;2.0;0.0;1.0;0.0;1.0;0.0;0.0;0.0;0.0;5.0;3.0;1.0;5.0;2.0;0.0;0.0;1.0;0.0;1.0;1.0;1.0;0.0;0.0;0.0;0.0;1.0;0.0;0.0;0.0;0.0;0.0;0.0;0.0;0.0;0.0;0.0;0.0;0.0;1.0;0.0;1.0;0.0;0.0;0.0;0.0;0.0;0.0;0.0;1.0;1.0;0.0;0.0;0.0;0.0;0.0
vengon;0.0;0.0;0.0;0.0;0.0;2.0;0.0;3.0;0.0;0.0;0.0;0.0;0.0;1.0;4.0;0.0;0.0;0.0;0.0;1.0;3.0;3.0;0.0;2.0;0.0;0.0;0.0;0.0;2.0;2.0;1.0;0.0;1.0;0.0;0.0;1.0;0.0;0.0;0.0;0.0;0.0;0.0;1.0;3.0;2.0;3.0;8.0;0.0;0.0;0.0;2.0;1.0;2.0;0.0;0.0;1.0;0.0;0.0;1.0;0.0;2.0;0.0;3.0;1.0;1.0;0.0;0.0;0.0;0.0;1.0;0.0;1.0;1.0;0.0;1.0;2.0;1.0;0.0;0.0;0.0;0.0;0.0;0.0;0.0;0.0;0.0;0.0;0.0;0.0
costi;0.0;0.0;0.0;0.0;0.0;2.0;0.0;0.0;0.0;0.0;1.0;5.0;2.0;3.0;0.0;1.0;0.0;0.0;0.0;5.0;3.0;9.0;0.0;0.0;0.0;0.0;1.0;0.0;5.0;3.0;4.0;0.0;1.0;0.0;2.0;0.0;1.0;2.0;7.0;0.0;0.0;0.0;5.0;2.0;1.0;2.0;0.0;4.0;0.0;0.0;0.0;0.0;5.0;0.0;2.0;0.0;0.0;0.0;0.0;0.0;2.0;1.0;0.0;2.0;0.0;0.0;0.0;0.0;0.0;1.0;0.0;0.0;3.0;1.0;2.0;0.0;1.0;0.0;0.0;1.0;0.0;0.0;0.0;1.0;0.0;0.0;0.0;0.0;0.0
davant;0.0;0.0;0.0;0.0;0.0;2.0;2.0;0.0;0.0;0.0;1.0;1.0;1.0;2.0;1.0;0.0;1.0;0.0;1.0;0.0;0.0;5.0;2.0;1.0;0.0;0.0;0.0;1.0;2.0;2.0;0.0;0.0;0.0;0.0;0.0;1.0;0.0;1.0;0.0;1.0;0.0;0.0;0.0;0.0;0.0;5.0;4.0;3.0;0.0;0.0;2.0;5.0;1.0;1.0;1.0;1.0;0.0;0.0;0.0;0.0;1.0;0.0;0.0;1.0;0.0;0.0;0.0;2.0;0.0;1.0;0.0;1.0;3.0;0.0;1.0;0.0;2.0;3.0;1.0;1.0;0.0;0.0;0.0;1.0;1.0;0.0;0.0;0.0;0.0
soldi;0.0;0.0;0.0;0.0;1.0;4.0;2.0;3.0;0.0;0.0;1.0;2.0;3.0;1.0;7.0;1.0;0.0;0.0;1.0;17.0;27.0;5.0;11.0;3.0;1.0;0.0;6.0;3.0;5.0;4.0;7.0;1.0;0.0;0.0;4.0;1.0;6.0;5.0;4.0;3.0;0.0;0.0;4.0;4.0;12.0;8.0;2.0;1.0;0.0;1.0;6.0;4.0;6.0;5.0;10.0;9.0;0.0;2.0;2.0;6.0;4.0;2.0;1.0;0.0;0.0;0.0;0.0;1.0;1.0;2.0;0.0;3.0;3.0;1.0;5.0;2.0;3.0;3.0;2.0;5.0;1.0;1.0;3.0;4.0;3.0;0.0;0.0;0.0;0.0
casta;0.0;0.0;0.0;0.0;0.0;2.0;0.0;2.0;1.0;0.0;2.0;1.0;2.0;2.0;1.0;0.0;0.0;0.0;1.0;4.0;3.0;6.0;2.0;2.0;0.0;0.0;2.0;1.0;3.0;0.0;3.0;2.0;1.0;0.0;1.0;2.0;1.0;2.0;6.0;0.0;0.0;0.0;1.0;0.0;8.0;8.0;6.0;8.0;0.0;1.0;1.0;3.0;3.0;5.0;4.0;2.0;1.0;0.0;0.0;3.0;2.0;2.0;0.0;1.0;0.0;0.0;0.0;4.0;0.0;0.0;0.0;2.0;8.0;0.0;1.0;7.0;5.0;0.0;0.0;0.0;1.0;0.0;1.0;1.0;1.0;0.0;0.0;0.0;0.0
scritt;0.0;0.0;0.0;0.0;1.0;9.0;4.0;1.0;1.0;0.0;6.0;3.0;2.0;2.0;3.0;1.0;1.0;0.0;0.0;2.0;0.0;3.0;1.0;1.0;0.0;0.0;3.0;2.0;3.0;2.0;4.0;5.0;0.0;1.0;2.0;8.0;27.0;4.0;2.0;0.0;0.0;0.0;1.0;8.0;7.0;7.0;5.0;0.0;1.0;0.0;2.0;2.0;1.0;3.0;14.0;2.0;0.0;0.0;0.0;2.0;1.0;0.0;2.0;2.0;0.0;0.0;0.0;0.0;0.0;2.0;2.0;8.0;1.0;0.0;1.0;3.0;2.0;3.0;3.0;2.0;0.0;0.0;2.0;0.0;1.0;0.0;0.0;0.0;0.0
stavoltan;0.0;0.0;0.0;0.0;0.0;1.0;13.0;0.0;0.0;0.0;0.0;0.0;0.0;9.0;0.0;0.0;0.0;0.0;0.0;1.0;3.0;7.0;0.0;3.0;0.0;0.0;0.0;0.0;0.0;16.0;1.0;0.0;0.0;0.0;0.0;0.0;3.0;5.0;0.0;0.0;0.0;0.0;0.0;1.0;3.0;7.0;0.0;0.0;0.0;0.0;0.0;0.0;14.0;13.0;2.0;17.0;0.0;0.0;0.0;4.0;0.0;0.0;0.0;0.0;0.0;0.0;0.0;2.0;0.0;0.0;0.0;2.0;5.0;0.0;0.0;0.0;0.0;2.0;1.0;0.0;1.0;0.0;0.0;0.0;0.0;0.0;0.0;0.0;0.0
fidel;0.0;0.0;0.0;0.0;1.0;7.0;9.0;5.0;3.0;2.0;1.0;4.0;0.0;3.0;1.0;2.0;0.0;0.0;1.0;2.0;0.0;2.0;2.0;1.0;0.0;0.0;0.0;0.0;1.0;1.0;0.0;1.0;0.0;0.0;0.0;2.0;0.0;1.0;0.0;14.0;0.0;0.0;0.0;0.0;0.0;1.0;0.0;0.0;0.0;0.0;0.0;0.0;0.0;0.0;1.0;0.0;0.0;0.0;0.0;0.0;0.0;0.0;0.0;0.0;1.0;0.0;0.0;0.0;1.0;1.0;0.0;1.0;0.0;0.0;0.0;0.0;0.0;0.0;1.0;0.0;0.0;0.0;0.0;0.0;1.0;0.0;0.0;0.0;0.0
falsar;0.0;0.0;0.0;0.0;1.0;0.0;1.0;0.0;0.0;0.0;0.0;0.0;0.0;0.0;0.0;0.0;0.0;0.0;0.0;0.0;2.0;0.0;0.0;0.0;0.0;0.0;0.0;0.0;2.0;1.0;0.0;0.0;0.0;1.0;0.0;0.0;0.0;1.0;1.0;0.0;1.0;0.0;1.0;0.0;9.0;7.0;6.0;0.0;0.0;0.0;0.0;2.0;10.0;9.0;1.0;2.0;0.0;0.0;0.0;0.0;0.0;0.0;0.0;0.0;0.0;0.0;0.0;0.0;0.0;0.0;0.0;0.0;1.0;1.0;0.0;0.0;0.0;1.0;0.0;0.0;0.0;0.0;0.0;0.0;0.0;0.0;0.0;0.0;0.0
colleg;0.0;0.0;0.0;0.0;0.0;4.0;1.0;0.0;0.0;0.0;0.0;0.0;0.0;3.0;7.0;1.0;1.0;0.0;1.0;1.0;4.0;2.0;1.0;3.0;0.0;0.0;0.0;0.0;4.0;5.0;1.0;0.0;0.0;0.0;0.0;0.0;1.0;0.0;1.0;0.0;0.0;0.0;0.0;1.0;0.0;14.0;3.0;0.0;0.0;0.0;0.0;1.0;0.0;1.0;0.0;0.0;0.0;0.0;0.0;1.0;0.0;0.0;1.0;0.0;0.0;0.0;2.0;0.0;0.0;0.0;0.0;3.0;2.0;0.0;1.0;1.0;0.0;1.0;0.0;0.0;0.0;0.0;1.0;0.0;0.0;0.0;0.0;0.0;0.0
incontr;0.0;0.0;0.0;0.0;0.0;2.0;1.0;0.0;0.0;0.0;1.0;2.0;1.0;0.0;0.0;1.0;0.0;0.0;1.0;0.0;2.0;0.0;8.0;1.0;0.0;0.0;0.0;1.0;2.0;0.0;0.0;0.0;0.0;0.0;0.0;2.0;5.0;1.0;0.0;0.0;0.0;0.0;1.0;6.0;0.0;2.0;1.0;0.0;1.0;0.0;1.0;4.0;0.0;0.0;0.0;1.0;0.0;0.0;0.0;0.0;0.0;0.0;0.0;0.0;0.0;0.0;0.0;1.0;0.0;0.0;0.0;0.0;2.0;0.0;0.0;0.0;0.0;0.0;1.0;0.0;0.0;0.0;0.0;1.0;1.0;0.0;0.0;0.0;0.0
lavorator;0.0;0.0;0.0;0.0;0.0;12.0;1.0;0.0;0.0;0.0;0.0;0.0;0.0;1.0;0.0;1.0;0.0;0.0;0.0;1.0;1.0;9.0;1.0;1.0;0.0;0.0;2.0;4.0;0.0;4.0;1.0;0.0;0.0;0.0;1.0;0.0;1.0;1.0;2.0;0.0;0.0;0.0;0.0;6.0;4.0;6.0;4.0;1.0;0.0;0.0;0.0;3.0;3.0;1.0;0.0;0.0;0.0;0.0;1.0;0.0;1.0;0.0;0.0;0.0;0.0;0.0;0.0;0.0;0.0;0.0;0.0;0.0;0.0;0.0;1.0;0.0;3.0;2.0;1.0;1.0;0.0;0.0;1.0;1.0;0.0;0.0;0.0;0.0;0.0
monti;0.0;0.0;0.0;0.0;0.0;5.0;0.0;1.0;0.0;0.0;2.0;7.0;3.0;0.0;1.0;0.0;0.0;0.0;1.0;6.0;4.0;1.0;3.0;0.0;1.0;0.0;1.0;1.0;0.0;0.0;4.0;0.0;0.0;0.0;1.0;1.0;0.0;1.0;2.0;1.0;0.0;0.0;0.0;7.0;6.0;1.0;2.0;0.0;0.0;0.0;2.0;1.0;1.0;2.0;1.0;0.0;0.0;0.0;0.0;0.0;0.0;1.0;0.0;1.0;0.0;0.0;0.0;0.0;0.0;0.0;1.0;3.0;2.0;0.0;1.0;1.0;1.0;3.0;3.0;0.0;0.0;0.0;0.0;1.0;1.0;0.0;0.0;0.0;0.0
chiest;0.0;0.0;0.0;0.0;0.0;2.0;1.0;0.0;0.0;0.0;0.0;0.0;1.0;1.0;1.0;1.0;0.0;0.0;0.0;1.0;1.0;4.0;0.0;2.0;0.0;0.0;0.0;0.0;0.0;1.0;1.0;0.0;0.0;0.0;1.0;2.0;0.0;2.0;0.0;1.0;0.0;0.0;0.0;1.0;1.0;2.0;1.0;3.0;0.0;0.0;0.0;6.0;0.0;1.0;0.0;1.0;0.0;0.0;0.0;0.0;1.0;0.0;0.0;0.0;0.0;0.0;2.0;0.0;0.0;0.0;0.0;0.0;0.0;0.0;1.0;1.0;1.0;1.0;0.0;0.0;0.0;1.0;0.0;2.0;2.0;0.0;0.0;0.0;0.0
msgelmin;0.0;0.0;0.0;0.0;0.0;8.0;1.0;0.0;0.0;0.0;1.0;2.0;1.0;1.0;0.0;2.0;0.0;0.0;1.0;0.0;1.0;0.0;0.0;0.0;0.0;0.0;0.0;0.0;0.0;1.0;0.0;0.0;0.0;0.0;0.0;2.0;2.0;22.0;10.0;0.0;0.0;0.0;1.0;7.0;0.0;1.0;3.0;14.0;0.0;2.0;5.0;4.0;3.0;7.0;7.0;4.0;0.0;0.0;1.0;1.0;2.0;4.0;4.0;1.0;0.0;0.0;1.0;3.0;2.0;1.0;0.0;2.0;3.0;0.0;1.0;2.0;0.0;2.0;2.0;1.0;0.0;0.0;1.0;1.0;1.0;0.0;0.0;0.0;0.0
region;0.0;0.0;0.0;0.0;0.0;13.0;0.0;3.0;0.0;0.0;6.0;6.0;3.0;5.0;2.0;1.0;0.0;0.0;0.0;4.0;4.0;17.0;2.0;1.0;0.0;0.0;4.0;5.0;4.0;9.0;6.0;4.0;0.0;2.0;2.0;2.0;5.0;4.0;3.0;2.0;0.0;0.0;1.0;10.0;12.0;3.0;7.0;1.0;0.0;0.0;0.0;1.0;1.0;5.0;6.0;4.0;0.0;0.0;1.0;0.0;0.0;0.0;2.0;0.0;0.0;0.0;0.0;2.0;0.0;0.0;0.0;3.0;2.0;1.0;1.0;4.0;1.0;3.0;2.0;1.0;0.0;0.0;0.0;2.0;2.0;0.0;0.0;0.0;0.0
senatoris;0.0;0.0;0.0;0.0;0.0;0.0;0.0;0.0;0.0;0.0;0.0;0.0;0.0;0.0;0.0;0.0;0.0;0.0;0.0;0.0;0.0;0.0;0.0;0.0;0.0;0.0;0.0;0.0;0.0;4.0;5.0;3.0;0.0;0.0;0.0;2.0;4.0;0.0;0.0;0.0;0.0;0.0;0.0;0.0;4.0;0.0;1.0;0.0;0.0;0.0;0.0;8.0;8.0;7.0;1.0;3.0;0.0;0.0;0.0;0.0;0.0;0.0;0.0;0.0;0.0;0.0;0.0;0.0;0.0;0.0;0.0;0.0;0.0;0.0;0.0;0.0;0.0;0.0;0.0;0.0;0.0;0.0;0.0;0.0;0.0;0.0;0.0;0.0;0.0
euro;0.0;0.0;0.0;0.0;0.0;3.0;5.0;1.0;1.0;0.0;0.0;5.0;0.0;2.0;0.0;0.0;0.0;0.0;1.0;18.0;14.0;10.0;2.0;3.0;1.0;0.0;4.0;1.0;3.0;0.0;3.0;1.0;0.0;0.0;2.0;2.0;1.0;4.0;5.0;1.0;0.0;0.0;2.0;35.0;7.0;19.0;9.0;2.0;0.0;0.0;1.0;7.0;3.0;1.0;4.0;4.0;0.0;0.0;2.0;3.0;1.0;0.0;4.0;0.0;0.0;1.0;2.0;1.0;0.0;0.0;3.0;4.0;2.0;0.0;3.0;0.0;3.0;4.0;2.0;3.0;1.0;0.0;0.0;3.0;6.0;0.0;0.0;0.0;0.0
condannat;0.0;0.0;0.0;0.0;2.0;0.0;2.0;0.0;0.0;0.0;0.0;0.0;0.0;1.0;0.0;1.0;0.0;0.0;0.0;2.0;0.0;2.0;4.0;5.0;1.0;0.0;0.0;1.0;1.0;0.0;1.0;0.0;0.0;0.0;2.0;0.0;0.0;0.0;0.0;0.0;0.0;0.0;0.0;2.0;0.0;10.0;3.0;3.0;0.0;0.0;2.0;0.0;0.0;1.0;0.0;0.0;0.0;0.0;0.0;0.0;0.0;0.0;0.0;0.0;0.0;0.0;0.0;1.0;0.0;0.0;0.0;1.0;0.0;0.0;0.0;2.0;1.0;1.0;0.0;0.0;0.0;0.0;3.0;0.0;0.0;0.0;0.0;0.0;0.0
regional;0.0;0.0;0.0;0.0;0.0;5.0;1.0;4.0;0.0;0.0;0.0;2.0;1.0;1.0;0.0;0.0;0.0;0.0;0.0;2.0;1.0;1.0;0.0;0.0;0.0;0.0;0.0;1.0;3.0;1.0;3.0;2.0;0.0;0.0;0.0;2.0;9.0;5.0;5.0;1.0;0.0;0.0;2.0;2.0;8.0;4.0;2.0;6.0;0.0;0.0;2.0;1.0;2.0;0.0;2.0;3.0;0.0;0.0;1.0;2.0;0.0;0.0;0.0;0.0;0.0;0.0;0.0;1.0;1.0;0.0;0.0;1.0;0.0;0.0;0.0;0.0;0.0;2.0;0.0;1.0;0.0;0.0;1.0;1.0;2.0;0.0;0.0;0.0;0.0
serviz;0.0;0.0;0.0;0.0;0.0;7.0;0.0;0.0;0.0;0.0;0.0;2.0;1.0;2.0;4.0;1.0;0.0;0.0;1.0;3.0;3.0;5.0;6.0;0.0;0.0;0.0;1.0;0.0;2.0;2.0;2.0;0.0;0.0;0.0;0.0;1.0;0.0;0.0;1.0;1.0;0.0;0.0;1.0;1.0;3.0;3.0;7.0;0.0;0.0;1.0;0.0;0.0;2.0;1.0;1.0;1.0;0.0;0.0;0.0;1.0;0.0;0.0;0.0;0.0;0.0;0.0;0.0;1.0;0.0;2.0;0.0;2.0;1.0;0.0;0.0;0.0;0.0;0.0;1.0;1.0;0.0;0.0;0.0;0.0;0.0;0.0;0.0;0.0;0.0
lavoratoripern;0.0;0.0;0.0;0.0;0.0;13.0;0.0;0.0;0.0;0.0;0.0;0.0;0.0;0.0;0.0;0.0;0.0;0.0;0.0;1.0;1.0;14.0;0.0;0.0;0.0;0.0;0.0;1.0;0.0;0.0;0.0;0.0;0.0;0.0;0.0;1.0;3.0;1.0;0.0;0.0;0.0;0.0;2.0;5.0;7.0;1.0;5.0;0.0;0.0;0.0;2.0;5.0;8.0;2.0;0.0;1.0;0.0;0.0;0.0;0.0;0.0;1.0;0.0;0.0;0.0;0.0;0.0;0.0;2.0;1.0;1.0;2.0;1.0;0.0;2.0;0.0;1.0;0.0;0.0;0.0;0.0;0.0;0.0;0.0;0.0;0.0;0.0;0.0;0.0
spieg;0.0;0.0;0.0;0.0;0.0;0.0;2.0;0.0;0.0;0.0;1.0;1.0;2.0;0.0;2.0;1.0;0.0;0.0;0.0;1.0;1.0;3.0;1.0;0.0;0.0;0.0;1.0;2.0;3.0;1.0;1.0;6.0;0.0;0.0;0.0;1.0;2.0;3.0;1.0;3.0;0.0;0.0;1.0;2.0;4.0;4.0;1.0;0.0;1.0;0.0;0.0;3.0;2.0;1.0;2.0;0.0;0.0;0.0;1.0;1.0;0.0;0.0;0.0;1.0;0.0;0.0;0.0;1.0;0.0;0.0;1.0;1.0;1.0;0.0;0.0;0.0;4.0;2.0;0.0;0.0;0.0;0.0;1.0;3.0;2.0;0.0;0.0;0.0;0.0
dicembr;0.0;0.0;0.0;0.0;2.0;5.0;14.0;1.0;0.0;0.0;4.0;11.0;16.0;11.0;6.0;4.0;1.0;0.0;3.0;18.0;4.0;11.0;5.0;4.0;1.0;1.0;6.0;6.0;9.0;15.0;11.0;11.0;0.0;0.0;7.0;6.0;9.0;15.0;7.0;8.0;1.0;1.0;9.0;19.0;5.0;19.0;10.0;5.0;0.0;1.0;7.0;14.0;19.0;15.0;19.0;6.0;2.0;0.0;2.0;6.0;7.0;4.0;5.0;11.0;0.0;0.0;2.0;4.0;6.0;2.0;2.0;1.0;0.0;0.0;1.0;6.0;3.0;7.0;1.0;0.0;0.0;0.0;3.0;2.0;3.0;0.0;0.0;0.0;0.0
fattoquotidian;0.0;0.0;0.0;0.0;0.0;0.0;0.0;0.0;0.0;0.0;1.0;1.0;1.0;1.0;0.0;1.0;0.0;0.0;0.0;0.0;1.0;0.0;3.0;2.0;0.0;0.0;1.0;1.0;2.0;0.0;1.0;7.0;0.0;1.0;4.0;1.0;1.0;3.0;3.0;10.0;0.0;5.0;11.0;4.0;2.0;5.0;2.0;1.0;0.0;0.0;1.0;1.0;2.0;2.0;0.0;1.0;0.0;0.0;2.0;2.0;1.0;2.0;0.0;1.0;0.0;0.0;0.0;0.0;0.0;0.0;0.0;0.0;0.0;0.0;1.0;1.0;1.0;3.0;1.0;0.0;0.0;0.0;0.0;1.0;1.0;0.0;0.0;0.0;0.0
stipend;0.0;0.0;0.0;0.0;0.0;2.0;2.0;0.0;1.0;0.0;2.0;5.0;3.0;5.0;4.0;1.0;0.0;0.0;1.0;17.0;10.0;8.0;8.0;1.0;1.0;0.0;3.0;3.0;11.0;9.0;9.0;5.0;1.0;0.0;1.0;5.0;4.0;3.0;5.0;1.0;0.0;1.0;1.0;0.0;5.0;7.0;2.0;4.0;0.0;2.0;1.0;2.0;13.0;1.0;1.0;0.0;0.0;0.0;2.0;4.0;1.0;1.0;0.0;0.0;2.0;0.0;0.0;2.0;1.0;1.0;1.0;4.0;3.0;0.0;1.0;3.0;8.0;1.0;1.0;3.0;1.0;1.0;0.0;2.0;5.0;0.0;0.0;0.0;0.0
miliard;0.0;0.0;0.0;0.0;0.0;5.0;0.0;0.0;0.0;0.0;2.0;13.0;2.0;0.0;0.0;0.0;0.0;0.0;1.0;2.0;5.0;6.0;3.0;1.0;0.0;0.0;0.0;0.0;1.0;0.0;0.0;1.0;1.0;0.0;0.0;1.0;1.0;4.0;6.0;1.0;0.0;1.0;1.0;31.0;1.0;2.0;1.0;0.0;0.0;0.0;3.0;1.0;0.0;2.0;5.0;1.0;0.0;0.0;0.0;6.0;0.0;2.0;3.0;4.0;0.0;0.0;0.0;0.0;0.0;0.0;0.0;0.0;1.0;0.0;1.0;0.0;0.0;0.0;0.0;0.0;0.0;0.0;0.0;0.0;0.0;0.0;0.0;0.0;0.0
regim;0.0;0.0;0.0;0.0;0.0;0.0;1.0;0.0;0.0;0.0;1.0;1.0;6.0;0.0;0.0;0.0;1.0;0.0;1.0;3.0;1.0;2.0;1.0;0.0;2.0;0.0;0.0;2.0;0.0;2.0;1.0;0.0;0.0;0.0;0.0;2.0;0.0;0.0;3.0;1.0;0.0;0.0;0.0;0.0;1.0;0.0;6.0;0.0;0.0;0.0;1.0;1.0;0.0;1.0;3.0;0.0;0.0;0.0;0.0;0.0;0.0;0.0;0.0;0.0;0.0;0.0;0.0;0.0;1.0;0.0;0.0;1.0;1.0;0.0;4.0;1.0;2.0;0.0;0.0;0.0;0.0;0.0;0.0;0.0;1.0;0.0;0.0;0.0;0.0
corte;0.0;0.0;0.0;0.0;0.0;0.0;5.0;4.0;1.0;0.0;2.0;5.0;6.0;3.0;1.0;0.0;0.0;0.0;0.0;2.0;1.0;3.0;2.0;1.0;1.0;0.0;1.0;0.0;0.0;0.0;0.0;0.0;0.0;0.0;0.0;0.0;1.0;1.0;0.0;0.0;0.0;1.0;2.0;0.0;0.0;0.0;0.0;0.0;0.0;0.0;0.0;0.0;0.0;3.0;2.0;2.0;0.0;2.0;0.0;0.0;0.0;0.0;1.0;0.0;0.0;0.0;0.0;0.0;0.0;0.0;0.0;1.0;2.0;0.0;0.0;1.0;0.0;3.0;0.0;0.0;1.0;0.0;0.0;0.0;0.0;0.0;0.0;0.0;0.0
risponder;0.0;0.0;0.0;0.0;0.0;2.0;0.0;0.0;0.0;0.0;0.0;0.0;0.0;0.0;2.0;0.0;0.0;0.0;0.0;0.0;4.0;6.0;2.0;2.0;0.0;1.0;0.0;2.0;3.0;2.0;4.0;1.0;0.0;0.0;0.0;3.0;1.0;2.0;3.0;0.0;0.0;0.0;0.0;2.0;1.0;8.0;4.0;2.0;0.0;1.0;3.0;7.0;4.0;4.0;1.0;2.0;0.0;0.0;2.0;1.0;2.0;0.0;0.0;0.0;0.0;0.0;0.0;2.0;0.0;0.0;0.0;0.0;4.0;1.0;1.0;1.0;1.0;0.0;0.0;2.0;0.0;0.0;0.0;1.0;0.0;0.0;0.0;0.0;0.0
difender;0.0;0.0;0.0;0.0;3.0;9.0;3.0;0.0;0.0;0.0;0.0;2.0;1.0;5.0;0.0;0.0;0.0;0.0;0.0;2.0;0.0;6.0;0.0;2.0;0.0;0.0;0.0;1.0;1.0;3.0;3.0;0.0;0.0;0.0;0.0;2.0;2.0;0.0;0.0;1.0;0.0;1.0;1.0;2.0;3.0;1.0;5.0;0.0;0.0;0.0;1.0;1.0;1.0;1.0;2.0;0.0;0.0;0.0;0.0;0.0;1.0;2.0;0.0;1.0;0.0;0.0;0.0;6.0;5.0;1.0;1.0;3.0;1.0;1.0;2.0;0.0;0.0;3.0;0.0;0.0;0.0;0.0;0.0;0.0;1.0;0.0;0.0;0.0;0.0
vaientinaior;0.0;0.0;0.0;0.0;0.0;36.0;3.0;0.0;0.0;0.0;0.0;0.0;0.0;0.0;0.0;0.0;0.0;0.0;0.0;0.0;0.0;67.0;0.0;0.0;0.0;0.0;0.0;0.0;0.0;0.0;0.0;0.0;0.0;0.0;0.0;0.0;1.0;0.0;0.0;0.0;0.0;0.0;0.0;22.0;2.0;7.0;12.0;0.0;0.0;0.0;1.0;17.0;8.0;2.0;0.0;0.0;0.0;0.0;0.0;0.0;0.0;0.0;0.0;0.0;0.0;1.0;1.0;0.0;0.0;0.0;0.0;0.0;0.0;0.0;0.0;0.0;0.0;0.0;0.0;0.0;0.0;0.0;0.0;0.0;1.0;0.0;0.0;0.0;0.0
andreapertic;0.0;0.0;0.0;0.0;0.0;0.0;1.0;0.0;0.0;0.0;8.0;0.0;0.0;1.0;1.0;0.0;0.0;0.0;1.0;0.0;3.0;2.0;1.0;1.0;2.0;0.0;1.0;0.0;0.0;1.0;5.0;1.0;0.0;0.0;1.0;15.0;15.0;5.0;4.0;0.0;0.0;0.0;1.0;8.0;3.0;2.0;2.0;1.0;0.0;0.0;1.0;0.0;3.0;3.0;0.0;3.0;0.0;0.0;1.0;0.0;0.0;0.0;0.0;0.0;0.0;0.0;0.0;3.0;1.0;0.0;0.0;0.0;1.0;0.0;1.0;0.0;0.0;0.0;0.0;0.0;0.0;0.0;0.0;1.0;0.0;0.0;0.0;0.0;0.0
territor;0.0;0.0;0.0;0.0;0.0;5.0;2.0;1.0;0.0;0.0;1.0;0.0;0.0;1.0;0.0;0.0;0.0;0.0;0.0;1.0;3.0;9.0;4.0;1.0;0.0;0.0;0.0;0.0;1.0;0.0;2.0;3.0;0.0;0.0;2.0;0.0;0.0;1.0;1.0;1.0;0.0;0.0;0.0;1.0;2.0;2.0;2.0;2.0;0.0;0.0;1.0;0.0;1.0;1.0;3.0;4.0;0.0;0.0;0.0;0.0;3.0;1.0;1.0;0.0;0.0;0.0;1.0;0.0;0.0;0.0;1.0;0.0;0.0;0.0;0.0;1.0;1.0;0.0;1.0;1.0;0.0;0.0;0.0;1.0;2.0;0.0;0.0;0.0;0.0
tco;0.0;0.0;0.0;0.0;0.0;4.0;0.0;3.0;0.0;0.0;1.0;0.0;0.0;3.0;0.0;1.0;0.0;0.0;1.0;3.0;4.0;5.0;4.0;0.0;0.0;0.0;0.0;1.0;0.0;0.0;0.0;0.0;0.0;0.0;0.0;1.0;3.0;1.0;1.0;0.0;0.0;0.0;0.0;0.0;1.0;1.0;2.0;1.0;0.0;0.0;1.0;2.0;2.0;1.0;2.0;3.0;0.0;0.0;0.0;0.0;0.0;0.0;1.0;2.0;0.0;0.0;0.0;0.0;1.0;3.0;0.0;1.0;0.0;0.0;0.0;1.0;0.0;1.0;0.0;1.0;0.0;0.0;1.0;0.0;0.0;0.0;0.0;0.0;0.0
eziof;0.0;0.0;0.0;0.0;0.0;18.0;1.0;0.0;0.0;0.0;0.0;0.0;0.0;0.0;0.0;0.0;0.0;0.0;0.0;0.0;0.0;23.0;0.0;0.0;0.0;0.0;0.0;0.0;0.0;0.0;0.0;0.0;0.0;0.0;0.0;0.0;0.0;0.0;0.0;0.0;0.0;0.0;0.0;11.0;0.0;0.0;9.0;0.0;0.0;0.0;0.0;4.0;0.0;2.0;0.0;0.0;0.0;0.0;0.0;0.0;0.0;0.0;0.0;0.0;0.0;0.0;0.0;0.0;0.0;0.0;0.0;0.0;0.0;0.0;1.0;0.0;0.0;0.0;0.0;0.0;0.0;0.0;0.0;0.0;0.0;0.0;0.0;0.0;0.0
bastauns;0.0;0.0;0.0;0.0;1.0;8.0;5.0;2.0;1.0;0.0;2.0;2.0;0.0;4.0;3.0;2.0;0.0;0.0;1.0;3.0;5.0;4.0;3.0;0.0;0.0;0.0;1.0;2.0;4.0;8.0;7.0;5.0;1.0;0.0;1.0;1.0;8.0;4.0;1.0;4.0;2.0;1.0;5.0;2.0;6.0;8.0;6.0;5.0;1.0;0.0;2.0;2.0;2.0;2.0;5.0;4.0;0.0;1.0;1.0;0.0;6.0;1.0;5.0;8.0;0.0;0.0;1.0;10.0;1.0;2.0;0.0;0.0;0.0;0.0;2.0;1.0;0.0;1.0;0.0;0.0;1.0;0.0;0.0;0.0;0.0;0.0;0.0;0.0;0.0
onestiuncazz;0.0;0.0;0.0;0.0;0.0;0.0;0.0;0.0;0.0;0.0;0.0;0.0;0.0;0.0;4.0;1.0;0.0;0.0;0.0;0.0;0.0;3.0;3.0;0.0;0.0;0.0;0.0;0.0;0.0;4.0;5.0;4.0;0.0;0.0;0.0;2.0;3.0;2.0;6.0;0.0;0.0;0.0;0.0;4.0;3.0;3.0;5.0;0.0;0.0;0.0;0.0;1.0;9.0;9.0;1.0;3.0;0.0;0.0;0.0;0.0;0.0;0.0;0.0;0.0;0.0;0.0;0.0;0.0;2.0;1.0;0.0;0.0;0.0;0.0;0.0;0.0;0.0;0.0;0.0;0.0;0.0;0.0;0.0;0.0;0.0;0.0;0.0;0.0;0.0
rimborsis;0.0;0.0;0.0;0.0;0.0;1.0;5.0;0.0;0.0;0.0;0.0;2.0;0.0;0.0;3.0;0.0;0.0;0.0;0.0;7.0;0.0;5.0;2.0;0.0;0.0;0.0;0.0;0.0;5.0;4.0;5.0;3.0;0.0;0.0;0.0;1.0;3.0;1.0;0.0;0.0;0.0;0.0;0.0;2.0;3.0;0.0;1.0;0.0;0.0;0.0;0.0;0.0;1.0;0.0;0.0;0.0;0.0;0.0;0.0;1.0;0.0;0.0;0.0;0.0;0.0;0.0;0.0;0.0;0.0;0.0;0.0;0.0;0.0;0.0;0.0;0.0;0.0;0.0;0.0;0.0;0.0;0.0;0.0;0.0;0.0;0.0;0.0;0.0;0.0
manifestazion;0.0;0.0;0.0;0.0;0.0;10.0;7.0;3.0;1.0;0.0;4.0;4.0;2.0;3.0;0.0;0.0;0.0;0.0;1.0;3.0;0.0;0.0;1.0;0.0;0.0;0.0;0.0;2.0;0.0;1.0;1.0;2.0;0.0;1.0;0.0;0.0;1.0;0.0;0.0;0.0;0.0;0.0;0.0;0.0;0.0;0.0;2.0;0.0;0.0;0.0;2.0;0.0;2.0;0.0;2.0;0.0;0.0;0.0;0.0;0.0;0.0;0.0;1.0;1.0;0.0;0.0;0.0;0.0;0.0;1.0;0.0;0.0;0.0;0.0;1.0;0.0;1.0;1.0;0.0;0.0;0.0;0.0;0.0;1.0;0.0;0.0;0.0;0.0;0.0
tasse;0.0;0.0;0.0;0.0;0.0;4.0;1.0;1.0;0.0;2.0;4.0;5.0;0.0;1.0;0.0;0.0;0.0;0.0;1.0;2.0;6.0;3.0;0.0;0.0;0.0;0.0;3.0;1.0;0.0;0.0;0.0;1.0;0.0;0.0;1.0;2.0;0.0;1.0;1.0;0.0;0.0;0.0;1.0;36.0;2.0;4.0;1.0;4.0;0.0;0.0;2.0;7.0;2.0;3.0;3.0;1.0;0.0;0.0;2.0;2.0;1.0;1.0;0.0;0.0;0.0;0.0;0.0;0.0;0.0;0.0;0.0;2.0;1.0;1.0;0.0;1.0;1.0;1.0;0.0;1.0;0.0;0.0;0.0;2.0;0.0;0.0;0.0;0.0;0.0
false;0.0;0.0;0.0;0.0;4.0;5.0;1.0;1.0;0.0;0.0;2.0;0.0;1.0;5.0;1.0;1.0;0.0;0.0;0.0;2.0;15.0;4.0;7.0;5.0;3.0;0.0;3.0;1.0;5.0;4.0;4.0;0.0;0.0;0.0;1.0;1.0;6.0;5.0;3.0;0.0;1.0;0.0;1.0;2.0;2.0;17.0;6.0;2.0;0.0;0.0;4.0;1.0;3.0;3.0;6.0;3.0;0.0;2.0;1.0;1.0;2.0;0.0;5.0;0.0;2.0;0.0;0.0;0.0;0.0;1.0;1.0;2.0;5.0;0.0;1.0;2.0;1.0;3.0;0.0;0.0;0.0;0.0;0.0;3.0;3.0;0.0;0.0;0.0;0.0
indagat;0.0;0.0;0.0;0.0;1.0;5.0;2.0;2.0;0.0;1.0;0.0;0.0;0.0;2.0;0.0;0.0;0.0;0.0;0.0;2.0;21.0;7.0;5.0;2.0;3.0;0.0;4.0;4.0;8.0;1.0;3.0;2.0;0.0;0.0;0.0;3.0;3.0;0.0;1.0;0.0;0.0;0.0;0.0;3.0;1.0;1.0;2.0;0.0;0.0;0.0;1.0;1.0;1.0;2.0;0.0;0.0;0.0;0.0;0.0;2.0;1.0;0.0;0.0;0.0;0.0;0.0;0.0;0.0;0.0;1.0;0.0;0.0;0.0;0.0;0.0;0.0;1.0;0.0;0.0;0.0;0.0;0.0;0.0;0.0;0.0;0.0;0.0;0.0;0.0
vuol;0.0;0.0;0.0;0.0;0.0;7.0;1.0;0.0;0.0;0.0;0.0;0.0;0.0;0.0;1.0;0.0;0.0;0.0;0.0;1.0;0.0;5.0;1.0;0.0;1.0;0.0;1.0;5.0;2.0;0.0;3.0;0.0;0.0;0.0;2.0;1.0;2.0;3.0;1.0;3.0;1.0;1.0;1.0;1.0;2.0;1.0;1.0;0.0;0.0;0.0;1.0;1.0;2.0;0.0;3.0;0.0;0.0;0.0;0.0;1.0;2.0;0.0;0.0;0.0;0.0;0.0;0.0;0.0;0.0;0.0;1.0;1.0;0.0;0.0;1.0;2.0;3.0;1.0;1.0;2.0;0.0;0.0;1.0;2.0;0.0;0.0;0.0;0.0;0.0
genov;0.0;0.0;0.0;0.0;0.0;1.0;2.0;0.0;0.0;0.0;0.0;1.0;1.0;1.0;0.0;0.0;0.0;0.0;0.0;0.0;2.0;2.0;3.0;1.0;1.0;0.0;0.0;1.0;6.0;0.0;3.0;1.0;0.0;0.0;0.0;0.0;3.0;1.0;0.0;0.0;0.0;0.0;1.0;5.0;4.0;3.0;5.0;1.0;1.0;0.0;0.0;1.0;1.0;4.0;3.0;2.0;0.0;0.0;0.0;0.0;0.0;0.0;0.0;0.0;0.0;0.0;0.0;0.0;0.0;1.0;0.0;0.0;0.0;0.0;0.0;1.0;0.0;0.0;0.0;0.0;0.0;0.0;0.0;0.0;0.0;0.0;0.0;0.0;0.0
pa;0.0;0.0;0.0;0.0;0.0;1.0;0.0;1.0;0.0;0.0;0.0;1.0;1.0;0.0;1.0;0.0;1.0;0.0;0.0;0.0;0.0;3.0;0.0;1.0;0.0;0.0;0.0;1.0;0.0;2.0;3.0;0.0;0.0;0.0;1.0;2.0;0.0;5.0;1.0;0.0;0.0;0.0;2.0;10.0;11.0;20.0;3.0;0.0;0.0;0.0;7.0;1.0;3.0;1.0;1.0;0.0;0.0;0.0;1.0;1.0;0.0;0.0;0.0;0.0;0.0;0.0;0.0;0.0;0.0;0.0;0.0;0.0;0.0;0.0;0.0;0.0;0.0;0.0;0.0;0.0;0.0;0.0;0.0;3.0;0.0;0.0;0.0;0.0;0.0
posizion;0.0;0.0;0.0;0.0;0.0;1.0;1.0;0.0;0.0;0.0;0.0;1.0;1.0;1.0;0.0;0.0;0.0;0.0;2.0;2.0;1.0;5.0;1.0;2.0;0.0;0.0;2.0;3.0;4.0;1.0;4.0;0.0;0.0;0.0;0.0;1.0;2.0;1.0;4.0;0.0;0.0;0.0;2.0;1.0;4.0;4.0;1.0;0.0;0.0;0.0;0.0;1.0;1.0;0.0;1.0;1.0;0.0;0.0;0.0;0.0;0.0;1.0;0.0;0.0;0.0;0.0;1.0;0.0;2.0;0.0;0.0;0.0;0.0;1.0;2.0;2.0;1.0;2.0;2.0;1.0;0.0;0.0;0.0;0.0;0.0;0.0;0.0;0.0;0.0
risch;0.0;0.0;0.0;0.0;0.0;5.0;1.0;0.0;0.0;0.0;2.0;2.0;3.0;0.0;1.0;1.0;1.0;0.0;0.0;3.0;1.0;3.0;1.0;0.0;0.0;0.0;1.0;1.0;2.0;0.0;4.0;0.0;0.0;0.0;0.0;1.0;0.0;3.0;1.0;1.0;0.0;0.0;1.0;3.0;1.0;3.0;0.0;0.0;0.0;0.0;2.0;2.0;1.0;1.0;0.0;0.0;0.0;0.0;1.0;1.0;0.0;0.0;0.0;0.0;0.0;0.0;0.0;0.0;0.0;0.0;1.0;0.0;2.0;0.0;0.0;3.0;1.0;1.0;0.0;2.0;0.0;0.0;1.0;1.0;2.0;0.0;0.0;0.0;0.0
ariachetir;0.0;0.0;0.0;0.0;0.0;0.0;0.0;0.0;0.0;0.0;0.0;0.0;0.0;0.0;0.0;0.0;0.0;0.0;0.0;1.0;0.0;0.0;0.0;0.0;0.0;1.0;1.0;2.0;3.0;0.0;0.0;0.0;0.0;0.0;3.0;5.0;8.0;0.0;0.0;0.0;0.0;0.0;0.0;10.0;6.0;1.0;0.0;0.0;0.0;1.0;0.0;3.0;4.0;1.0;0.0;0.0;0.0;0.0;0.0;0.0;0.0;0.0;0.0;0.0;0.0;0.0;0.0;0.0;0.0;0.0;1.0;0.0;3.0;3.0;1.0;6.0;0.0;3.0;0.0;0.0;0.0;0.0;0.0;0.0;0.0;0.0;0.0;0.0;0.0
coragg;0.0;0.0;0.0;0.0;0.0;3.0;3.0;0.0;0.0;0.0;1.0;0.0;4.0;1.0;1.0;0.0;0.0;0.0;0.0;3.0;2.0;1.0;1.0;2.0;0.0;0.0;0.0;1.0;1.0;1.0;1.0;1.0;1.0;0.0;1.0;0.0;3.0;1.0;1.0;2.0;0.0;0.0;1.0;1.0;3.0;3.0;3.0;1.0;1.0;0.0;2.0;0.0;0.0;1.0;2.0;0.0;0.0;0.0;1.0;0.0;1.0;0.0;0.0;0.0;0.0;0.0;0.0;0.0;0.0;2.0;0.0;1.0;0.0;0.0;1.0;2.0;2.0;4.0;9.0;2.0;0.0;1.0;1.0;1.0;1.0;0.0;0.0;0.0;0.0
riform;0.0;0.0;0.0;0.0;5.0;76.0;21.0;5.0;3.0;0.0;15.0;22.0;32.0;28.0;18.0;7.0;2.0;0.0;9.0;11.0;30.0;91.0;10.0;8.0;1.0;1.0;9.0;18.0;22.0;24.0;24.0;20.0;6.0;0.0;15.0;23.0;46.0;37.0;29.0;8.0;1.0;0.0;12.0;47.0;53.0;33.0;40.0;13.0;2.0;2.0;10.0;12.0;23.0;38.0;47.0;19.0;1.0;1.0;7.0;16.0;12.0;8.0;5.0;10.0;0.0;0.0;4.0;9.0;0.0;5.0;5.0;25.0;16.0;0.0;14.0;14.0;7.0;10.0;13.0;9.0;1.0;1.0;1.0;9.0;3.0;0.0;0.0;0.0;0.0
carlaruocc;0.0;0.0;0.0;0.0;24.0;53.0;32.0;21.0;10.0;2.0;15.0;10.0;8.0;2.0;15.0;1.0;2.0;0.0;4.0;13.0;5.0;5.0;8.0;1.0;0.0;0.0;1.0;1.0;1.0;1.0;6.0;2.0;0.0;0.0;5.0;9.0;6.0;8.0;4.0;3.0;0.0;0.0;8.0;20.0;19.0;8.0;7.0;1.0;0.0;1.0;0.0;2.0;9.0;5.0;0.0;0.0;1.0;0.0;2.0;2.0;1.0;2.0;10.0;2.0;1.0;1.0;1.0;1.0;6.0;6.0;2.0;23.0;4.0;0.0;0.0;3.0;1.0;6.0;12.0;1.0;0.0;1.0;1.0;0.0;0.0;0.0;0.0;0.0;0.0
iodicon;0.0;0.0;0.0;0.0;3.0;58.0;22.0;2.0;0.0;0.0;6.0;9.0;15.0;14.0;21.0;9.0;1.0;1.0;12.0;41.0;15.0;22.0;5.0;3.0;0.0;1.0;3.0;11.0;13.0;21.0;17.0;5.0;0.0;0.0;14.0;15.0;13.0;21.0;17.0;1.0;0.0;0.0;7.0;17.0;27.0;17.0;13.0;6.0;4.0;0.0;9.0;26.0;15.0;28.0;26.0;12.0;6.0;0.0;6.0;16.0;8.0;6.0;10.0;10.0;0.0;1.0;7.0;19.0;2.0;1.0;3.0;2.0;0.0;0.0;0.0;0.0;1.0;1.0;0.0;0.0;0.0;0.0;0.0;0.0;0.0;0.0;0.0;0.0;0.0
bambin;0.0;0.0;0.0;0.0;1.0;3.0;2.0;3.0;0.0;0.0;2.0;2.0;0.0;3.0;1.0;1.0;1.0;0.0;2.0;2.0;2.0;2.0;4.0;4.0;3.0;0.0;2.0;4.0;3.0;2.0;2.0;0.0;0.0;0.0;2.0;5.0;2.0;1.0;0.0;1.0;0.0;1.0;4.0;3.0;3.0;3.0;1.0;1.0;0.0;0.0;3.0;2.0;2.0;3.0;2.0;1.0;1.0;0.0;2.0;0.0;0.0;1.0;1.0;0.0;0.0;0.0;0.0;0.0;0.0;1.0;0.0;3.0;1.0;0.0;2.0;2.0;2.0;1.0;4.0;4.0;1.0;0.0;1.0;0.0;2.0;0.0;0.0;0.0;0.0
