tfaeconcors;0.0;0.0;0.0;0.0;0.0;6.0;1.0;15.0;0.0;0.0;0.0;0.0;0.0;5.0;4.0;10.0;0.0;0.0;0.0;1.0;4.0;0.0;0.0;5.0;0.0;0.0;0.0;0.0;0.0;5.0;2.0;5.0;0.0;0.0;0.0;0.0;1.0;0.0;1.0;5.0;0.0;0.0;0.0;0.0;0.0;0.0;2.0;6.0;0.0;0.0;0.0;0.0;0.0;0.0;6.0;3.0;0.0;0.0;0.0;0.0;0.0;0.0;1.0;5.0;0.0;0.0;0.0;0.0;0.0;1.0;2.0;5.0;1.0;0.0;0.0;0.0;0.0;0.0;2.0;4.0;0.0;0.0;0.0;0.0;0.0;0.0;0.0;0.0;0.0
articol;0.0;0.0;0.0;0.0;1.0;0.0;1.0;0.0;0.0;0.0;0.0;2.0;2.0;3.0;2.0;3.0;0.0;0.0;0.0;0.0;1.0;0.0;3.0;0.0;0.0;0.0;1.0;2.0;5.0;4.0;3.0;2.0;0.0;0.0;3.0;1.0;4.0;2.0;4.0;4.0;0.0;0.0;0.0;2.0;4.0;1.0;2.0;2.0;0.0;0.0;2.0;5.0;3.0;4.0;3.0;3.0;1.0;0.0;1.0;1.0;0.0;1.0;0.0;0.0;0.0;0.0;3.0;2.0;0.0;0.0;0.0;4.0;1.0;0.0;1.0;1.0;1.0;5.0;0.0;2.0;0.0;0.0;0.0;1.0;0.0;0.0;0.0;0.0;0.0
fabriziobarc;0.0;0.0;0.0;0.0;1.0;26.0;64.0;16.0;3.0;1.0;5.0;36.0;7.0;4.0;97.0;33.0;3.0;0.0;3.0;10.0;50.0;25.0;14.0;10.0;0.0;1.0;8.0;10.0;85.0;21.0;10.0;80.0;4.0;2.0;15.0;13.0;7.0;15.0;22.0;3.0;0.0;0.0;4.0;1.0;4.0;5.0;17.0;5.0;0.0;1.0;1.0;11.0;9.0;12.0;2.0;10.0;0.0;0.0;1.0;3.0;4.0;5.0;0.0;0.0;0.0;0.0;0.0;0.0;12.0;6.0;3.0;6.0;148.0;12.0;32.0;12.0;10.0;3.0;1.0;4.0;3.0;1.0;1.0;1.0;1.0;0.0;0.0;0.0;0.0
cultur;0.0;0.0;0.0;0.0;0.0;5.0;3.0;1.0;0.0;0.0;1.0;0.0;0.0;0.0;4.0;1.0;0.0;0.0;1.0;2.0;0.0;2.0;1.0;1.0;0.0;0.0;2.0;4.0;4.0;3.0;3.0;0.0;0.0;0.0;2.0;4.0;2.0;2.0;2.0;1.0;0.0;0.0;0.0;4.0;3.0;2.0;2.0;0.0;0.0;0.0;1.0;5.0;1.0;0.0;0.0;4.0;0.0;0.0;2.0;2.0;1.0;4.0;0.0;0.0;0.0;0.0;1.0;0.0;0.0;3.0;0.0;3.0;0.0;0.0;2.0;0.0;3.0;2.0;1.0;4.0;0.0;1.0;2.0;1.0;0.0;0.0;0.0;0.0;0.0
notiz;0.0;0.0;0.0;0.0;0.0;4.0;2.0;1.0;1.0;0.0;0.0;0.0;1.0;0.0;2.0;1.0;0.0;0.0;1.0;4.0;0.0;5.0;1.0;2.0;0.0;0.0;1.0;15.0;3.0;18.0;22.0;10.0;0.0;0.0;7.0;4.0;4.0;8.0;5.0;0.0;0.0;1.0;3.0;8.0;6.0;2.0;9.0;3.0;0.0;0.0;0.0;0.0;5.0;3.0;3.0;2.0;0.0;0.0;1.0;2.0;2.0;0.0;1.0;1.0;0.0;0.0;1.0;1.0;1.0;16.0;9.0;10.0;2.0;2.0;4.0;2.0;5.0;0.0;1.0;1.0;0.0;0.0;1.0;0.0;2.0;0.0;0.0;0.0;0.0
deputat;0.0;0.0;0.0;0.0;3.0;0.0;1.0;1.0;0.0;0.0;0.0;2.0;0.0;0.0;0.0;2.0;0.0;0.0;1.0;6.0;4.0;6.0;4.0;3.0;0.0;0.0;0.0;1.0;0.0;5.0;3.0;0.0;0.0;0.0;3.0;6.0;2.0;2.0;2.0;1.0;0.0;1.0;1.0;1.0;2.0;3.0;1.0;4.0;0.0;0.0;3.0;2.0;4.0;4.0;0.0;2.0;0.0;0.0;9.0;0.0;0.0;0.0;1.0;0.0;0.0;0.0;1.0;2.0;0.0;1.0;0.0;3.0;1.0;0.0;0.0;2.0;3.0;2.0;1.0;2.0;0.0;0.0;2.0;3.0;3.0;0.0;0.0;0.0;0.0
vinca;0.0;0.0;0.0;0.0;0.0;0.0;1.0;1.0;0.0;1.0;0.0;1.0;1.0;1.0;0.0;3.0;0.0;0.0;3.0;3.0;2.0;2.0;2.0;1.0;0.0;0.0;1.0;1.0;1.0;0.0;0.0;1.0;0.0;1.0;1.0;2.0;1.0;1.0;3.0;3.0;0.0;0.0;2.0;1.0;2.0;1.0;0.0;2.0;0.0;0.0;0.0;2.0;0.0;3.0;4.0;0.0;1.0;0.0;4.0;1.0;0.0;3.0;0.0;0.0;0.0;0.0;0.0;1.0;3.0;2.0;4.0;4.0;0.0;0.0;1.0;0.0;1.0;1.0;1.0;2.0;0.0;0.0;0.0;0.0;1.0;0.0;0.0;0.0;0.0
bugie;0.0;0.0;0.0;0.0;1.0;3.0;3.0;0.0;0.0;0.0;1.0;0.0;4.0;5.0;0.0;1.0;0.0;0.0;0.0;1.0;2.0;3.0;2.0;4.0;0.0;0.0;0.0;0.0;1.0;4.0;1.0;2.0;0.0;0.0;4.0;2.0;4.0;7.0;6.0;2.0;0.0;0.0;0.0;4.0;8.0;7.0;7.0;2.0;1.0;1.0;2.0;7.0;10.0;7.0;6.0;4.0;0.0;0.0;2.0;4.0;2.0;0.0;0.0;1.0;0.0;1.0;0.0;4.0;0.0;1.0;0.0;8.0;1.0;2.0;2.0;4.0;2.0;6.0;2.0;1.0;0.0;0.0;1.0;0.0;0.0;0.0;0.0;0.0;0.0
senat;0.0;0.0;0.0;0.0;1.0;12.0;13.0;2.0;0.0;0.0;4.0;7.0;6.0;10.0;8.0;2.0;0.0;2.0;11.0;7.0;3.0;11.0;9.0;7.0;0.0;0.0;4.0;3.0;5.0;16.0;10.0;26.0;0.0;2.0;11.0;16.0;14.0;13.0;8.0;17.0;0.0;0.0;3.0;3.0;6.0;10.0;10.0;9.0;2.0;1.0;15.0;8.0;14.0;15.0;7.0;16.0;0.0;0.0;11.0;8.0;4.0;3.0;2.0;3.0;0.0;0.0;1.0;2.0;5.0;2.0;1.0;9.0;6.0;1.0;3.0;6.0;14.0;11.0;15.0;3.0;3.0;0.0;8.0;4.0;2.0;0.0;0.0;0.0;0.0
vince;0.0;0.0;0.0;0.0;1.0;7.0;2.0;2.0;0.0;0.0;0.0;3.0;12.0;12.0;8.0;3.0;0.0;0.0;12.0;9.0;15.0;12.0;17.0;6.0;1.0;1.0;9.0;5.0;5.0;15.0;12.0;27.0;3.0;3.0;19.0;11.0;12.0;4.0;17.0;24.0;0.0;1.0;9.0;7.0;10.0;5.0;9.0;6.0;2.0;0.0;13.0;11.0;18.0;18.0;26.0;15.0;2.0;2.0;6.0;3.0;5.0;4.0;7.0;3.0;2.0;0.0;4.0;7.0;5.0;8.0;17.0;40.0;8.0;2.0;8.0;10.0;16.0;6.0;9.0;1.0;0.0;0.0;2.0;4.0;9.0;0.0;0.0;0.0;0.0
iovotos;0.0;0.0;0.0;0.0;1.0;14.0;6.0;2.0;1.0;1.0;1.0;12.0;22.0;21.0;7.0;5.0;0.0;0.0;18.0;9.0;11.0;16.0;16.0;11.0;1.0;1.0;3.0;17.0;5.0;19.0;24.0;21.0;4.0;0.0;5.0;13.0;12.0;23.0;32.0;34.0;16.0;0.0;10.0;21.0;22.0;22.0;39.0;32.0;0.0;4.0;23.0;55.0;41.0;31.0;114.0;44.0;2.0;1.0;14.0;11.0;18.0;21.0;12.0;3.0;0.0;0.0;7.0;26.0;10.0;7.0;10.0;17.0;0.0;1.0;4.0;4.0;1.0;0.0;1.0;0.0;0.0;1.0;0.0;0.0;0.0;0.0;0.0;0.0;0.0
senatoripd;0.0;0.0;0.0;0.0;0.0;7.0;2.0;8.0;0.0;1.0;4.0;3.0;3.0;4.0;0.0;0.0;2.0;0.0;0.0;11.0;6.0;3.0;5.0;1.0;0.0;1.0;3.0;1.0;1.0;2.0;0.0;5.0;0.0;1.0;1.0;6.0;5.0;3.0;1.0;0.0;0.0;0.0;1.0;7.0;10.0;0.0;5.0;3.0;2.0;0.0;14.0;12.0;4.0;6.0;4.0;38.0;0.0;0.0;1.0;0.0;0.0;0.0;4.0;0.0;0.0;0.0;2.0;10.0;5.0;0.0;2.0;5.0;2.0;0.0;2.0;1.0;7.0;4.0;4.0;2.0;0.0;0.0;1.0;2.0;3.0;0.0;0.0;0.0;0.0
contratt;0.0;0.0;0.0;0.0;0.0;5.0;0.0;0.0;0.0;0.0;3.0;1.0;4.0;5.0;4.0;0.0;0.0;0.0;2.0;6.0;3.0;1.0;0.0;0.0;1.0;0.0;2.0;3.0;0.0;2.0;4.0;0.0;0.0;0.0;4.0;5.0;1.0;1.0;27.0;6.0;3.0;1.0;13.0;14.0;4.0;4.0;6.0;3.0;0.0;0.0;1.0;10.0;1.0;4.0;3.0;1.0;1.0;0.0;0.0;0.0;1.0;1.0;1.0;0.0;0.0;0.0;0.0;0.0;0.0;0.0;0.0;2.0;0.0;0.0;0.0;0.0;0.0;2.0;2.0;0.0;0.0;0.0;0.0;1.0;0.0;0.0;0.0;0.0;0.0
bugiard;0.0;0.0;0.0;0.0;0.0;0.0;4.0;0.0;0.0;0.0;1.0;1.0;4.0;2.0;2.0;1.0;0.0;1.0;2.0;2.0;0.0;7.0;0.0;0.0;0.0;0.0;4.0;1.0;2.0;3.0;2.0;6.0;0.0;1.0;3.0;5.0;6.0;2.0;6.0;5.0;0.0;0.0;1.0;10.0;4.0;2.0;3.0;0.0;2.0;0.0;2.0;5.0;16.0;2.0;11.0;4.0;1.0;0.0;3.0;3.0;4.0;2.0;2.0;2.0;2.0;0.0;3.0;3.0;3.0;0.0;0.0;10.0;2.0;0.0;4.0;2.0;2.0;2.0;1.0;3.0;0.0;0.0;1.0;2.0;1.0;0.0;0.0;0.0;0.0
fbocc;0.0;0.0;0.0;0.0;0.0;0.0;0.0;1.0;0.0;0.0;0.0;4.0;1.0;0.0;1.0;0.0;0.0;0.0;0.0;4.0;1.0;7.0;8.0;8.0;3.0;1.0;7.0;7.0;13.0;8.0;4.0;2.0;0.0;2.0;1.0;2.0;2.0;2.0;1.0;0.0;0.0;0.0;0.0;1.0;0.0;0.0;0.0;0.0;0.0;0.0;8.0;4.0;0.0;7.0;0.0;0.0;0.0;0.0;0.0;4.0;0.0;0.0;1.0;1.0;0.0;0.0;0.0;0.0;1.0;0.0;1.0;0.0;0.0;0.0;6.0;5.0;4.0;1.0;1.0;2.0;0.0;0.0;0.0;3.0;1.0;0.0;0.0;0.0;0.0
andreaorlandosp;0.0;0.0;0.0;0.0;0.0;1.0;0.0;1.0;0.0;0.0;0.0;0.0;1.0;1.0;1.0;2.0;0.0;0.0;0.0;17.0;8.0;10.0;13.0;3.0;0.0;0.0;2.0;5.0;4.0;4.0;7.0;0.0;0.0;0.0;4.0;4.0;1.0;6.0;8.0;1.0;0.0;0.0;4.0;4.0;5.0;2.0;5.0;9.0;0.0;0.0;0.0;1.0;2.0;2.0;6.0;5.0;1.0;0.0;1.0;14.0;1.0;1.0;3.0;0.0;1.0;0.0;0.0;0.0;3.0;1.0;0.0;1.0;1.0;0.0;0.0;1.0;0.0;0.0;0.0;0.0;0.0;0.0;1.0;0.0;0.0;0.0;0.0;0.0;0.0
camer;0.0;0.0;0.0;0.0;0.0;1.0;1.0;1.0;0.0;0.0;1.0;2.0;1.0;2.0;2.0;3.0;0.0;0.0;4.0;3.0;4.0;10.0;12.0;1.0;0.0;0.0;2.0;6.0;3.0;4.0;3.0;5.0;0.0;0.0;1.0;5.0;6.0;0.0;8.0;5.0;0.0;0.0;1.0;2.0;2.0;2.0;2.0;1.0;1.0;0.0;3.0;2.0;6.0;2.0;7.0;4.0;0.0;0.0;0.0;2.0;1.0;1.0;3.0;0.0;0.0;0.0;0.0;5.0;2.0;0.0;0.0;5.0;4.0;0.0;3.0;3.0;5.0;5.0;1.0;0.0;1.0;0.0;7.0;4.0;3.0;0.0;0.0;0.0;0.0
dipendent;0.0;0.0;0.0;0.0;0.0;3.0;1.0;1.0;0.0;0.0;1.0;3.0;1.0;1.0;4.0;0.0;0.0;1.0;0.0;7.0;0.0;4.0;2.0;1.0;0.0;0.0;2.0;2.0;1.0;1.0;3.0;1.0;0.0;0.0;1.0;0.0;2.0;2.0;19.0;3.0;1.0;1.0;3.0;5.0;2.0;1.0;1.0;1.0;0.0;0.0;0.0;1.0;0.0;2.0;0.0;0.0;0.0;0.0;2.0;0.0;1.0;1.0;0.0;0.0;0.0;0.0;0.0;0.0;0.0;0.0;1.0;2.0;1.0;0.0;1.0;0.0;2.0;0.0;1.0;0.0;0.0;1.0;1.0;1.0;0.0;0.0;0.0;0.0;0.0
iovoton;0.0;0.0;0.0;0.0;9.0;43.0;48.0;26.0;2.0;1.0;19.0;40.0;35.0;46.0;48.0;31.0;3.0;10.0;32.0;62.0;40.0;61.0;87.0;44.0;2.0;3.0;18.0;40.0;43.0;41.0;84.0;60.0;6.0;15.0;62.0;50.0;53.0;63.0;118.0;110.0;3.0;10.0;49.0;92.0;69.0;54.0;105.0;84.0;16.0;8.0;67.0;104.0;131.0;99.0;167.0;118.0;12.0;3.0;41.0;48.0;34.0;22.0;31.0;18.0;4.0;3.0;20.0;40.0;27.0;11.0;10.0;44.0;7.0;2.0;6.0;2.0;6.0;1.0;0.0;0.0;0.0;1.0;0.0;1.0;0.0;0.0;0.0;0.0;0.0
settiman;0.0;0.0;0.0;0.0;0.0;5.0;5.0;1.0;1.0;0.0;1.0;2.0;4.0;7.0;5.0;0.0;0.0;1.0;2.0;4.0;3.0;4.0;4.0;3.0;1.0;0.0;0.0;5.0;3.0;0.0;2.0;3.0;1.0;0.0;0.0;3.0;3.0;2.0;5.0;0.0;0.0;0.0;1.0;2.0;1.0;4.0;2.0;1.0;0.0;1.0;0.0;5.0;2.0;3.0;3.0;2.0;1.0;0.0;0.0;3.0;3.0;0.0;0.0;0.0;0.0;0.0;0.0;0.0;0.0;0.0;1.0;0.0;0.0;0.0;3.0;3.0;1.0;2.0;0.0;0.0;0.0;0.0;0.0;0.0;0.0;0.0;0.0;0.0;0.0
sistem;0.0;0.0;0.0;0.0;0.0;2.0;0.0;1.0;0.0;0.0;0.0;1.0;4.0;4.0;5.0;1.0;0.0;0.0;4.0;3.0;1.0;2.0;3.0;1.0;0.0;0.0;3.0;1.0;8.0;6.0;1.0;3.0;1.0;0.0;3.0;5.0;1.0;6.0;3.0;2.0;0.0;1.0;2.0;1.0;0.0;0.0;2.0;3.0;0.0;0.0;7.0;2.0;4.0;0.0;3.0;2.0;0.0;0.0;1.0;2.0;0.0;1.0;2.0;0.0;0.0;0.0;0.0;0.0;0.0;0.0;0.0;6.0;1.0;0.0;2.0;3.0;5.0;2.0;6.0;4.0;0.0;0.0;1.0;1.0;2.0;0.0;0.0;0.0;0.0
passo;0.0;0.0;0.0;0.0;0.0;1.0;1.0;0.0;0.0;0.0;1.0;0.0;2.0;1.0;2.0;0.0;1.0;1.0;2.0;2.0;0.0;0.0;0.0;0.0;0.0;0.0;0.0;0.0;3.0;0.0;2.0;14.0;1.0;1.0;14.0;7.0;7.0;3.0;4.0;4.0;0.0;0.0;2.0;6.0;0.0;3.0;5.0;8.0;0.0;1.0;8.0;11.0;6.0;2.0;49.0;8.0;2.0;0.0;2.0;1.0;7.0;7.0;8.0;4.0;0.0;0.0;0.0;4.0;0.0;0.0;1.0;8.0;4.0;2.0;2.0;5.0;9.0;7.0;8.0;1.0;0.0;0.0;2.0;0.0;1.0;0.0;0.0;0.0;0.0
maumartin;0.0;0.0;0.0;0.0;2.0;2.0;2.0;9.0;1.0;1.0;1.0;2.0;2.0;2.0;0.0;2.0;1.0;0.0;1.0;0.0;5.0;3.0;5.0;0.0;1.0;0.0;2.0;2.0;1.0;0.0;1.0;1.0;0.0;0.0;2.0;1.0;1.0;5.0;4.0;0.0;0.0;0.0;0.0;2.0;7.0;1.0;0.0;0.0;0.0;0.0;0.0;5.0;2.0;6.0;4.0;4.0;0.0;0.0;0.0;0.0;0.0;0.0;1.0;0.0;0.0;0.0;0.0;0.0;0.0;0.0;0.0;2.0;0.0;0.0;0.0;0.0;0.0;0.0;0.0;0.0;0.0;0.0;0.0;1.0;1.0;0.0;0.0;0.0;0.0
titol;0.0;0.0;0.0;0.0;0.0;4.0;1.0;2.0;0.0;0.0;0.0;4.0;1.0;0.0;1.0;2.0;0.0;0.0;1.0;2.0;0.0;0.0;0.0;2.0;0.0;0.0;2.0;3.0;1.0;0.0;3.0;0.0;0.0;0.0;0.0;5.0;0.0;1.0;1.0;2.0;0.0;0.0;1.0;6.0;4.0;0.0;1.0;6.0;0.0;0.0;2.0;2.0;2.0;0.0;6.0;6.0;0.0;0.0;0.0;1.0;0.0;1.0;0.0;0.0;0.0;0.0;0.0;3.0;0.0;2.0;2.0;6.0;0.0;1.0;2.0;1.0;3.0;1.0;0.0;2.0;0.0;0.0;1.0;0.0;0.0;0.0;0.0;0.0;0.0
firme;0.0;0.0;0.0;0.0;0.0;11.0;3.0;0.0;0.0;0.0;1.0;1.0;2.0;0.0;3.0;0.0;0.0;0.0;0.0;2.0;3.0;9.0;6.0;0.0;0.0;0.0;1.0;5.0;2.0;3.0;4.0;2.0;1.0;0.0;2.0;1.0;10.0;0.0;4.0;1.0;1.0;0.0;2.0;2.0;1.0;13.0;8.0;3.0;0.0;0.0;1.0;3.0;6.0;0.0;2.0;1.0;0.0;0.0;2.0;0.0;0.0;2.0;0.0;0.0;0.0;0.0;0.0;0.0;0.0;0.0;2.0;0.0;0.0;0.0;2.0;2.0;1.0;0.0;0.0;1.0;1.0;0.0;0.0;0.0;1.0;0.0;0.0;0.0;0.0
rispond;0.0;0.0;0.0;0.0;1.0;0.0;1.0;3.0;0.0;0.0;0.0;4.0;1.0;2.0;3.0;1.0;0.0;0.0;0.0;12.0;8.0;14.0;6.0;0.0;0.0;0.0;3.0;4.0;3.0;11.0;7.0;4.0;2.0;0.0;2.0;4.0;5.0;3.0;4.0;4.0;0.0;0.0;2.0;3.0;6.0;8.0;13.0;1.0;0.0;0.0;4.0;4.0;4.0;5.0;4.0;2.0;0.0;0.0;3.0;2.0;0.0;1.0;1.0;0.0;0.0;0.0;0.0;1.0;1.0;1.0;0.0;4.0;0.0;0.0;0.0;1.0;4.0;1.0;2.0;0.0;0.0;0.0;0.0;1.0;0.0;0.0;0.0;0.0;0.0
pcpadoan;0.0;0.0;0.0;0.0;1.0;0.0;0.0;2.0;0.0;0.0;1.0;10.0;1.0;0.0;0.0;3.0;0.0;0.0;1.0;3.0;3.0;3.0;1.0;0.0;0.0;0.0;0.0;1.0;2.0;0.0;1.0;0.0;0.0;0.0;1.0;6.0;0.0;0.0;0.0;0.0;0.0;0.0;0.0;0.0;1.0;10.0;11.0;3.0;0.0;1.0;4.0;1.0;0.0;0.0;11.0;0.0;2.0;2.0;0.0;1.0;0.0;1.0;0.0;0.0;0.0;0.0;0.0;0.0;0.0;0.0;0.0;1.0;2.0;1.0;1.0;4.0;4.0;1.0;0.0;1.0;0.0;0.0;0.0;0.0;0.0;0.0;0.0;0.0;0.0
sandrogoz;0.0;0.0;0.0;0.0;0.0;0.0;5.0;1.0;0.0;0.0;0.0;0.0;2.0;1.0;0.0;0.0;0.0;0.0;0.0;2.0;3.0;1.0;2.0;0.0;0.0;0.0;0.0;0.0;0.0;1.0;1.0;2.0;0.0;0.0;1.0;2.0;8.0;3.0;5.0;0.0;0.0;0.0;1.0;0.0;3.0;3.0;0.0;0.0;0.0;0.0;2.0;5.0;1.0;4.0;2.0;4.0;0.0;0.0;0.0;1.0;0.0;7.0;3.0;0.0;0.0;0.0;0.0;0.0;1.0;1.0;3.0;0.0;1.0;0.0;0.0;2.0;2.0;3.0;0.0;1.0;0.0;0.0;0.0;0.0;1.0;0.0;0.0;0.0;0.0
truff;0.0;0.0;0.0;0.0;0.0;0.0;0.0;0.0;0.0;0.0;0.0;0.0;0.0;0.0;0.0;0.0;0.0;0.0;0.0;3.0;0.0;2.0;2.0;1.0;0.0;0.0;2.0;2.0;0.0;3.0;0.0;0.0;0.0;0.0;0.0;1.0;2.0;0.0;6.0;0.0;0.0;0.0;3.0;2.0;3.0;1.0;1.0;1.0;0.0;0.0;1.0;3.0;8.0;2.0;3.0;2.0;0.0;0.0;0.0;2.0;1.0;3.0;1.0;0.0;0.0;0.0;0.0;4.0;1.0;2.0;0.0;2.0;0.0;0.0;0.0;3.0;2.0;3.0;1.0;1.0;0.0;0.0;1.0;0.0;2.0;0.0;0.0;0.0;0.0
treno;0.0;0.0;0.0;0.0;0.0;1.0;1.0;0.0;0.0;0.0;0.0;0.0;0.0;7.0;4.0;5.0;0.0;0.0;2.0;1.0;3.0;3.0;2.0;1.0;0.0;0.0;0.0;0.0;2.0;1.0;0.0;2.0;0.0;1.0;1.0;0.0;3.0;5.0;3.0;0.0;0.0;1.0;0.0;2.0;2.0;4.0;1.0;1.0;0.0;0.0;1.0;0.0;2.0;2.0;1.0;0.0;0.0;0.0;1.0;1.0;0.0;0.0;4.0;0.0;0.0;0.0;0.0;0.0;0.0;0.0;0.0;8.0;1.0;0.0;1.0;0.0;1.0;2.0;0.0;0.0;0.0;0.0;0.0;2.0;0.0;0.0;0.0;0.0;0.0
deputatipd;0.0;0.0;0.0;0.0;3.0;8.0;2.0;0.0;0.0;0.0;1.0;6.0;6.0;7.0;3.0;0.0;2.0;0.0;2.0;2.0;3.0;4.0;6.0;3.0;0.0;2.0;3.0;4.0;3.0;2.0;3.0;2.0;0.0;0.0;1.0;13.0;7.0;5.0;4.0;0.0;0.0;1.0;3.0;9.0;13.0;7.0;2.0;6.0;0.0;2.0;7.0;8.0;9.0;12.0;7.0;0.0;0.0;0.0;1.0;0.0;0.0;0.0;0.0;2.0;0.0;0.0;0.0;2.0;1.0;1.0;0.0;6.0;1.0;0.0;5.0;2.0;10.0;1.0;2.0;1.0;0.0;0.0;1.0;0.0;2.0;0.0;0.0;0.0;0.0
boccadutr;0.0;0.0;0.0;0.0;0.0;0.0;7.0;0.0;0.0;0.0;2.0;3.0;2.0;7.0;9.0;4.0;0.0;0.0;0.0;1.0;7.0;2.0;7.0;3.0;0.0;0.0;2.0;1.0;1.0;1.0;0.0;2.0;0.0;0.0;5.0;0.0;0.0;0.0;0.0;0.0;1.0;1.0;1.0;5.0;1.0;0.0;3.0;13.0;2.0;0.0;3.0;4.0;0.0;4.0;0.0;0.0;0.0;0.0;0.0;1.0;0.0;0.0;0.0;1.0;0.0;0.0;1.0;17.0;0.0;4.0;2.0;1.0;0.0;0.0;0.0;0.0;1.0;0.0;1.0;3.0;0.0;0.0;0.0;0.0;2.0;0.0;0.0;0.0;0.0
votiam;0.0;0.0;0.0;0.0;0.0;5.0;0.0;0.0;0.0;0.0;3.0;2.0;7.0;2.0;7.0;3.0;0.0;0.0;2.0;0.0;7.0;2.0;6.0;2.0;0.0;1.0;1.0;1.0;1.0;5.0;1.0;5.0;0.0;0.0;2.0;5.0;2.0;5.0;10.0;8.0;1.0;1.0;1.0;26.0;21.0;7.0;6.0;4.0;0.0;0.0;15.0;6.0;12.0;9.0;26.0;6.0;0.0;1.0;5.0;3.0;5.0;9.0;2.0;2.0;0.0;0.0;3.0;7.0;2.0;3.0;0.0;3.0;1.0;1.0;1.0;1.0;5.0;3.0;4.0;3.0;0.0;0.0;3.0;0.0;3.0;0.0;0.0;0.0;0.0
risparm;0.0;0.0;0.0;0.0;0.0;1.0;2.0;0.0;0.0;0.0;1.0;4.0;1.0;1.0;1.0;0.0;0.0;0.0;1.0;2.0;0.0;2.0;3.0;0.0;1.0;0.0;0.0;1.0;2.0;4.0;3.0;15.0;1.0;6.0;9.0;2.0;4.0;1.0;2.0;3.0;0.0;4.0;0.0;1.0;3.0;0.0;2.0;2.0;0.0;0.0;2.0;18.0;7.0;7.0;9.0;4.0;0.0;0.0;0.0;1.0;1.0;0.0;2.0;0.0;1.0;0.0;0.0;0.0;1.0;2.0;0.0;0.0;0.0;1.0;1.0;2.0;0.0;2.0;0.0;0.0;0.0;0.0;1.0;0.0;0.0;0.0;0.0;0.0;0.0
letter;0.0;0.0;0.0;0.0;0.0;1.0;1.0;2.0;0.0;0.0;0.0;2.0;1.0;1.0;0.0;1.0;1.0;1.0;0.0;0.0;3.0;6.0;0.0;4.0;0.0;0.0;0.0;1.0;2.0;1.0;0.0;4.0;0.0;1.0;2.0;2.0;4.0;1.0;2.0;1.0;0.0;0.0;2.0;1.0;3.0;3.0;2.0;0.0;0.0;0.0;2.0;2.0;3.0;1.0;2.0;2.0;0.0;0.0;0.0;2.0;0.0;1.0;1.0;0.0;0.0;0.0;0.0;0.0;0.0;0.0;0.0;4.0;1.0;0.0;0.0;2.0;2.0;0.0;1.0;0.0;0.0;0.0;1.0;0.0;0.0;0.0;0.0;0.0;0.0
bruxelles;0.0;0.0;0.0;0.0;0.0;1.0;0.0;0.0;0.0;0.0;1.0;1.0;0.0;4.0;2.0;1.0;0.0;1.0;1.0;2.0;1.0;0.0;0.0;1.0;0.0;0.0;0.0;0.0;2.0;1.0;2.0;2.0;0.0;1.0;2.0;1.0;1.0;4.0;2.0;2.0;0.0;0.0;1.0;0.0;4.0;11.0;4.0;9.0;2.0;1.0;1.0;6.0;2.0;3.0;3.0;4.0;0.0;0.0;2.0;2.0;1.0;0.0;0.0;0.0;0.0;0.0;0.0;1.0;3.0;0.0;0.0;3.0;0.0;0.0;1.0;0.0;1.0;0.0;2.0;8.0;0.0;1.0;1.0;4.0;1.0;0.0;0.0;0.0;0.0
citt?;0.0;0.0;0.0;0.0;0.0;0.0;0.0;0.0;0.0;0.0;0.0;0.0;0.0;0.0;0.0;0.0;0.0;0.0;0.0;0.0;0.0;0.0;0.0;0.0;0.0;0.0;0.0;0.0;0.0;0.0;0.0;0.0;0.0;0.0;0.0;0.0;0.0;0.0;0.0;0.0;0.0;0.0;0.0;0.0;0.0;0.0;0.0;0.0;0.0;0.0;0.0;0.0;0.0;0.0;0.0;0.0;0.0;0.0;0.0;0.0;0.0;0.0;0.0;0.0;0.0;0.0;0.0;0.0;0.0;0.0;0.0;0.0;0.0;0.0;0.0;0.0;0.0;0.0;0.0;0.0;0.0;0.0;0.0;0.0;0.0;0.0;0.0;0.0;0.0
nzingarett;0.0;0.0;0.0;0.0;0.0;0.0;0.0;0.0;1.0;0.0;0.0;2.0;0.0;0.0;1.0;0.0;0.0;0.0;0.0;2.0;2.0;4.0;2.0;3.0;2.0;0.0;4.0;4.0;2.0;14.0;1.0;1.0;0.0;0.0;0.0;9.0;2.0;6.0;1.0;0.0;0.0;0.0;0.0;5.0;2.0;5.0;8.0;1.0;0.0;0.0;0.0;4.0;8.0;3.0;10.0;3.0;0.0;0.0;0.0;0.0;0.0;0.0;0.0;1.0;0.0;0.0;0.0;0.0;0.0;0.0;0.0;0.0;0.0;0.0;0.0;4.0;12.0;14.0;3.0;1.0;0.0;0.0;1.0;7.0;8.0;0.0;0.0;0.0;0.0
statut;0.0;0.0;0.0;0.0;1.0;0.0;4.0;1.0;0.0;0.0;2.0;0.0;0.0;0.0;0.0;0.0;0.0;0.0;3.0;2.0;2.0;3.0;2.0;4.0;0.0;1.0;1.0;2.0;0.0;9.0;6.0;2.0;0.0;1.0;5.0;2.0;1.0;0.0;4.0;1.0;0.0;0.0;0.0;0.0;0.0;1.0;1.0;2.0;0.0;0.0;2.0;1.0;2.0;0.0;3.0;2.0;1.0;1.0;1.0;1.0;1.0;1.0;0.0;1.0;0.0;0.0;1.0;1.0;0.0;0.0;0.0;1.0;0.0;0.0;1.0;0.0;3.0;3.0;0.0;0.0;0.0;0.0;0.0;1.0;0.0;0.0;0.0;0.0;0.0
bufal;0.0;0.0;0.0;0.0;0.0;0.0;0.0;1.0;0.0;0.0;0.0;1.0;4.0;0.0;7.0;1.0;0.0;0.0;0.0;3.0;0.0;1.0;0.0;0.0;0.0;0.0;0.0;25.0;9.0;23.0;55.0;26.0;5.0;4.0;11.0;20.0;21.0;6.0;11.0;4.0;0.0;1.0;1.0;21.0;14.0;1.0;10.0;5.0;2.0;0.0;4.0;13.0;3.0;2.0;19.0;6.0;0.0;1.0;0.0;0.0;3.0;8.0;3.0;0.0;0.0;0.0;1.0;4.0;0.0;2.0;0.0;0.0;1.0;2.0;1.0;3.0;5.0;1.0;1.0;2.0;1.0;0.0;1.0;1.0;0.0;0.0;0.0;0.0;0.0
idoneifantasm;0.0;0.0;0.0;0.0;0.0;0.0;2.0;3.0;0.0;0.0;0.0;3.0;8.0;1.0;3.0;10.0;0.0;0.0;3.0;0.0;7.0;1.0;4.0;3.0;0.0;0.0;0.0;0.0;0.0;0.0;0.0;6.0;0.0;0.0;2.0;0.0;0.0;0.0;20.0;2.0;0.0;0.0;10.0;0.0;0.0;2.0;0.0;3.0;0.0;0.0;7.0;11.0;11.0;11.0;4.0;1.0;0.0;0.0;2.0;1.0;2.0;1.0;1.0;0.0;0.0;0.0;0.0;1.0;8.0;5.0;1.0;1.0;0.0;0.0;0.0;1.0;2.0;2.0;1.0;3.0;0.0;0.0;3.0;0.0;1.0;0.0;0.0;0.0;0.0
voterann;0.0;0.0;0.0;0.0;1.0;2.0;1.0;1.0;0.0;0.0;1.0;2.0;3.0;1.0;0.0;1.0;3.0;0.0;0.0;1.0;1.0;1.0;2.0;0.0;0.0;0.0;0.0;1.0;0.0;1.0;2.0;0.0;0.0;1.0;0.0;0.0;2.0;2.0;1.0;3.0;0.0;0.0;0.0;6.0;4.0;1.0;3.0;2.0;0.0;0.0;0.0;3.0;3.0;0.0;4.0;4.0;0.0;0.0;3.0;2.0;0.0;0.0;0.0;0.0;1.0;0.0;0.0;1.0;1.0;0.0;0.0;0.0;0.0;0.0;1.0;1.0;1.0;2.0;1.0;2.0;0.0;0.0;0.0;1.0;1.0;0.0;0.0;0.0;0.0
luned;0.0;0.0;0.0;0.0;0.0;2.0;0.0;1.0;0.0;0.0;1.0;1.0;1.0;0.0;0.0;0.0;0.0;0.0;1.0;3.0;6.0;1.0;1.0;4.0;0.0;0.0;0.0;0.0;0.0;0.0;2.0;3.0;0.0;0.0;2.0;4.0;3.0;5.0;1.0;2.0;1.0;0.0;0.0;2.0;2.0;2.0;4.0;0.0;1.0;0.0;1.0;5.0;3.0;5.0;9.0;8.0;1.0;2.0;4.0;6.0;4.0;2.0;4.0;1.0;0.0;0.0;1.0;0.0;0.0;1.0;0.0;1.0;1.0;0.0;5.0;0.0;0.0;0.0;1.0;1.0;0.0;0.0;0.0;0.0;2.0;0.0;0.0;0.0;0.0
domenic;0.0;0.0;0.0;0.0;0.0;1.0;0.0;1.0;0.0;5.0;1.0;7.0;6.0;5.0;5.0;2.0;0.0;0.0;1.0;3.0;1.0;7.0;2.0;4.0;1.0;0.0;1.0;3.0;5.0;3.0;9.0;4.0;0.0;0.0;3.0;6.0;2.0;2.0;11.0;8.0;1.0;0.0;2.0;13.0;4.0;2.0;11.0;2.0;1.0;0.0;5.0;9.0;8.0;15.0;14.0;19.0;2.0;0.0;1.0;1.0;4.0;3.0;1.0;1.0;1.0;2.0;2.0;5.0;5.0;0.0;1.0;1.0;1.0;0.0;1.0;1.0;0.0;0.0;1.0;1.0;0.0;1.0;1.0;2.0;4.0;0.0;0.0;0.0;0.0
palerm;0.0;0.0;0.0;0.0;0.0;3.0;0.0;1.0;0.0;0.0;0.0;1.0;1.0;0.0;0.0;2.0;0.0;0.0;0.0;1.0;4.0;2.0;2.0;0.0;0.0;0.0;1.0;1.0;0.0;7.0;3.0;2.0;0.0;0.0;2.0;0.0;0.0;0.0;0.0;2.0;0.0;0.0;0.0;4.0;1.0;3.0;1.0;0.0;0.0;0.0;4.0;17.0;8.0;0.0;1.0;0.0;0.0;0.0;2.0;0.0;1.0;0.0;0.0;0.0;0.0;0.0;0.0;0.0;0.0;0.0;0.0;1.0;0.0;0.0;1.0;0.0;3.0;0.0;2.0;1.0;0.0;0.0;0.0;1.0;1.0;0.0;0.0;0.0;0.0
dubbi;0.0;0.0;0.0;0.0;0.0;0.0;0.0;0.0;1.0;0.0;0.0;1.0;4.0;1.0;1.0;2.0;0.0;0.0;3.0;0.0;3.0;1.0;0.0;2.0;0.0;0.0;0.0;0.0;0.0;1.0;0.0;1.0;0.0;0.0;1.0;2.0;0.0;2.0;3.0;2.0;0.0;1.0;3.0;2.0;3.0;1.0;4.0;1.0;0.0;0.0;13.0;10.0;11.0;2.0;3.0;2.0;0.0;0.0;1.0;0.0;1.0;2.0;2.0;1.0;0.0;0.0;0.0;3.0;0.0;0.0;2.0;3.0;1.0;0.0;1.0;1.0;2.0;0.0;2.0;0.0;0.0;0.0;0.0;1.0;0.0;0.0;0.0;0.0;0.0
concret;0.0;0.0;0.0;0.0;0.0;2.0;1.0;0.0;0.0;0.0;0.0;0.0;0.0;0.0;1.0;0.0;0.0;0.0;2.0;2.0;1.0;8.0;1.0;2.0;0.0;0.0;2.0;0.0;2.0;1.0;4.0;1.0;0.0;0.0;0.0;1.0;0.0;1.0;1.0;2.0;0.0;0.0;0.0;0.0;1.0;0.0;10.0;11.0;0.0;0.0;3.0;0.0;1.0;0.0;0.0;1.0;0.0;0.0;0.0;0.0;1.0;1.0;0.0;0.0;0.0;0.0;0.0;0.0;0.0;0.0;1.0;2.0;3.0;0.0;1.0;1.0;4.0;3.0;1.0;1.0;0.0;0.0;3.0;3.0;1.0;0.0;0.0;0.0;0.0
retweeted;0.0;0.0;0.0;0.0;0.0;2.0;0.0;0.0;0.0;0.0;0.0;5.0;0.0;1.0;0.0;0.0;0.0;0.0;0.0;2.0;0.0;4.0;5.0;2.0;0.0;0.0;0.0;0.0;4.0;0.0;7.0;5.0;0.0;0.0;0.0;3.0;0.0;3.0;3.0;0.0;0.0;0.0;1.0;1.0;2.0;4.0;3.0;1.0;0.0;0.0;1.0;10.0;2.0;3.0;0.0;0.0;0.0;0.0;0.0;4.0;0.0;2.0;3.0;0.0;0.0;0.0;0.0;1.0;0.0;4.0;1.0;1.0;0.0;0.0;0.0;1.0;0.0;0.0;2.0;1.0;0.0;0.0;0.0;0.0;7.0;0.0;0.0;0.0;0.0
civil;0.0;0.0;0.0;0.0;0.0;4.0;2.0;1.0;0.0;0.0;0.0;8.0;1.0;1.0;4.0;1.0;1.0;0.0;0.0;0.0;0.0;2.0;3.0;4.0;0.0;0.0;0.0;6.0;1.0;3.0;0.0;3.0;0.0;0.0;0.0;3.0;1.0;0.0;1.0;1.0;0.0;0.0;1.0;1.0;2.0;1.0;3.0;1.0;0.0;0.0;1.0;2.0;0.0;1.0;1.0;0.0;0.0;0.0;0.0;3.0;2.0;2.0;2.0;1.0;0.0;0.0;0.0;1.0;1.0;1.0;0.0;2.0;1.0;0.0;0.0;4.0;4.0;5.0;0.0;1.0;2.0;0.0;0.0;0.0;2.0;0.0;0.0;0.0;0.0
tarant;0.0;0.0;0.0;0.0;0.0;6.0;4.0;1.0;0.0;0.0;2.0;4.0;3.0;2.0;0.0;4.0;0.0;0.0;4.0;1.0;2.0;5.0;11.0;2.0;1.0;3.0;3.0;1.0;9.0;5.0;8.0;10.0;0.0;0.0;5.0;6.0;9.0;3.0;3.0;1.0;0.0;0.0;1.0;1.0;0.0;0.0;0.0;1.0;0.0;0.0;4.0;3.0;0.0;3.0;0.0;0.0;1.0;0.0;1.0;2.0;0.0;2.0;0.0;0.0;0.0;0.0;0.0;0.0;0.0;0.0;2.0;15.0;1.0;0.0;1.0;0.0;1.0;1.0;0.0;3.0;0.0;0.0;2.0;1.0;0.0;0.0;0.0;0.0;0.0
debit;0.0;0.0;0.0;0.0;0.0;1.0;3.0;0.0;0.0;0.0;2.0;0.0;5.0;0.0;0.0;0.0;1.0;0.0;0.0;3.0;1.0;3.0;1.0;2.0;0.0;0.0;0.0;1.0;1.0;3.0;2.0;1.0;1.0;0.0;1.0;1.0;0.0;2.0;3.0;0.0;0.0;0.0;1.0;3.0;8.0;1.0;1.0;0.0;0.0;0.0;0.0;0.0;1.0;1.0;1.0;1.0;0.0;0.0;3.0;0.0;0.0;0.0;0.0;0.0;0.0;0.0;0.0;0.0;0.0;0.0;0.0;3.0;0.0;0.0;1.0;1.0;5.0;5.0;4.0;2.0;0.0;0.0;2.0;0.0;2.0;0.0;0.0;0.0;0.0
vicoludovic;0.0;0.0;0.0;0.0;0.0;0.0;0.0;2.0;0.0;0.0;0.0;0.0;0.0;0.0;5.0;1.0;0.0;0.0;0.0;0.0;0.0;0.0;0.0;0.0;0.0;0.0;2.0;3.0;0.0;0.0;0.0;7.0;0.0;0.0;2.0;0.0;4.0;1.0;7.0;3.0;2.0;2.0;1.0;0.0;0.0;0.0;0.0;1.0;0.0;0.0;0.0;0.0;0.0;0.0;0.0;8.0;2.0;1.0;6.0;2.0;3.0;0.0;0.0;6.0;3.0;0.0;1.0;5.0;3.0;2.0;1.0;5.0;0.0;1.0;0.0;0.0;0.0;0.0;0.0;3.0;0.0;0.0;1.0;0.0;0.0;0.0;0.0;0.0;0.0
erealacc;0.0;0.0;0.0;0.0;0.0;0.0;3.0;0.0;0.0;0.0;1.0;9.0;4.0;0.0;2.0;0.0;0.0;0.0;1.0;5.0;0.0;4.0;3.0;0.0;0.0;0.0;0.0;3.0;4.0;0.0;0.0;0.0;0.0;2.0;2.0;2.0;3.0;1.0;0.0;0.0;0.0;0.0;1.0;1.0;0.0;0.0;1.0;1.0;1.0;0.0;4.0;0.0;1.0;4.0;1.0;2.0;0.0;0.0;0.0;1.0;1.0;0.0;0.0;1.0;0.0;0.0;0.0;0.0;0.0;1.0;2.0;1.0;0.0;0.0;0.0;1.0;2.0;2.0;0.0;0.0;0.0;2.0;0.0;4.0;2.0;0.0;0.0;0.0;0.0
art;0.0;0.0;0.0;0.0;0.0;2.0;2.0;8.0;2.0;1.0;3.0;3.0;1.0;5.0;5.0;2.0;0.0;0.0;0.0;1.0;0.0;0.0;5.0;0.0;0.0;0.0;1.0;6.0;1.0;6.0;4.0;5.0;0.0;0.0;4.0;1.0;2.0;0.0;1.0;0.0;0.0;0.0;0.0;0.0;2.0;3.0;0.0;1.0;0.0;0.0;1.0;0.0;4.0;2.0;2.0;1.0;1.0;0.0;1.0;4.0;1.0;2.0;0.0;0.0;0.0;0.0;0.0;1.0;0.0;0.0;0.0;4.0;3.0;1.0;0.0;3.0;2.0;4.0;1.0;1.0;0.0;0.0;0.0;2.0;3.0;0.0;0.0;0.0;0.0
prorog;0.0;0.0;0.0;0.0;0.0;3.0;0.0;4.0;0.0;0.0;9.0;16.0;2.0;2.0;6.0;0.0;0.0;2.0;5.0;3.0;5.0;3.0;3.0;1.0;0.0;0.0;1.0;0.0;2.0;1.0;2.0;0.0;0.0;6.0;1.0;0.0;0.0;0.0;0.0;1.0;0.0;6.0;3.0;0.0;0.0;0.0;1.0;0.0;0.0;12.0;1.0;0.0;0.0;2.0;0.0;0.0;0.0;0.0;0.0;3.0;0.0;1.0;0.0;0.0;0.0;0.0;0.0;0.0;0.0;0.0;0.0;1.0;0.0;0.0;0.0;1.0;2.0;0.0;2.0;2.0;0.0;1.0;1.0;1.0;2.0;0.0;0.0;0.0;0.0
mauriziolup;0.0;0.0;0.0;0.0;0.0;0.0;1.0;0.0;0.0;0.0;1.0;0.0;2.0;3.0;42.0;2.0;1.0;0.0;24.0;6.0;6.0;3.0;5.0;12.0;0.0;0.0;0.0;1.0;1.0;5.0;2.0;7.0;1.0;1.0;2.0;4.0;2.0;4.0;9.0;0.0;0.0;0.0;1.0;2.0;5.0;1.0;2.0;6.0;0.0;0.0;2.0;1.0;7.0;1.0;10.0;0.0;0.0;0.0;1.0;0.0;1.0;1.0;0.0;1.0;0.0;0.0;0.0;0.0;0.0;1.0;1.0;1.0;16.0;5.0;12.0;7.0;2.0;2.0;5.0;4.0;1.0;0.0;1.0;0.0;3.0;0.0;0.0;0.0;0.0
facebook;0.0;0.0;0.0;0.0;0.0;5.0;2.0;1.0;3.0;0.0;3.0;2.0;4.0;2.0;1.0;2.0;0.0;0.0;0.0;1.0;1.0;3.0;2.0;0.0;0.0;0.0;0.0;7.0;4.0;3.0;1.0;2.0;0.0;0.0;0.0;3.0;20.0;11.0;6.0;6.0;2.0;0.0;2.0;5.0;3.0;1.0;3.0;1.0;0.0;1.0;4.0;4.0;3.0;2.0;3.0;0.0;0.0;0.0;1.0;1.0;1.0;1.0;1.0;0.0;0.0;0.0;1.0;0.0;2.0;0.0;0.0;6.0;1.0;0.0;0.0;2.0;2.0;3.0;1.0;1.0;0.0;1.0;0.0;2.0;0.0;0.0;0.0;0.0;0.0
raitr;0.0;0.0;0.0;0.0;0.0;0.0;0.0;0.0;0.0;0.0;0.0;2.0;3.0;0.0;0.0;1.0;0.0;1.0;0.0;0.0;0.0;0.0;0.0;3.0;0.0;0.0;0.0;2.0;0.0;20.0;24.0;2.0;0.0;2.0;2.0;4.0;0.0;1.0;0.0;1.0;0.0;0.0;1.0;0.0;4.0;3.0;7.0;0.0;0.0;0.0;2.0;1.0;0.0;0.0;0.0;0.0;0.0;0.0;0.0;0.0;1.0;0.0;0.0;0.0;0.0;0.0;0.0;0.0;0.0;0.0;0.0;0.0;0.0;0.0;0.0;0.0;0.0;0.0;1.0;0.0;0.0;0.0;0.0;0.0;0.0;0.0;0.0;0.0;0.0
intervent;0.0;0.0;0.0;0.0;0.0;1.0;1.0;1.0;0.0;0.0;0.0;2.0;1.0;1.0;0.0;0.0;0.0;0.0;1.0;3.0;2.0;11.0;1.0;4.0;0.0;0.0;2.0;2.0;2.0;4.0;1.0;2.0;0.0;0.0;0.0;3.0;1.0;3.0;0.0;2.0;0.0;0.0;2.0;2.0;3.0;0.0;1.0;2.0;0.0;0.0;4.0;1.0;2.0;1.0;1.0;2.0;0.0;0.0;0.0;1.0;0.0;1.0;1.0;1.0;0.0;0.0;0.0;0.0;1.0;1.0;0.0;2.0;0.0;0.0;0.0;0.0;1.0;0.0;0.0;0.0;0.0;1.0;1.0;2.0;1.0;0.0;0.0;0.0;0.0
forner;0.0;0.0;0.0;0.0;0.0;3.0;0.0;3.0;1.0;0.0;0.0;4.0;2.0;9.0;3.0;1.0;0.0;0.0;4.0;1.0;4.0;0.0;4.0;3.0;0.0;0.0;0.0;4.0;1.0;3.0;0.0;0.0;0.0;0.0;2.0;4.0;0.0;0.0;2.0;0.0;0.0;0.0;3.0;1.0;0.0;1.0;1.0;5.0;0.0;0.0;2.0;3.0;0.0;1.0;4.0;1.0;0.0;0.0;2.0;1.0;3.0;3.0;1.0;1.0;0.0;0.0;0.0;2.0;1.0;0.0;0.0;5.0;0.0;0.0;1.0;4.0;8.0;6.0;10.0;2.0;0.0;0.0;1.0;1.0;2.0;0.0;0.0;0.0;0.0
carlocalend;0.0;0.0;0.0;0.0;0.0;0.0;0.0;0.0;0.0;0.0;4.0;2.0;1.0;0.0;1.0;18.0;0.0;0.0;1.0;1.0;2.0;10.0;4.0;3.0;0.0;0.0;0.0;5.0;4.0;3.0;5.0;0.0;0.0;0.0;2.0;3.0;6.0;15.0;3.0;0.0;0.0;0.0;0.0;5.0;13.0;22.0;14.0;5.0;0.0;0.0;10.0;15.0;8.0;5.0;7.0;2.0;0.0;0.0;0.0;3.0;1.0;2.0;1.0;0.0;0.0;0.0;0.0;1.0;0.0;2.0;0.0;3.0;13.0;0.0;2.0;2.0;3.0;2.0;1.0;0.0;0.0;0.0;1.0;2.0;0.0;0.0;0.0;0.0;0.0
doppiocanal;0.0;0.0;0.0;0.0;0.0;7.0;1.0;9.0;0.0;0.0;0.0;0.0;0.0;5.0;5.0;5.0;0.0;0.0;0.0;1.0;4.0;0.0;0.0;3.0;0.0;0.0;0.0;0.0;0.0;5.0;2.0;5.0;0.0;0.0;0.0;0.0;0.0;1.0;2.0;1.0;0.0;0.0;0.0;0.0;0.0;0.0;2.0;7.0;0.0;0.0;0.0;0.0;0.0;0.0;6.0;3.0;0.0;0.0;0.0;0.0;0.0;0.0;1.0;5.0;0.0;0.0;0.0;0.0;0.0;0.0;1.0;11.0;0.0;0.0;0.0;0.0;0.0;0.0;3.0;0.0;0.0;0.0;0.0;0.0;0.0;0.0;0.0;0.0;0.0
almaviv;0.0;0.0;0.0;0.0;0.0;2.0;1.0;7.0;1.0;0.0;4.0;2.0;1.0;1.0;0.0;2.0;0.0;3.0;2.0;7.0;7.0;7.0;10.0;10.0;0.0;0.0;11.0;12.0;11.0;4.0;5.0;1.0;1.0;0.0;1.0;2.0;14.0;4.0;1.0;0.0;0.0;0.0;3.0;5.0;1.0;2.0;2.0;0.0;0.0;1.0;0.0;11.0;4.0;2.0;0.0;0.0;0.0;0.0;0.0;2.0;1.0;2.0;0.0;1.0;0.0;0.0;0.0;3.0;0.0;1.0;0.0;2.0;4.0;0.0;1.0;0.0;1.0;4.0;0.0;2.0;0.0;0.0;5.0;13.0;11.0;0.0;0.0;0.0;0.0
matteorispond;0.0;0.0;0.0;0.0;0.0;5.0;0.0;0.0;0.0;0.0;0.0;0.0;0.0;0.0;1.0;0.0;0.0;0.0;1.0;16.0;9.0;63.0;15.0;0.0;0.0;0.0;0.0;2.0;7.0;32.0;41.0;34.0;0.0;0.0;2.0;4.0;1.0;1.0;0.0;1.0;0.0;0.0;1.0;2.0;5.0;33.0;5.0;1.0;0.0;0.0;16.0;19.0;2.0;1.0;2.0;2.0;0.0;0.0;0.0;0.0;0.0;0.0;0.0;0.0;0.0;0.0;0.0;1.0;0.0;0.0;0.0;2.0;1.0;0.0;0.0;2.0;1.0;0.0;0.0;0.0;0.0;0.0;1.0;0.0;0.0;0.0;0.0;0.0;0.0
dovrebb;0.0;0.0;0.0;0.0;0.0;2.0;2.0;2.0;0.0;0.0;2.0;1.0;3.0;2.0;5.0;3.0;0.0;0.0;5.0;4.0;3.0;3.0;3.0;1.0;0.0;1.0;2.0;4.0;6.0;2.0;4.0;3.0;1.0;0.0;3.0;6.0;4.0;6.0;7.0;3.0;1.0;0.0;0.0;3.0;5.0;2.0;3.0;3.0;1.0;0.0;4.0;3.0;5.0;4.0;10.0;5.0;2.0;0.0;2.0;1.0;3.0;1.0;2.0;2.0;0.0;0.0;2.0;1.0;1.0;2.0;0.0;6.0;1.0;0.0;4.0;6.0;15.0;7.0;7.0;7.0;1.0;2.0;3.0;3.0;8.0;0.0;0.0;0.0;0.0
indecis;0.0;0.0;0.0;0.0;0.0;0.0;0.0;0.0;0.0;0.0;0.0;0.0;3.0;1.0;2.0;1.0;0.0;0.0;1.0;1.0;1.0;0.0;2.0;1.0;0.0;0.0;0.0;1.0;1.0;3.0;2.0;1.0;0.0;0.0;1.0;0.0;2.0;2.0;3.0;1.0;0.0;0.0;0.0;2.0;2.0;3.0;6.0;3.0;1.0;0.0;3.0;4.0;3.0;6.0;5.0;10.0;1.0;0.0;3.0;3.0;4.0;4.0;3.0;2.0;0.0;0.0;2.0;0.0;0.0;1.0;0.0;2.0;1.0;0.0;0.0;0.0;2.0;0.0;1.0;0.0;0.0;0.0;0.0;0.0;0.0;0.0;0.0;0.0;0.0
finta;0.0;0.0;0.0;0.0;0.0;4.0;0.0;1.0;0.0;0.0;1.0;0.0;3.0;3.0;1.0;1.0;0.0;2.0;17.0;10.0;3.0;2.0;5.0;2.0;0.0;0.0;0.0;3.0;0.0;0.0;1.0;1.0;0.0;0.0;0.0;1.0;1.0;2.0;2.0;2.0;0.0;0.0;5.0;4.0;0.0;2.0;2.0;0.0;0.0;0.0;8.0;4.0;4.0;0.0;0.0;0.0;2.0;0.0;1.0;2.0;1.0;1.0;1.0;1.0;0.0;0.0;0.0;1.0;0.0;1.0;0.0;3.0;1.0;0.0;2.0;1.0;3.0;2.0;2.0;3.0;0.0;1.0;0.0;0.0;0.0;0.0;0.0;0.0;0.0
polettigiulian;0.0;0.0;0.0;0.0;2.0;0.0;1.0;1.0;0.0;0.0;0.0;7.0;2.0;0.0;2.0;2.0;0.0;0.0;1.0;0.0;3.0;1.0;5.0;1.0;0.0;0.0;3.0;9.0;1.0;4.0;4.0;2.0;0.0;1.0;0.0;7.0;1.0;5.0;1.0;1.0;0.0;0.0;3.0;1.0;2.0;1.0;0.0;1.0;0.0;0.0;1.0;7.0;4.0;1.0;2.0;0.0;2.0;0.0;0.0;0.0;0.0;2.0;0.0;0.0;0.0;0.0;0.0;5.0;0.0;1.0;0.0;2.0;2.0;0.0;1.0;0.0;0.0;1.0;2.0;0.0;0.0;0.0;1.0;0.0;0.0;0.0;0.0;0.0;0.0
abilitatitf;0.0;0.0;0.0;0.0;0.0;6.0;1.0;13.0;0.0;0.0;0.0;1.0;0.0;6.0;5.0;10.0;0.0;0.0;0.0;1.0;8.0;0.0;0.0;5.0;0.0;0.0;0.0;0.0;0.0;5.0;2.0;5.0;0.0;0.0;1.0;0.0;0.0;1.0;5.0;5.0;0.0;0.0;0.0;1.0;0.0;0.0;2.0;8.0;0.0;0.0;0.0;0.0;0.0;0.0;9.0;4.0;0.0;0.0;0.0;0.0;0.0;0.0;1.0;5.0;0.0;0.0;0.0;0.0;0.0;1.0;1.0;6.0;0.0;0.0;1.0;2.0;6.0;1.0;3.0;2.0;0.0;0.0;1.0;1.0;0.0;0.0;0.0;0.0;0.0
mostr;0.0;0.0;0.0;0.0;0.0;1.0;0.0;1.0;0.0;0.0;0.0;6.0;2.0;4.0;1.0;1.0;0.0;0.0;0.0;0.0;0.0;0.0;3.0;1.0;0.0;0.0;0.0;0.0;3.0;1.0;2.0;5.0;1.0;0.0;1.0;2.0;2.0;2.0;1.0;1.0;0.0;0.0;0.0;6.0;5.0;4.0;2.0;0.0;0.0;0.0;2.0;7.0;1.0;1.0;1.0;1.0;0.0;0.0;0.0;5.0;1.0;0.0;1.0;0.0;0.0;0.0;0.0;0.0;1.0;1.0;1.0;7.0;0.0;0.0;0.0;0.0;3.0;2.0;2.0;1.0;0.0;0.0;1.0;0.0;7.0;0.0;0.0;0.0;0.0
spiegar;0.0;0.0;0.0;0.0;0.0;2.0;3.0;1.0;0.0;0.0;1.0;3.0;3.0;3.0;0.0;1.0;0.0;0.0;0.0;3.0;0.0;3.0;0.0;0.0;0.0;0.0;4.0;9.0;2.0;3.0;8.0;2.0;0.0;0.0;0.0;2.0;2.0;2.0;2.0;1.0;0.0;0.0;1.0;3.0;4.0;0.0;3.0;4.0;0.0;0.0;5.0;4.0;1.0;5.0;4.0;2.0;1.0;0.0;1.0;2.0;5.0;0.0;0.0;0.0;0.0;0.0;0.0;1.0;0.0;1.0;1.0;2.0;0.0;0.0;2.0;0.0;1.0;2.0;2.0;2.0;1.0;0.0;1.0;2.0;0.0;0.0;0.0;0.0;0.0
previst;0.0;0.0;0.0;0.0;0.0;0.0;1.0;0.0;0.0;0.0;0.0;0.0;0.0;1.0;1.0;0.0;0.0;0.0;1.0;2.0;0.0;5.0;1.0;1.0;0.0;0.0;0.0;0.0;0.0;3.0;2.0;0.0;0.0;0.0;0.0;0.0;3.0;2.0;0.0;3.0;0.0;0.0;1.0;20.0;22.0;4.0;3.0;0.0;0.0;0.0;3.0;2.0;0.0;5.0;3.0;0.0;0.0;0.0;0.0;0.0;1.0;3.0;0.0;0.0;0.0;0.0;1.0;1.0;1.0;0.0;0.0;3.0;1.0;0.0;1.0;1.0;1.0;0.0;5.0;0.0;0.0;0.0;0.0;1.0;0.0;0.0;0.0;0.0;0.0
alessiarott;0.0;0.0;0.0;0.0;0.0;0.0;4.0;1.0;1.0;0.0;0.0;0.0;0.0;1.0;0.0;1.0;0.0;0.0;0.0;0.0;15.0;4.0;16.0;5.0;0.0;0.0;8.0;16.0;13.0;9.0;3.0;0.0;0.0;0.0;11.0;1.0;14.0;6.0;7.0;0.0;1.0;0.0;3.0;7.0;11.0;11.0;9.0;3.0;3.0;1.0;1.0;10.0;6.0;0.0;3.0;4.0;0.0;0.0;1.0;1.0;0.0;0.0;4.0;4.0;0.0;0.0;0.0;1.0;0.0;0.0;2.0;20.0;16.0;5.0;16.0;11.0;7.0;6.0;4.0;0.0;1.0;0.0;0.0;2.0;1.0;0.0;0.0;0.0;0.0
zaiapresident;0.0;0.0;0.0;0.0;0.0;3.0;2.0;1.0;0.0;0.0;2.0;1.0;4.0;4.0;4.0;2.0;0.0;1.0;2.0;1.0;0.0;4.0;2.0;2.0;0.0;0.0;2.0;2.0;1.0;2.0;1.0;0.0;0.0;0.0;0.0;0.0;1.0;2.0;2.0;2.0;0.0;0.0;1.0;1.0;1.0;2.0;0.0;0.0;0.0;0.0;0.0;3.0;2.0;2.0;2.0;0.0;0.0;0.0;0.0;0.0;0.0;1.0;0.0;0.0;0.0;0.0;0.0;0.0;0.0;0.0;0.0;2.0;0.0;0.0;0.0;1.0;6.0;0.0;1.0;1.0;0.0;0.0;0.0;0.0;5.0;0.0;0.0;0.0;0.0
napol;0.0;0.0;0.0;0.0;0.0;0.0;5.0;2.0;0.0;0.0;0.0;2.0;4.0;1.0;2.0;1.0;0.0;0.0;0.0;1.0;1.0;5.0;0.0;0.0;0.0;0.0;1.0;4.0;5.0;4.0;0.0;0.0;2.0;0.0;2.0;1.0;1.0;0.0;0.0;1.0;0.0;0.0;0.0;3.0;0.0;7.0;4.0;17.0;1.0;0.0;0.0;5.0;0.0;0.0;2.0;4.0;0.0;0.0;2.0;0.0;0.0;0.0;5.0;0.0;0.0;0.0;0.0;0.0;1.0;1.0;0.0;4.0;1.0;1.0;3.0;0.0;2.0;1.0;0.0;3.0;0.0;0.0;1.0;3.0;0.0;0.0;0.0;0.0;0.0
bilanc;0.0;0.0;0.0;0.0;0.0;0.0;2.0;0.0;0.0;0.0;1.0;0.0;0.0;1.0;0.0;1.0;0.0;0.0;2.0;4.0;3.0;6.0;1.0;2.0;2.0;0.0;1.0;1.0;3.0;1.0;2.0;1.0;1.0;0.0;1.0;3.0;2.0;0.0;1.0;1.0;0.0;0.0;1.0;0.0;0.0;3.0;2.0;0.0;0.0;0.0;0.0;0.0;2.0;2.0;1.0;0.0;0.0;0.0;1.0;0.0;1.0;0.0;0.0;0.0;0.0;0.0;0.0;1.0;0.0;0.0;0.0;3.0;1.0;0.0;1.0;0.0;0.0;2.0;5.0;4.0;0.0;0.0;3.0;5.0;2.0;0.0;0.0;0.0;0.0
confront;0.0;0.0;0.0;0.0;0.0;7.0;4.0;1.0;1.0;0.0;0.0;5.0;0.0;3.0;2.0;1.0;0.0;0.0;1.0;2.0;7.0;2.0;2.0;5.0;0.0;0.0;2.0;4.0;4.0;5.0;4.0;1.0;0.0;0.0;0.0;1.0;1.0;2.0;3.0;5.0;1.0;1.0;0.0;4.0;1.0;0.0;10.0;3.0;0.0;0.0;3.0;8.0;7.0;6.0;3.0;1.0;0.0;0.0;1.0;1.0;1.0;0.0;0.0;0.0;0.0;0.0;1.0;0.0;1.0;0.0;0.0;3.0;2.0;1.0;2.0;2.0;4.0;3.0;4.0;4.0;0.0;0.0;2.0;4.0;5.0;0.0;0.0;0.0;0.0
sanit;0.0;0.0;0.0;0.0;0.0;2.0;2.0;1.0;1.0;0.0;1.0;4.0;1.0;1.0;2.0;4.0;0.0;0.0;1.0;1.0;4.0;17.0;15.0;4.0;1.0;2.0;1.0;4.0;5.0;4.0;4.0;5.0;0.0;0.0;1.0;2.0;5.0;1.0;1.0;2.0;0.0;1.0;0.0;4.0;2.0;2.0;0.0;4.0;0.0;0.0;2.0;9.0;3.0;5.0;1.0;1.0;0.0;0.0;1.0;0.0;1.0;1.0;0.0;0.0;0.0;0.0;0.0;1.0;1.0;0.0;1.0;4.0;0.0;2.0;3.0;0.0;4.0;3.0;1.0;1.0;0.0;0.0;2.0;1.0;0.0;0.0;0.0;0.0;0.0
firenz;0.0;0.0;0.0;0.0;0.0;1.0;1.0;2.0;0.0;0.0;2.0;1.0;4.0;1.0;7.0;3.0;0.0;0.0;1.0;3.0;4.0;3.0;6.0;1.0;0.0;0.0;1.0;1.0;7.0;5.0;2.0;1.0;0.0;0.0;0.0;0.0;1.0;0.0;0.0;4.0;0.0;0.0;0.0;3.0;8.0;6.0;5.0;1.0;0.0;0.0;5.0;6.0;1.0;7.0;26.0;29.0;4.0;0.0;1.0;2.0;1.0;5.0;7.0;0.0;1.0;0.0;0.0;1.0;4.0;3.0;3.0;26.0;1.0;1.0;5.0;3.0;5.0;6.0;1.0;1.0;0.0;0.0;0.0;1.0;0.0;0.0;0.0;0.0;0.0
ncdtweet;0.0;0.0;0.0;0.0;0.0;0.0;4.0;0.0;0.0;0.0;0.0;1.0;3.0;3.0;1.0;3.0;0.0;1.0;2.0;2.0;1.0;2.0;3.0;9.0;3.0;0.0;7.0;5.0;0.0;2.0;3.0;2.0;0.0;0.0;0.0;0.0;0.0;0.0;10.0;4.0;0.0;0.0;0.0;0.0;4.0;2.0;4.0;0.0;0.0;0.0;1.0;0.0;3.0;0.0;0.0;0.0;0.0;0.0;0.0;0.0;0.0;1.0;0.0;0.0;0.0;0.0;0.0;0.0;0.0;2.0;0.0;0.0;3.0;0.0;1.0;0.0;0.0;1.0;1.0;1.0;0.0;0.0;8.0;6.0;1.0;0.0;0.0;0.0;0.0
testo;0.0;0.0;0.0;0.0;0.0;1.0;0.0;1.0;0.0;0.0;1.0;0.0;0.0;2.0;0.0;1.0;0.0;0.0;2.0;0.0;7.0;0.0;0.0;0.0;0.0;0.0;1.0;2.0;1.0;1.0;3.0;2.0;1.0;0.0;4.0;2.0;1.0;3.0;2.0;2.0;0.0;1.0;2.0;8.0;1.0;2.0;1.0;0.0;0.0;0.0;1.0;0.0;2.0;7.0;8.0;2.0;0.0;0.0;0.0;1.0;1.0;8.0;1.0;0.0;0.0;0.0;0.0;0.0;0.0;0.0;0.0;3.0;0.0;0.0;0.0;2.0;4.0;1.0;1.0;1.0;0.0;1.0;0.0;1.0;0.0;0.0;0.0;0.0;0.0
donne;0.0;0.0;0.0;0.0;5.0;9.0;6.0;1.0;2.0;1.0;9.0;26.0;8.0;5.0;7.0;9.0;0.0;0.0;3.0;6.0;7.0;14.0;3.0;6.0;0.0;0.0;3.0;2.0;3.0;7.0;0.0;2.0;0.0;0.0;3.0;3.0;2.0;1.0;2.0;1.0;0.0;0.0;2.0;7.0;2.0;5.0;12.0;12.0;2.0;0.0;4.0;8.0;6.0;2.0;1.0;0.0;0.0;0.0;1.0;1.0;0.0;0.0;0.0;2.0;0.0;0.0;3.0;0.0;0.0;2.0;2.0;0.0;0.0;0.0;1.0;2.0;5.0;0.0;1.0;0.0;0.0;1.0;0.0;2.0;0.0;0.0;0.0;0.0;0.0
ue;0.0;0.0;0.0;0.0;0.0;2.0;8.0;1.0;0.0;0.0;3.0;2.0;4.0;9.0;2.0;0.0;0.0;0.0;4.0;1.0;5.0;3.0;3.0;2.0;0.0;0.0;1.0;3.0;2.0;1.0;1.0;2.0;0.0;0.0;3.0;7.0;5.0;3.0;1.0;2.0;1.0;0.0;2.0;4.0;12.0;5.0;7.0;1.0;0.0;0.0;8.0;5.0;3.0;2.0;6.0;6.0;0.0;0.0;5.0;3.0;0.0;3.0;0.0;0.0;0.0;0.0;0.0;0.0;0.0;2.0;0.0;4.0;2.0;0.0;3.0;1.0;3.0;1.0;6.0;1.0;0.0;0.0;2.0;3.0;3.0;0.0;0.0;0.0;0.0
piazz;0.0;0.0;0.0;0.0;0.0;9.0;7.0;0.0;0.0;0.0;1.0;6.0;6.0;6.0;2.0;2.0;0.0;1.0;5.0;1.0;6.0;8.0;10.0;2.0;0.0;0.0;28.0;17.0;13.0;8.0;0.0;4.0;0.0;0.0;1.0;3.0;3.0;0.0;6.0;4.0;0.0;0.0;0.0;4.0;3.0;3.0;4.0;0.0;0.0;0.0;2.0;3.0;6.0;2.0;19.0;14.0;8.0;0.0;2.0;4.0;7.0;11.0;3.0;2.0;1.0;0.0;0.0;0.0;1.0;0.0;3.0;2.0;5.0;0.0;1.0;4.0;3.0;2.0;3.0;4.0;0.0;0.0;2.0;0.0;2.0;0.0;0.0;0.0;0.0
pubblic;0.0;0.0;0.0;0.0;0.0;3.0;3.0;1.0;0.0;2.0;14.0;2.0;4.0;3.0;7.0;1.0;2.0;0.0;2.0;10.0;6.0;7.0;5.0;5.0;0.0;0.0;1.0;3.0;6.0;10.0;7.0;5.0;1.0;1.0;1.0;7.0;4.0;10.0;35.0;8.0;3.0;2.0;8.0;11.0;2.0;4.0;5.0;6.0;0.0;0.0;1.0;12.0;5.0;16.0;4.0;3.0;1.0;0.0;3.0;2.0;0.0;5.0;3.0;5.0;0.0;0.0;1.0;1.0;0.0;0.0;0.0;9.0;0.0;3.0;5.0;6.0;9.0;5.0;6.0;4.0;1.0;0.0;5.0;3.0;2.0;0.0;0.0;0.0;0.0
luca;0.0;0.0;0.0;0.0;0.0;3.0;2.0;2.0;1.0;0.0;1.0;2.0;1.0;5.0;1.0;1.0;0.0;0.0;2.0;3.0;5.0;11.0;10.0;3.0;0.0;1.0;6.0;2.0;5.0;4.0;3.0;2.0;0.0;2.0;0.0;1.0;2.0;6.0;0.0;1.0;0.0;0.0;0.0;4.0;3.0;1.0;4.0;4.0;0.0;0.0;2.0;1.0;1.0;4.0;6.0;0.0;1.0;0.0;2.0;1.0;1.0;1.0;4.0;1.0;0.0;0.0;1.0;0.0;0.0;1.0;1.0;3.0;1.0;2.0;2.0;4.0;11.0;14.0;1.0;5.0;0.0;0.0;1.0;1.0;1.0;0.0;0.0;0.0;0.0
sindac;0.0;0.0;0.0;0.0;2.0;13.0;13.0;4.0;2.0;0.0;8.0;10.0;10.0;8.0;3.0;5.0;1.0;0.0;3.0;6.0;4.0;13.0;23.0;2.0;0.0;1.0;27.0;22.0;21.0;23.0;12.0;17.0;0.0;2.0;11.0;8.0;15.0;18.0;6.0;8.0;1.0;1.0;5.0;5.0;18.0;6.0;3.0;5.0;1.0;3.0;6.0;16.0;7.0;15.0;6.0;36.0;0.0;0.0;2.0;6.0;6.0;4.0;2.0;2.0;1.0;1.0;1.0;3.0;0.0;1.0;1.0;5.0;1.0;0.0;6.0;3.0;2.0;3.0;3.0;4.0;1.0;0.0;3.0;1.0;2.0;0.0;0.0;0.0;0.0
posti;0.0;0.0;0.0;0.0;0.0;1.0;0.0;0.0;0.0;0.0;1.0;4.0;2.0;1.0;1.0;1.0;0.0;0.0;1.0;0.0;2.0;3.0;2.0;0.0;0.0;1.0;2.0;0.0;2.0;2.0;1.0;1.0;1.0;1.0;0.0;0.0;0.0;1.0;2.0;0.0;0.0;0.0;0.0;1.0;2.0;4.0;1.0;2.0;0.0;2.0;1.0;3.0;1.0;3.0;2.0;1.0;0.0;1.0;0.0;1.0;0.0;0.0;1.0;0.0;0.0;0.0;0.0;0.0;0.0;0.0;1.0;0.0;0.0;4.0;0.0;0.0;2.0;3.0;3.0;6.0;0.0;0.0;0.0;3.0;3.0;0.0;0.0;0.0;0.0
vengon;0.0;0.0;0.0;0.0;1.0;3.0;1.0;4.0;0.0;0.0;0.0;0.0;2.0;3.0;1.0;7.0;0.0;0.0;0.0;1.0;0.0;6.0;2.0;0.0;0.0;0.0;3.0;2.0;1.0;1.0;2.0;1.0;0.0;0.0;4.0;2.0;4.0;4.0;0.0;3.0;0.0;0.0;2.0;2.0;2.0;2.0;2.0;2.0;0.0;0.0;0.0;1.0;1.0;1.0;4.0;1.0;0.0;0.0;1.0;1.0;1.0;0.0;1.0;0.0;1.0;0.0;0.0;0.0;2.0;0.0;1.0;1.0;1.0;0.0;0.0;2.0;6.0;5.0;0.0;2.0;0.0;0.0;0.0;0.0;0.0;0.0;0.0;0.0;0.0
costi;0.0;0.0;0.0;0.0;0.0;0.0;0.0;1.0;0.0;0.0;0.0;3.0;2.0;3.0;0.0;0.0;0.0;0.0;3.0;3.0;2.0;1.0;1.0;5.0;0.0;0.0;0.0;1.0;0.0;1.0;3.0;0.0;0.0;0.0;0.0;0.0;3.0;2.0;2.0;3.0;0.0;0.0;1.0;0.0;2.0;5.0;1.0;0.0;0.0;2.0;2.0;1.0;2.0;5.0;3.0;1.0;0.0;0.0;0.0;1.0;1.0;0.0;2.0;0.0;0.0;0.0;0.0;0.0;0.0;0.0;0.0;1.0;4.0;0.0;4.0;0.0;1.0;2.0;1.0;0.0;0.0;0.0;1.0;2.0;1.0;0.0;0.0;0.0;0.0
huffpostital;0.0;0.0;0.0;0.0;0.0;0.0;0.0;0.0;0.0;0.0;0.0;1.0;0.0;0.0;9.0;7.0;0.0;0.0;2.0;1.0;12.0;2.0;2.0;4.0;0.0;0.0;2.0;1.0;2.0;1.0;2.0;4.0;2.0;0.0;3.0;1.0;1.0;0.0;2.0;0.0;0.0;0.0;1.0;0.0;2.0;0.0;0.0;0.0;0.0;0.0;0.0;0.0;0.0;0.0;0.0;1.0;0.0;0.0;1.0;5.0;0.0;0.0;0.0;0.0;0.0;0.0;0.0;0.0;0.0;0.0;0.0;0.0;0.0;0.0;0.0;0.0;8.0;6.0;0.0;0.0;0.0;0.0;2.0;0.0;0.0;0.0;0.0;0.0;0.0
roma;0.0;0.0;0.0;0.0;2.0;19.0;10.0;11.0;0.0;0.0;0.0;6.0;6.0;7.0;3.0;9.0;0.0;0.0;3.0;3.0;5.0;7.0;7.0;3.0;4.0;0.0;1.0;8.0;8.0;7.0;9.0;11.0;0.0;2.0;7.0;13.0;7.0;9.0;5.0;2.0;0.0;0.0;3.0;11.0;9.0;6.0;7.0;4.0;2.0;0.0;3.0;8.0;8.0;4.0;10.0;3.0;0.0;1.0;1.0;1.0;2.0;1.0;0.0;0.0;0.0;0.0;1.0;0.0;2.0;2.0;0.0;12.0;1.0;1.0;8.0;4.0;4.0;11.0;5.0;6.0;1.0;0.0;0.0;9.0;7.0;0.0;0.0;0.0;0.0
domand;0.0;0.0;0.0;0.0;0.0;6.0;4.0;0.0;1.0;0.0;1.0;7.0;1.0;2.0;3.0;0.0;0.0;0.0;3.0;21.0;13.0;11.0;10.0;1.0;0.0;0.0;1.0;2.0;9.0;12.0;9.0;6.0;3.0;0.0;7.0;2.0;6.0;4.0;8.0;5.0;0.0;1.0;4.0;4.0;8.0;3.0;9.0;3.0;1.0;0.0;5.0;9.0;6.0;1.0;6.0;7.0;0.0;2.0;3.0;1.0;0.0;0.0;0.0;0.0;0.0;1.0;1.0;2.0;2.0;0.0;1.0;3.0;10.0;0.0;1.0;3.0;9.0;5.0;9.0;5.0;0.0;0.0;6.0;25.0;16.0;0.0;0.0;0.0;0.0
giorgiogor;0.0;0.0;0.0;0.0;0.0;2.0;2.0;3.0;0.0;0.0;0.0;1.0;4.0;1.0;2.0;1.0;0.0;0.0;1.0;1.0;0.0;0.0;5.0;3.0;1.0;0.0;4.0;2.0;1.0;0.0;1.0;0.0;0.0;0.0;1.0;0.0;0.0;4.0;5.0;3.0;0.0;0.0;0.0;1.0;0.0;0.0;6.0;4.0;0.0;0.0;0.0;3.0;0.0;0.0;16.0;8.0;2.0;0.0;5.0;3.0;0.0;0.0;1.0;0.0;0.0;0.0;1.0;3.0;1.0;1.0;0.0;0.0;1.0;0.0;24.0;5.0;3.0;1.0;3.0;0.0;0.0;0.0;0.0;0.0;0.0;0.0;0.0;0.0;0.0
senator;0.0;0.0;0.0;0.0;0.0;2.0;7.0;2.0;1.0;0.0;0.0;4.0;7.0;7.0;5.0;2.0;1.0;0.0;3.0;2.0;5.0;4.0;5.0;1.0;0.0;0.0;0.0;1.0;3.0;10.0;14.0;13.0;1.0;0.0;9.0;6.0;17.0;7.0;6.0;7.0;1.0;0.0;2.0;8.0;8.0;7.0;13.0;11.0;2.0;3.0;8.0;11.0;13.0;9.0;13.0;6.0;0.0;0.0;23.0;1.0;5.0;4.0;1.0;0.0;1.0;0.0;0.0;1.0;1.0;0.0;0.0;4.0;0.0;0.0;4.0;9.0;6.0;5.0;5.0;1.0;0.0;0.0;0.0;2.0;3.0;0.0;0.0;0.0;0.0
stegiannin;0.0;0.0;0.0;0.0;0.0;4.0;1.0;8.0;0.0;0.0;3.0;8.0;4.0;4.0;7.0;4.0;0.0;0.0;5.0;7.0;5.0;5.0;13.0;4.0;0.0;1.0;1.0;1.0;4.0;4.0;3.0;8.0;1.0;1.0;1.0;6.0;12.0;1.0;18.0;4.0;0.0;0.0;0.0;0.0;0.0;3.0;2.0;4.0;0.0;0.0;5.0;9.0;5.0;5.0;19.0;12.0;1.0;1.0;2.0;2.0;6.0;1.0;5.0;2.0;0.0;0.0;0.0;1.0;2.0;2.0;1.0;8.0;3.0;1.0;7.0;1.0;13.0;1.0;0.0;5.0;0.0;0.0;6.0;1.0;0.0;0.0;0.0;0.0;0.0
incontr;0.0;0.0;0.0;0.0;0.0;4.0;0.0;0.0;0.0;0.0;0.0;3.0;2.0;2.0;2.0;2.0;0.0;0.0;0.0;2.0;4.0;0.0;6.0;2.0;0.0;0.0;3.0;7.0;7.0;1.0;6.0;0.0;1.0;0.0;0.0;5.0;6.0;6.0;1.0;1.0;0.0;0.0;0.0;0.0;3.0;0.0;1.0;4.0;0.0;0.0;0.0;2.0;0.0;0.0;2.0;2.0;0.0;0.0;0.0;0.0;1.0;0.0;0.0;0.0;0.0;0.0;0.0;0.0;0.0;0.0;0.0;1.0;1.0;0.0;1.0;1.0;3.0;8.0;0.0;1.0;0.0;0.0;0.0;2.0;1.0;0.0;0.0;0.0;0.0
piace;0.0;0.0;0.0;0.0;0.0;5.0;1.0;1.0;0.0;0.0;1.0;1.0;0.0;0.0;2.0;0.0;0.0;0.0;0.0;0.0;3.0;6.0;2.0;1.0;1.0;0.0;1.0;2.0;2.0;5.0;2.0;4.0;0.0;1.0;6.0;1.0;4.0;5.0;8.0;2.0;0.0;0.0;2.0;10.0;6.0;4.0;3.0;3.0;0.0;0.0;2.0;5.0;6.0;5.0;8.0;5.0;0.0;0.0;1.0;3.0;0.0;3.0;2.0;4.0;0.0;0.0;0.0;0.0;1.0;1.0;0.0;6.0;4.0;0.0;3.0;5.0;1.0;1.0;4.0;4.0;1.0;0.0;3.0;1.0;1.0;0.0;0.0;0.0;0.0
lavorator;0.0;0.0;0.0;0.0;0.0;2.0;1.0;2.0;0.0;0.0;0.0;1.0;5.0;1.0;3.0;3.0;0.0;2.0;1.0;4.0;2.0;6.0;6.0;7.0;0.0;0.0;8.0;7.0;9.0;5.0;7.0;0.0;0.0;0.0;2.0;6.0;11.0;5.0;16.0;3.0;0.0;0.0;5.0;7.0;2.0;1.0;2.0;0.0;0.0;1.0;2.0;11.0;6.0;5.0;4.0;0.0;0.0;0.0;1.0;0.0;2.0;0.0;5.0;0.0;0.0;0.0;0.0;0.0;1.0;0.0;0.0;6.0;0.0;0.0;4.0;2.0;5.0;6.0;2.0;2.0;0.0;1.0;1.0;1.0;6.0;0.0;0.0;0.0;0.0
aument;0.0;0.0;0.0;0.0;0.0;0.0;0.0;1.0;1.0;0.0;3.0;1.0;3.0;1.0;3.0;0.0;0.0;0.0;0.0;2.0;4.0;4.0;0.0;4.0;0.0;0.0;5.0;1.0;5.0;2.0;1.0;2.0;0.0;0.0;0.0;1.0;2.0;1.0;5.0;3.0;0.0;0.0;1.0;12.0;9.0;8.0;2.0;4.0;0.0;0.0;0.0;2.0;5.0;0.0;4.0;1.0;0.0;0.0;0.0;0.0;0.0;1.0;1.0;1.0;0.0;0.0;0.0;0.0;0.0;0.0;0.0;2.0;0.0;0.0;2.0;0.0;1.0;2.0;0.0;1.0;0.0;0.0;1.0;1.0;2.0;0.0;0.0;0.0;0.0
violenz;0.0;0.0;0.0;0.0;1.0;3.0;2.0;0.0;2.0;1.0;10.0;6.0;5.0;4.0;4.0;2.0;0.0;0.0;3.0;2.0;3.0;12.0;2.0;1.0;0.0;0.0;2.0;1.0;2.0;1.0;1.0;1.0;0.0;0.0;0.0;0.0;0.0;1.0;2.0;1.0;0.0;0.0;0.0;1.0;0.0;1.0;2.0;0.0;0.0;0.0;0.0;10.0;1.0;2.0;1.0;1.0;0.0;0.0;1.0;1.0;0.0;0.0;0.0;0.0;0.0;0.0;0.0;0.0;0.0;2.0;0.0;3.0;0.0;1.0;0.0;0.0;1.0;1.0;0.0;2.0;0.0;0.0;1.0;0.0;0.0;0.0;0.0;0.0;0.0
region;0.0;0.0;0.0;0.0;4.0;13.0;20.0;6.0;1.0;0.0;6.0;4.0;7.0;6.0;5.0;2.0;1.0;0.0;9.0;13.0;7.0;8.0;31.0;16.0;0.0;1.0;2.0;2.0;9.0;14.0;16.0;6.0;0.0;0.0;10.0;5.0;9.0;5.0;7.0;8.0;0.0;1.0;2.0;3.0;5.0;7.0;7.0;19.0;0.0;0.0;11.0;8.0;8.0;4.0;11.0;3.0;1.0;0.0;4.0;3.0;2.0;0.0;2.0;1.0;0.0;0.0;1.0;4.0;2.0;1.0;0.0;4.0;6.0;4.0;5.0;3.0;8.0;5.0;5.0;1.0;1.0;0.0;0.0;6.0;2.0;0.0;0.0;0.0;0.0
regional;0.0;0.0;0.0;0.0;0.0;1.0;5.0;0.0;1.0;0.0;0.0;2.0;2.0;1.0;1.0;1.0;0.0;0.0;0.0;1.0;1.0;2.0;1.0;0.0;0.0;0.0;0.0;5.0;0.0;6.0;2.0;2.0;1.0;0.0;2.0;2.0;7.0;2.0;3.0;0.0;1.0;0.0;4.0;0.0;4.0;2.0;4.0;1.0;0.0;0.0;5.0;4.0;3.0;5.0;2.0;2.0;0.0;0.0;0.0;0.0;1.0;2.0;0.0;0.0;1.0;0.0;0.0;2.0;0.0;0.0;1.0;2.0;2.0;0.0;2.0;0.0;2.0;5.0;1.0;0.0;0.0;0.0;1.0;0.0;1.0;0.0;0.0;0.0;0.0
serviz;0.0;0.0;0.0;0.0;0.0;3.0;0.0;0.0;0.0;0.0;1.0;3.0;2.0;2.0;3.0;2.0;2.0;0.0;2.0;3.0;7.0;6.0;5.0;1.0;0.0;0.0;3.0;3.0;0.0;2.0;4.0;3.0;0.0;1.0;2.0;0.0;3.0;3.0;12.0;2.0;0.0;1.0;2.0;1.0;1.0;1.0;1.0;0.0;0.0;1.0;1.0;3.0;1.0;1.0;3.0;2.0;0.0;0.0;0.0;4.0;3.0;0.0;0.0;0.0;0.0;0.0;3.0;2.0;1.0;0.0;3.0;2.0;1.0;0.0;0.0;2.0;4.0;4.0;1.0;1.0;0.0;0.0;1.0;1.0;1.0;0.0;0.0;0.0;0.0
spieg;0.0;0.0;0.0;0.0;1.0;4.0;4.0;0.0;2.0;0.0;4.0;4.0;3.0;2.0;4.0;1.0;1.0;0.0;3.0;3.0;2.0;2.0;8.0;0.0;0.0;0.0;8.0;2.0;3.0;3.0;5.0;2.0;0.0;0.0;4.0;4.0;3.0;0.0;3.0;0.0;0.0;0.0;1.0;6.0;3.0;3.0;2.0;4.0;0.0;0.0;4.0;5.0;4.0;3.0;4.0;4.0;1.0;1.0;1.0;3.0;1.0;0.0;1.0;1.0;0.0;0.0;2.0;1.0;3.0;0.0;1.0;1.0;0.0;0.0;1.0;3.0;8.0;5.0;2.0;4.0;0.0;0.0;1.0;3.0;4.0;0.0;0.0;0.0;0.0
dicembr;0.0;0.0;0.0;0.0;1.0;16.0;11.0;1.0;1.0;0.0;6.0;8.0;14.0;11.0;3.0;4.0;0.0;3.0;10.0;8.0;7.0;22.0;15.0;9.0;0.0;0.0;14.0;12.0;17.0;21.0;17.0;7.0;0.0;0.0;8.0;13.0;15.0;14.0;19.0;5.0;1.0;0.0;8.0;12.0;24.0;7.0;12.0;8.0;1.0;0.0;3.0;12.0;9.0;21.0;12.0;15.0;0.0;0.0;4.0;11.0;8.0;3.0;3.0;3.0;0.0;0.0;1.0;4.0;0.0;4.0;1.0;13.0;8.0;0.0;6.0;18.0;11.0;6.0;6.0;1.0;0.0;0.0;2.0;0.0;3.0;0.0;0.0;0.0;0.0
cesaredamian;0.0;0.0;0.0;0.0;1.0;5.0;1.0;1.0;0.0;0.0;3.0;14.0;2.0;0.0;8.0;2.0;0.0;0.0;2.0;2.0;3.0;4.0;8.0;2.0;0.0;0.0;2.0;1.0;1.0;3.0;1.0;0.0;0.0;1.0;1.0;2.0;5.0;1.0;7.0;1.0;0.0;1.0;5.0;1.0;1.0;1.0;0.0;3.0;0.0;1.0;1.0;0.0;1.0;9.0;1.0;2.0;0.0;0.0;6.0;2.0;0.0;3.0;2.0;1.0;0.0;0.0;0.0;0.0;0.0;0.0;1.0;2.0;0.0;0.0;4.0;1.0;1.0;2.0;5.0;1.0;0.0;0.0;1.0;1.0;0.0;0.0;0.0;0.0;0.0
video;0.0;0.0;0.0;0.0;0.0;0.0;2.0;1.0;1.0;0.0;0.0;0.0;0.0;1.0;0.0;2.0;0.0;0.0;3.0;1.0;3.0;2.0;1.0;0.0;0.0;1.0;1.0;1.0;4.0;3.0;0.0;1.0;0.0;0.0;3.0;5.0;35.0;17.0;11.0;2.0;0.0;0.0;1.0;17.0;14.0;2.0;7.0;11.0;2.0;0.0;2.0;8.0;14.0;17.0;7.0;7.0;0.0;0.0;1.0;1.0;4.0;0.0;2.0;0.0;0.0;0.0;1.0;1.0;1.0;2.0;1.0;1.0;1.0;0.0;1.0;4.0;3.0;5.0;3.0;1.0;0.0;1.0;1.0;0.0;2.0;0.0;0.0;0.0;0.0
miliard;0.0;0.0;0.0;0.0;1.0;2.0;6.0;2.0;0.0;0.0;0.0;1.0;1.0;0.0;0.0;0.0;1.0;0.0;1.0;1.0;2.0;8.0;9.0;1.0;1.0;0.0;0.0;0.0;3.0;1.0;0.0;18.0;1.0;1.0;5.0;2.0;6.0;1.0;5.0;1.0;0.0;0.0;1.0;1.0;2.0;3.0;2.0;2.0;0.0;0.0;2.0;3.0;4.0;1.0;3.0;0.0;0.0;0.0;2.0;1.0;0.0;0.0;1.0;0.0;1.0;0.0;0.0;0.0;1.0;0.0;1.0;4.0;1.0;0.0;2.0;2.0;4.0;1.0;0.0;1.0;0.0;0.0;0.0;0.0;0.0;0.0;0.0;0.0;0.0
corte;0.0;0.0;0.0;0.0;1.0;8.0;5.0;3.0;1.0;0.0;1.0;3.0;1.0;7.0;3.0;2.0;0.0;0.0;2.0;4.0;2.0;2.0;0.0;0.0;0.0;0.0;1.0;2.0;0.0;0.0;1.0;2.0;0.0;0.0;2.0;1.0;3.0;0.0;5.0;0.0;1.0;1.0;4.0;1.0;2.0;0.0;5.0;0.0;0.0;0.0;8.0;2.0;3.0;2.0;0.0;0.0;0.0;0.0;0.0;0.0;0.0;0.0;2.0;1.0;0.0;0.0;1.0;4.0;0.0;0.0;0.0;3.0;0.0;0.0;0.0;2.0;1.0;1.0;0.0;0.0;0.0;0.0;1.0;1.0;2.0;0.0;0.0;0.0;0.0
giustiz;0.0;0.0;0.0;0.0;0.0;1.0;1.0;2.0;0.0;0.0;0.0;1.0;2.0;1.0;1.0;0.0;0.0;0.0;2.0;2.0;6.0;4.0;4.0;2.0;0.0;0.0;1.0;3.0;7.0;4.0;3.0;5.0;1.0;0.0;3.0;5.0;2.0;0.0;0.0;1.0;0.0;0.0;10.0;0.0;2.0;1.0;2.0;0.0;0.0;0.0;2.0;2.0;8.0;2.0;3.0;3.0;1.0;0.0;2.0;2.0;0.0;1.0;1.0;0.0;1.0;0.0;0.0;1.0;2.0;1.0;0.0;3.0;1.0;0.0;2.0;1.0;4.0;1.0;0.0;0.0;0.0;0.0;0.0;3.0;1.0;0.0;0.0;0.0;0.0
vota;0.0;0.0;0.0;0.0;1.0;5.0;5.0;0.0;1.0;1.0;2.0;11.0;6.0;13.0;7.0;5.0;0.0;0.0;10.0;12.0;10.0;5.0;3.0;2.0;2.0;0.0;8.0;5.0;19.0;18.0;21.0;6.0;2.0;0.0;8.0;10.0;5.0;20.0;24.0;21.0;2.0;1.0;15.0;41.0;22.0;17.0;12.0;14.0;6.0;1.0;11.0;9.0;23.0;16.0;18.0;15.0;2.0;0.0;5.0;12.0;16.0;13.0;5.0;8.0;1.0;0.0;9.0;16.0;6.0;12.0;7.0;5.0;6.0;1.0;7.0;6.0;12.0;11.0;6.0;7.0;0.0;2.0;7.0;1.0;1.0;0.0;0.0;0.0;0.0
risponder;0.0;0.0;0.0;0.0;0.0;2.0;3.0;0.0;0.0;0.0;1.0;0.0;1.0;1.0;3.0;1.0;0.0;0.0;0.0;7.0;3.0;4.0;3.0;3.0;0.0;0.0;2.0;0.0;2.0;4.0;4.0;4.0;1.0;0.0;2.0;1.0;1.0;1.0;7.0;1.0;0.0;0.0;0.0;4.0;6.0;0.0;1.0;2.0;0.0;0.0;3.0;0.0;2.0;1.0;2.0;0.0;0.0;0.0;0.0;0.0;1.0;0.0;1.0;0.0;0.0;2.0;0.0;0.0;0.0;0.0;1.0;0.0;1.0;0.0;0.0;1.0;2.0;1.0;0.0;1.0;0.0;1.0;1.0;1.0;0.0;0.0;0.0;0.0;0.0
risors;0.0;0.0;0.0;0.0;0.0;0.0;0.0;1.0;0.0;0.0;0.0;0.0;1.0;0.0;0.0;1.0;0.0;0.0;2.0;6.0;0.0;2.0;2.0;1.0;0.0;0.0;1.0;5.0;1.0;1.0;2.0;2.0;0.0;0.0;0.0;2.0;0.0;3.0;2.0;1.0;0.0;0.0;2.0;1.0;0.0;2.0;5.0;1.0;0.0;1.0;1.0;2.0;3.0;3.0;0.0;1.0;1.0;0.0;0.0;0.0;3.0;2.0;0.0;1.0;0.0;0.0;0.0;0.0;1.0;0.0;0.0;2.0;3.0;0.0;0.0;2.0;1.0;2.0;2.0;1.0;0.0;0.0;0.0;0.0;3.0;0.0;0.0;0.0;0.0
tavol;0.0;0.0;0.0;0.0;0.0;1.0;1.0;2.0;0.0;0.0;0.0;2.0;1.0;2.0;2.0;0.0;0.0;1.0;1.0;3.0;1.0;2.0;5.0;0.0;0.0;0.0;2.0;8.0;1.0;3.0;2.0;1.0;0.0;0.0;1.0;1.0;4.0;2.0;2.0;1.0;0.0;0.0;1.0;1.0;0.0;2.0;0.0;0.0;0.0;0.0;0.0;6.0;2.0;2.0;0.0;0.0;1.0;0.0;1.0;0.0;0.0;0.0;0.0;0.0;0.0;0.0;0.0;0.0;0.0;0.0;0.0;1.0;1.0;0.0;3.0;1.0;1.0;4.0;0.0;1.0;0.0;0.0;2.0;1.0;4.0;0.0;0.0;0.0;0.0
montecitor;0.0;0.0;0.0;0.0;0.0;4.0;4.0;3.0;3.0;0.0;6.0;2.0;5.0;2.0;4.0;4.0;0.0;0.0;0.0;1.0;15.0;5.0;2.0;1.0;0.0;0.0;2.0;55.0;49.0;20.0;14.0;5.0;4.0;2.0;5.0;14.0;4.0;12.0;4.0;1.0;0.0;0.0;1.0;14.0;15.0;9.0;7.0;5.0;0.0;0.0;4.0;10.0;6.0;2.0;3.0;1.0;2.0;2.0;2.0;0.0;2.0;0.0;0.0;2.0;0.0;0.0;0.0;0.0;0.0;0.0;0.0;1.0;0.0;0.0;0.0;1.0;0.0;0.0;2.0;0.0;0.0;1.0;1.0;1.0;1.0;0.0;0.0;0.0;0.0
darionardell;0.0;0.0;0.0;0.0;1.0;6.0;6.0;7.0;0.0;0.0;3.0;5.0;7.0;2.0;1.0;2.0;0.0;0.0;3.0;7.0;25.0;13.0;29.0;21.0;8.0;1.0;17.0;8.0;16.0;10.0;28.0;9.0;1.0;0.0;7.0;11.0;2.0;2.0;4.0;9.0;0.0;0.0;1.0;7.0;68.0;12.0;17.0;10.0;1.0;0.0;10.0;35.0;9.0;15.0;12.0;10.0;0.0;1.0;5.0;6.0;9.0;8.0;5.0;1.0;0.0;0.0;1.0;7.0;11.0;3.0;3.0;8.0;6.0;0.0;4.0;7.0;7.0;3.0;4.0;1.0;0.0;0.0;2.0;3.0;0.0;0.0;0.0;0.0;0.0
fondi;0.0;0.0;0.0;0.0;0.0;0.0;2.0;1.0;0.0;0.0;0.0;1.0;1.0;1.0;1.0;3.0;0.0;0.0;0.0;0.0;0.0;5.0;4.0;1.0;0.0;1.0;2.0;1.0;1.0;6.0;2.0;2.0;0.0;0.0;0.0;2.0;0.0;0.0;1.0;0.0;0.0;0.0;2.0;0.0;13.0;14.0;5.0;4.0;1.0;0.0;6.0;4.0;5.0;2.0;1.0;0.0;1.0;0.0;0.0;0.0;0.0;2.0;0.0;0.0;0.0;0.0;0.0;1.0;0.0;1.0;0.0;0.0;0.0;0.0;0.0;0.0;3.0;2.0;0.0;0.0;0.0;0.0;2.0;1.0;0.0;0.0;0.0;0.0;0.0
oppur;0.0;0.0;0.0;0.0;0.0;4.0;1.0;2.0;0.0;0.0;1.0;0.0;0.0;0.0;4.0;0.0;1.0;0.0;0.0;0.0;2.0;1.0;3.0;0.0;0.0;0.0;1.0;4.0;1.0;3.0;2.0;0.0;0.0;0.0;0.0;1.0;2.0;2.0;2.0;1.0;1.0;0.0;1.0;1.0;1.0;2.0;1.0;1.0;0.0;0.0;3.0;1.0;3.0;2.0;3.0;1.0;1.0;0.0;0.0;0.0;0.0;1.0;2.0;2.0;0.0;0.0;0.0;0.0;0.0;1.0;0.0;1.0;1.0;0.0;1.0;2.0;2.0;2.0;3.0;1.0;0.0;1.0;2.0;2.0;2.0;0.0;0.0;0.0;0.0
propagand;0.0;0.0;0.0;0.0;1.0;0.0;0.0;2.0;0.0;0.0;2.0;1.0;2.0;3.0;5.0;4.0;0.0;0.0;1.0;3.0;6.0;7.0;1.0;3.0;0.0;0.0;3.0;4.0;2.0;4.0;6.0;2.0;0.0;1.0;4.0;3.0;3.0;5.0;6.0;5.0;0.0;2.0;1.0;6.0;2.0;6.0;6.0;1.0;0.0;0.0;2.0;1.0;4.0;1.0;8.0;5.0;0.0;1.0;2.0;3.0;9.0;3.0;0.0;2.0;0.0;1.0;0.0;0.0;1.0;1.0;1.0;3.0;0.0;1.0;2.0;0.0;4.0;4.0;2.0;0.0;1.0;0.0;5.0;0.0;1.0;0.0;0.0;0.0;0.0
grazianodelr;0.0;0.0;0.0;0.0;6.0;17.0;10.0;4.0;2.0;0.0;3.0;8.0;2.0;5.0;2.0;2.0;0.0;0.0;0.0;6.0;20.0;19.0;38.0;15.0;0.0;1.0;14.0;12.0;7.0;11.0;5.0;38.0;1.0;4.0;27.0;12.0;6.0;5.0;4.0;0.0;0.0;0.0;0.0;6.0;3.0;4.0;2.0;3.0;0.0;0.0;16.0;11.0;7.0;25.0;52.0;17.0;4.0;1.0;10.0;7.0;7.0;2.0;2.0;1.0;0.0;0.0;0.0;2.0;0.0;1.0;3.0;4.0;0.0;0.0;3.0;6.0;6.0;8.0;4.0;1.0;1.0;0.0;3.0;2.0;3.0;0.0;0.0;0.0;0.0
giorgiolaport;0.0;0.0;0.0;0.0;0.0;4.0;3.0;1.0;0.0;0.0;2.0;3.0;1.0;1.0;0.0;2.0;0.0;0.0;0.0;2.0;0.0;3.0;3.0;2.0;0.0;0.0;0.0;1.0;1.0;3.0;3.0;0.0;1.0;2.0;0.0;1.0;1.0;2.0;3.0;0.0;1.0;1.0;2.0;1.0;1.0;0.0;0.0;0.0;1.0;1.0;0.0;5.0;3.0;0.0;14.0;4.0;0.0;1.0;1.0;3.0;3.0;2.0;2.0;2.0;0.0;0.0;0.0;2.0;1.0;0.0;9.0;2.0;1.0;0.0;1.0;1.0;4.0;0.0;0.0;0.0;0.0;2.0;0.0;1.0;0.0;0.0;0.0;0.0;0.0
territor;0.0;0.0;0.0;0.0;0.0;9.0;1.0;1.0;0.0;0.0;1.0;2.0;1.0;2.0;3.0;0.0;0.0;0.0;2.0;2.0;4.0;1.0;2.0;2.0;0.0;0.0;0.0;3.0;1.0;1.0;1.0;4.0;0.0;1.0;2.0;1.0;6.0;2.0;1.0;1.0;0.0;1.0;0.0;1.0;0.0;4.0;2.0;1.0;0.0;1.0;0.0;2.0;2.0;2.0;0.0;2.0;0.0;0.0;0.0;0.0;1.0;2.0;0.0;0.0;0.0;0.0;1.0;1.0;1.0;0.0;0.0;1.0;0.0;0.0;3.0;0.0;0.0;3.0;0.0;2.0;0.0;0.0;0.0;1.0;1.0;0.0;0.0;0.0;0.0
chius;0.0;0.0;0.0;0.0;0.0;1.0;1.0;1.0;0.0;0.0;1.0;2.0;3.0;0.0;3.0;1.0;0.0;0.0;0.0;2.0;1.0;1.0;3.0;3.0;0.0;0.0;2.0;2.0;1.0;4.0;2.0;1.0;0.0;2.0;1.0;2.0;1.0;2.0;2.0;0.0;0.0;0.0;0.0;1.0;0.0;0.0;1.0;5.0;0.0;0.0;0.0;1.0;3.0;2.0;0.0;2.0;0.0;0.0;1.0;1.0;0.0;2.0;5.0;0.0;0.0;0.0;0.0;0.0;0.0;1.0;1.0;4.0;0.0;0.0;2.0;1.0;2.0;5.0;1.0;0.0;0.0;0.0;1.0;0.0;0.0;0.0;0.0;0.0;0.0
ore;0.0;0.0;0.0;0.0;0.0;5.0;5.0;1.0;0.0;0.0;1.0;6.0;3.0;1.0;2.0;2.0;0.0;0.0;3.0;9.0;4.0;10.0;5.0;1.0;0.0;0.0;1.0;4.0;14.0;6.0;5.0;3.0;1.0;0.0;2.0;5.0;6.0;2.0;4.0;6.0;0.0;0.0;1.0;4.0;13.0;16.0;4.0;8.0;0.0;0.0;3.0;15.0;13.0;15.0;10.0;13.0;0.0;2.0;2.0;4.0;6.0;2.0;10.0;3.0;0.0;0.0;1.0;3.0;4.0;4.0;10.0;9.0;1.0;0.0;4.0;4.0;2.0;7.0;4.0;7.0;0.0;0.0;1.0;7.0;6.0;0.0;0.0;0.0;0.0
bastauns;0.0;0.0;0.0;0.0;8.0;41.0;30.0;14.0;3.0;0.0;19.0;62.0;41.0;47.0;40.0;24.0;2.0;5.0;25.0;30.0;41.0;23.0;62.0;37.0;10.0;2.0;55.0;49.0;36.0;36.0;56.0;39.0;4.0;1.0;16.0;40.0;36.0;36.0;50.0;27.0;0.0;0.0;13.0;49.0;29.0;24.0;81.0;62.0;5.0;5.0;60.0;78.0;61.0;68.0;240.0;132.0;13.0;4.0;28.0;30.0;37.0;32.0;25.0;7.0;4.0;1.0;10.0;23.0;15.0;6.0;9.0;78.0;11.0;3.0;19.0;21.0;12.0;9.0;8.0;3.0;0.0;0.0;3.0;4.0;4.0;0.0;0.0;0.0;0.0
robertapinott;0.0;0.0;0.0;0.0;0.0;1.0;0.0;0.0;0.0;0.0;0.0;1.0;4.0;2.0;3.0;2.0;0.0;0.0;2.0;9.0;8.0;4.0;3.0;3.0;0.0;1.0;3.0;0.0;2.0;1.0;4.0;2.0;0.0;0.0;0.0;2.0;1.0;1.0;9.0;1.0;0.0;0.0;0.0;4.0;5.0;3.0;7.0;0.0;0.0;0.0;2.0;3.0;7.0;3.0;4.0;5.0;1.0;0.0;0.0;5.0;1.0;4.0;2.0;2.0;0.0;0.0;2.0;12.0;4.0;1.0;2.0;2.0;2.0;1.0;3.0;0.0;1.0;1.0;0.0;2.0;0.0;0.0;1.0;0.0;0.0;0.0;0.0;0.0;0.0
social;0.0;0.0;0.0;0.0;1.0;7.0;5.0;0.0;0.0;0.0;0.0;4.0;4.0;4.0;1.0;4.0;0.0;0.0;1.0;12.0;8.0;8.0;3.0;1.0;0.0;0.0;1.0;4.0;13.0;4.0;3.0;2.0;0.0;0.0;2.0;4.0;3.0;5.0;1.0;1.0;0.0;0.0;0.0;7.0;5.0;1.0;1.0;0.0;0.0;0.0;3.0;9.0;4.0;5.0;3.0;2.0;2.0;0.0;0.0;5.0;2.0;1.0;1.0;0.0;0.0;0.0;2.0;0.0;1.0;1.0;0.0;4.0;1.0;1.0;1.0;4.0;3.0;5.0;3.0;2.0;1.0;1.0;2.0;2.0;2.0;0.0;0.0;0.0;0.0
falso;0.0;0.0;0.0;0.0;0.0;2.0;0.0;0.0;0.0;0.0;1.0;0.0;1.0;1.0;0.0;3.0;0.0;0.0;2.0;1.0;1.0;2.0;2.0;3.0;0.0;0.0;3.0;0.0;1.0;1.0;0.0;1.0;1.0;0.0;5.0;0.0;0.0;0.0;3.0;0.0;0.0;1.0;0.0;3.0;4.0;1.0;1.0;3.0;0.0;0.0;1.0;2.0;9.0;1.0;2.0;1.0;0.0;1.0;1.0;2.0;1.0;0.0;2.0;0.0;0.0;0.0;1.0;2.0;1.0;0.0;1.0;4.0;1.0;0.0;1.0;2.0;2.0;1.0;2.0;1.0;0.0;0.0;0.0;2.0;0.0;0.0;0.0;0.0;0.0
accord;0.0;0.0;0.0;0.0;1.0;2.0;2.0;3.0;0.0;0.0;0.0;5.0;1.0;2.0;0.0;3.0;0.0;2.0;2.0;4.0;1.0;1.0;0.0;1.0;0.0;0.0;1.0;4.0;1.0;0.0;2.0;1.0;0.0;0.0;0.0;5.0;2.0;2.0;5.0;0.0;0.0;1.0;5.0;4.0;8.0;7.0;4.0;1.0;0.0;0.0;3.0;5.0;5.0;3.0;0.0;0.0;0.0;0.0;1.0;0.0;0.0;0.0;0.0;0.0;0.0;0.0;0.0;1.0;0.0;0.0;0.0;2.0;2.0;1.0;1.0;1.0;3.0;4.0;2.0;2.0;0.0;0.0;1.0;0.0;3.0;0.0;0.0;0.0;0.0
tasse;0.0;0.0;0.0;0.0;1.0;1.0;5.0;0.0;0.0;0.0;3.0;2.0;1.0;3.0;4.0;2.0;0.0;0.0;1.0;4.0;6.0;34.0;26.0;6.0;1.0;2.0;3.0;4.0;3.0;9.0;0.0;5.0;0.0;0.0;6.0;1.0;1.0;2.0;7.0;6.0;1.0;0.0;3.0;2.0;11.0;6.0;3.0;4.0;0.0;1.0;6.0;2.0;8.0;2.0;7.0;4.0;0.0;1.0;3.0;2.0;3.0;0.0;1.0;0.0;1.0;0.0;2.0;6.0;3.0;1.0;1.0;8.0;0.0;1.0;4.0;4.0;9.0;13.0;3.0;5.0;0.0;0.0;2.0;3.0;2.0;0.0;0.0;0.0;0.0
false;0.0;0.0;0.0;0.0;0.0;2.0;0.0;0.0;0.0;0.0;0.0;1.0;2.0;1.0;2.0;1.0;0.0;0.0;0.0;2.0;3.0;6.0;5.0;0.0;0.0;0.0;1.0;16.0;4.0;4.0;2.0;0.0;1.0;0.0;2.0;1.0;8.0;4.0;4.0;2.0;1.0;1.0;2.0;6.0;1.0;14.0;6.0;3.0;0.0;0.0;2.0;4.0;8.0;1.0;2.0;2.0;0.0;0.0;2.0;0.0;0.0;3.0;0.0;0.0;0.0;0.0;0.0;0.0;0.0;0.0;2.0;2.0;0.0;0.0;2.0;1.0;2.0;0.0;0.0;1.0;1.0;0.0;1.0;1.0;0.0;0.0;0.0;0.0;0.0
liaquartapell;0.0;0.0;0.0;0.0;1.0;2.0;1.0;1.0;0.0;0.0;0.0;1.0;4.0;5.0;2.0;0.0;0.0;0.0;0.0;10.0;11.0;4.0;3.0;2.0;0.0;0.0;0.0;0.0;1.0;1.0;0.0;0.0;0.0;0.0;8.0;5.0;11.0;1.0;1.0;1.0;0.0;0.0;2.0;5.0;3.0;1.0;1.0;3.0;0.0;0.0;4.0;3.0;1.0;2.0;2.0;1.0;1.0;0.0;0.0;0.0;0.0;0.0;0.0;0.0;0.0;0.0;3.0;0.0;4.0;0.0;0.0;1.0;1.0;0.0;0.0;4.0;16.0;5.0;0.0;0.0;0.0;0.0;0.0;1.0;2.0;0.0;0.0;0.0;0.0
indagat;0.0;0.0;0.0;0.0;4.0;1.0;0.0;0.0;0.0;0.0;0.0;2.0;0.0;2.0;3.0;0.0;0.0;0.0;0.0;5.0;4.0;6.0;3.0;1.0;1.0;0.0;4.0;7.0;2.0;4.0;3.0;0.0;0.0;0.0;2.0;2.0;0.0;0.0;2.0;0.0;0.0;0.0;0.0;2.0;1.0;2.0;3.0;0.0;0.0;0.0;0.0;1.0;5.0;0.0;2.0;2.0;1.0;0.0;1.0;0.0;1.0;0.0;0.0;1.0;0.0;0.0;1.0;0.0;0.0;0.0;0.0;0.0;0.0;0.0;0.0;0.0;0.0;0.0;1.0;1.0;1.0;0.0;0.0;2.0;0.0;0.0;0.0;0.0;0.0
repubblicait;0.0;0.0;0.0;0.0;1.0;2.0;2.0;2.0;1.0;0.0;3.0;1.0;1.0;3.0;1.0;0.0;0.0;0.0;1.0;11.0;9.0;6.0;3.0;1.0;0.0;0.0;1.0;2.0;2.0;1.0;1.0;3.0;0.0;0.0;1.0;10.0;5.0;10.0;6.0;6.0;0.0;0.0;7.0;8.0;3.0;3.0;2.0;0.0;0.0;0.0;1.0;2.0;2.0;0.0;2.0;2.0;0.0;0.0;0.0;4.0;1.0;1.0;0.0;0.0;0.0;0.0;3.0;4.0;0.0;5.0;3.0;3.0;2.0;1.0;2.0;0.0;1.0;4.0;1.0;3.0;0.0;0.0;3.0;3.0;4.0;0.0;0.0;0.0;0.0
pensionat;0.0;0.0;0.0;0.0;0.0;1.0;0.0;0.0;0.0;0.0;0.0;0.0;1.0;0.0;0.0;0.0;0.0;0.0;0.0;5.0;2.0;11.0;12.0;3.0;0.0;1.0;4.0;3.0;1.0;3.0;4.0;0.0;0.0;0.0;2.0;0.0;0.0;0.0;2.0;3.0;0.0;0.0;1.0;3.0;3.0;1.0;0.0;1.0;0.0;0.0;2.0;2.0;0.0;1.0;1.0;0.0;0.0;0.0;0.0;2.0;1.0;2.0;0.0;0.0;0.0;0.0;1.0;1.0;0.0;0.0;0.0;1.0;0.0;0.0;2.0;3.0;0.0;1.0;2.0;0.0;0.0;0.0;0.0;2.0;0.0;0.0;0.0;0.0;0.0
teresabellanov;0.0;0.0;0.0;0.0;0.0;2.0;1.0;8.0;1.0;0.0;2.0;6.0;2.0;3.0;0.0;3.0;0.0;3.0;4.0;9.0;9.0;9.0;16.0;10.0;0.0;0.0;12.0;6.0;12.0;4.0;13.0;0.0;1.0;1.0;1.0;5.0;19.0;16.0;5.0;2.0;0.0;0.0;3.0;4.0;1.0;2.0;3.0;6.0;0.0;1.0;2.0;20.0;1.0;2.0;0.0;0.0;0.0;0.0;0.0;7.0;0.0;1.0;1.0;0.0;0.0;0.0;0.0;1.0;0.0;1.0;0.0;2.0;4.0;0.0;2.0;1.0;3.0;12.0;4.0;4.0;0.0;0.0;7.0;18.0;12.0;0.0;0.0;0.0;0.0
special;0.0;0.0;0.0;0.0;1.0;0.0;3.0;2.0;0.0;0.0;2.0;0.0;0.0;0.0;1.0;0.0;0.0;0.0;3.0;2.0;4.0;3.0;3.0;2.0;0.0;1.0;0.0;2.0;0.0;7.0;7.0;1.0;0.0;1.0;5.0;2.0;1.0;0.0;3.0;1.0;0.0;0.0;0.0;0.0;1.0;3.0;2.0;1.0;0.0;0.0;2.0;1.0;2.0;0.0;3.0;2.0;1.0;1.0;0.0;3.0;0.0;0.0;0.0;0.0;0.0;0.0;0.0;0.0;0.0;2.0;2.0;2.0;0.0;0.0;3.0;1.0;1.0;4.0;0.0;0.0;0.0;0.0;2.0;3.0;2.0;0.0;0.0;0.0;0.0
pa;0.0;0.0;0.0;0.0;3.0;1.0;1.0;0.0;0.0;0.0;3.0;0.0;2.0;0.0;1.0;0.0;0.0;0.0;1.0;8.0;2.0;5.0;2.0;0.0;0.0;0.0;0.0;1.0;0.0;0.0;0.0;0.0;0.0;0.0;1.0;0.0;0.0;0.0;7.0;5.0;0.0;1.0;3.0;8.0;5.0;1.0;5.0;3.0;0.0;0.0;0.0;2.0;4.0;1.0;1.0;0.0;0.0;0.0;0.0;2.0;2.0;0.0;0.0;0.0;0.0;0.0;0.0;0.0;0.0;2.0;0.0;2.0;1.0;0.0;1.0;1.0;1.0;0.0;1.0;0.0;0.0;0.0;0.0;0.0;0.0;0.0;0.0;0.0;0.0
votan;0.0;0.0;0.0;0.0;1.0;2.0;1.0;2.0;0.0;0.0;0.0;1.0;9.0;11.0;4.0;1.0;0.0;0.0;3.0;1.0;1.0;3.0;3.0;3.0;0.0;0.0;1.0;0.0;2.0;2.0;7.0;4.0;0.0;0.0;2.0;2.0;3.0;7.0;6.0;7.0;1.0;0.0;5.0;4.0;6.0;4.0;3.0;3.0;1.0;1.0;6.0;2.0;8.0;5.0;7.0;5.0;0.0;0.0;0.0;2.0;4.0;3.0;3.0;6.0;0.0;0.0;0.0;4.0;1.0;2.0;1.0;3.0;3.0;1.0;3.0;4.0;5.0;4.0;2.0;5.0;1.0;0.0;2.0;2.0;0.0;0.0;0.0;0.0;0.0
iodicon;0.0;0.0;0.0;0.0;0.0;5.0;3.0;2.0;0.0;0.0;3.0;0.0;3.0;2.0;3.0;1.0;0.0;1.0;1.0;3.0;3.0;6.0;4.0;0.0;0.0;1.0;0.0;4.0;1.0;2.0;5.0;2.0;0.0;0.0;5.0;2.0;2.0;2.0;3.0;2.0;0.0;0.0;1.0;8.0;3.0;4.0;4.0;6.0;0.0;0.0;1.0;5.0;23.0;2.0;8.0;8.0;1.0;1.0;1.0;7.0;3.0;4.0;2.0;1.0;0.0;0.0;0.0;3.0;2.0;0.0;1.0;2.0;0.0;2.0;2.0;1.0;0.0;0.0;0.0;0.0;0.0;0.0;0.0;1.0;0.0;0.0;0.0;0.0;0.0
ivanscalfarott;0.0;0.0;0.0;0.0;5.0;5.0;1.0;3.0;1.0;0.0;2.0;23.0;22.0;4.0;2.0;0.0;1.0;0.0;8.0;7.0;0.0;2.0;1.0;0.0;0.0;0.0;2.0;3.0;2.0;4.0;3.0;2.0;0.0;0.0;1.0;3.0;2.0;2.0;9.0;6.0;0.0;1.0;3.0;3.0;1.0;1.0;5.0;13.0;0.0;0.0;3.0;0.0;8.0;11.0;10.0;30.0;10.0;1.0;16.0;17.0;9.0;6.0;5.0;5.0;0.0;0.0;1.0;1.0;2.0;0.0;1.0;4.0;3.0;1.0;6.0;0.0;2.0;0.0;0.0;0.0;0.0;1.0;0.0;12.0;0.0;0.0;0.0;0.0;0.0
