grado;0.0;0.0;0.0;0.0;0.0;0.0;0.0;0.0;0.0;0.0;0.0;0.0;2.0;0.0;0.0;0.0;0.0;0.0;0.0;2.0;0.0;0.0;0.0;0.0;0.0;0.0;0.0;2.0;0.0;1.0;3.0;2.0;0.0;0.0;3.0;1.0;0.0;1.0;0.0;1.0;0.0;0.0;0.0;1.0;0.0;1.0;1.0;2.0;0.0;0.0;3.0;1.0;2.0;4.0;2.0;0.0;0.0;0.0;1.0;2.0;2.0;1.0;1.0;0.0;0.0;0.0;0.0;0.0;0.0;0.0;0.0;2.0;2.0;1.0;3.0;6.0;0.0;2.0;2.0;0.0;0.0;0.0;0.0;0.0;0.0;0.0;0.0;0.0;0.0
tfaeconcors;0.0;0.0;0.0;0.0;0.0;6.0;1.0;9.0;0.0;0.0;0.0;0.0;0.0;7.0;1.0;2.0;0.0;0.0;0.0;1.0;7.0;0.0;0.0;4.0;0.0;0.0;0.0;0.0;0.0;4.0;1.0;3.0;0.0;0.0;0.0;0.0;0.0;0.0;0.0;2.0;0.0;0.0;0.0;0.0;0.0;0.0;0.0;1.0;0.0;0.0;0.0;0.0;0.0;0.0;0.0;3.0;0.0;0.0;0.0;0.0;0.0;0.0;0.0;3.0;0.0;0.0;0.0;0.0;0.0;0.0;0.0;3.0;0.0;0.0;0.0;0.0;0.0;0.0;1.0;4.0;0.0;0.0;0.0;0.0;0.0;0.0;0.0;0.0;0.0
ultim;0.0;0.0;0.0;0.0;0.0;5.0;6.0;0.0;1.0;0.0;1.0;4.0;5.0;5.0;3.0;2.0;0.0;1.0;4.0;12.0;8.0;12.0;3.0;4.0;0.0;0.0;2.0;4.0;5.0;7.0;4.0;1.0;0.0;0.0;0.0;6.0;7.0;7.0;2.0;6.0;0.0;0.0;6.0;5.0;9.0;6.0;12.0;4.0;1.0;1.0;3.0;4.0;18.0;11.0;11.0;7.0;0.0;0.0;2.0;3.0;2.0;3.0;4.0;2.0;0.0;0.0;2.0;3.0;3.0;7.0;2.0;8.0;2.0;2.0;5.0;4.0;8.0;4.0;5.0;1.0;0.0;0.0;2.0;4.0;3.0;0.0;0.0;0.0;0.0
seguit;0.0;0.0;0.0;0.0;1.0;0.0;0.0;0.0;0.0;0.0;1.0;1.0;2.0;2.0;2.0;0.0;0.0;0.0;0.0;0.0;0.0;2.0;1.0;1.0;0.0;0.0;1.0;0.0;2.0;1.0;1.0;0.0;0.0;0.0;1.0;2.0;2.0;2.0;3.0;2.0;0.0;0.0;0.0;3.0;2.0;1.0;0.0;0.0;1.0;0.0;0.0;2.0;2.0;2.0;1.0;1.0;0.0;0.0;0.0;0.0;0.0;0.0;0.0;0.0;0.0;0.0;0.0;1.0;0.0;0.0;0.0;3.0;2.0;0.0;2.0;1.0;1.0;2.0;1.0;0.0;0.0;0.0;1.0;2.0;1.0;0.0;0.0;0.0;0.0
settiman;0.0;0.0;0.0;0.0;0.0;2.0;1.0;1.0;0.0;0.0;1.0;2.0;3.0;4.0;1.0;0.0;0.0;0.0;4.0;0.0;2.0;5.0;0.0;3.0;0.0;1.0;0.0;0.0;0.0;1.0;0.0;2.0;1.0;0.0;0.0;0.0;4.0;3.0;0.0;0.0;0.0;0.0;0.0;2.0;3.0;0.0;2.0;0.0;0.0;0.0;0.0;1.0;0.0;1.0;1.0;2.0;0.0;0.0;0.0;0.0;1.0;1.0;2.0;0.0;0.0;0.0;0.0;1.0;0.0;0.0;0.0;4.0;0.0;0.0;3.0;1.0;1.0;1.0;0.0;1.0;0.0;0.0;0.0;0.0;1.0;0.0;0.0;0.0;0.0
ndegirolam;0.0;0.0;0.0;0.0;0.0;0.0;0.0;0.0;0.0;0.0;0.0;4.0;4.0;2.0;5.0;1.0;0.0;0.0;0.0;0.0;0.0;0.0;6.0;3.0;1.0;0.0;3.0;2.0;2.0;1.0;1.0;1.0;0.0;0.0;2.0;10.0;4.0;1.0;2.0;0.0;0.0;1.0;1.0;2.0;3.0;0.0;7.0;5.0;0.0;1.0;4.0;2.0;20.0;5.0;3.0;1.0;0.0;1.0;0.0;0.0;1.0;0.0;2.0;1.0;0.0;0.0;0.0;0.0;1.0;1.0;1.0;5.0;17.0;0.0;7.0;7.0;3.0;2.0;1.0;0.0;0.0;0.0;0.0;1.0;5.0;0.0;0.0;0.0;0.0
campagn;0.0;0.0;0.0;0.0;0.0;4.0;4.0;3.0;0.0;0.0;3.0;3.0;0.0;2.0;2.0;2.0;0.0;0.0;3.0;1.0;3.0;0.0;6.0;4.0;0.0;0.0;4.0;3.0;5.0;6.0;5.0;0.0;1.0;0.0;0.0;7.0;3.0;4.0;4.0;2.0;0.0;0.0;1.0;7.0;17.0;7.0;9.0;2.0;1.0;0.0;7.0;13.0;9.0;14.0;12.0;13.0;1.0;0.0;1.0;4.0;2.0;3.0;0.0;3.0;0.0;0.0;1.0;6.0;4.0;2.0;0.0;15.0;11.0;1.0;8.0;6.0;7.0;7.0;2.0;2.0;0.0;0.0;1.0;1.0;1.0;0.0;0.0;0.0;0.0
difend;0.0;0.0;0.0;0.0;0.0;2.0;0.0;0.0;0.0;0.0;0.0;0.0;2.0;1.0;0.0;0.0;0.0;0.0;1.0;3.0;0.0;4.0;0.0;0.0;0.0;0.0;2.0;0.0;1.0;2.0;1.0;1.0;1.0;0.0;1.0;1.0;1.0;0.0;2.0;0.0;0.0;0.0;2.0;1.0;0.0;1.0;0.0;0.0;0.0;0.0;0.0;0.0;0.0;1.0;2.0;3.0;0.0;0.0;0.0;3.0;0.0;0.0;0.0;0.0;1.0;0.0;0.0;2.0;0.0;0.0;0.0;0.0;3.0;0.0;0.0;1.0;1.0;0.0;2.0;0.0;0.0;0.0;0.0;0.0;3.0;0.0;0.0;0.0;0.0
riformacostituzional;0.0;0.0;0.0;0.0;0.0;2.0;3.0;0.0;0.0;0.0;1.0;6.0;3.0;3.0;1.0;0.0;0.0;0.0;1.0;3.0;1.0;5.0;6.0;2.0;0.0;1.0;0.0;0.0;0.0;2.0;6.0;1.0;0.0;0.0;5.0;1.0;1.0;4.0;0.0;0.0;0.0;0.0;0.0;6.0;4.0;3.0;4.0;2.0;0.0;0.0;1.0;2.0;3.0;1.0;0.0;1.0;0.0;0.0;0.0;0.0;0.0;0.0;0.0;2.0;0.0;0.0;1.0;6.0;3.0;1.0;4.0;13.0;5.0;0.0;2.0;4.0;0.0;0.0;0.0;0.0;0.0;0.0;0.0;0.0;0.0;0.0;0.0;0.0;0.0
s?;0.0;0.0;0.0;0.0;0.0;0.0;0.0;0.0;0.0;0.0;0.0;0.0;0.0;0.0;0.0;0.0;0.0;0.0;0.0;0.0;0.0;0.0;0.0;0.0;0.0;0.0;0.0;0.0;0.0;0.0;0.0;0.0;0.0;0.0;0.0;0.0;0.0;0.0;0.0;0.0;0.0;0.0;0.0;0.0;0.0;0.0;0.0;0.0;0.0;0.0;0.0;0.0;0.0;0.0;0.0;0.0;0.0;0.0;0.0;0.0;0.0;0.0;0.0;0.0;0.0;0.0;0.0;0.0;0.0;0.0;0.0;0.0;0.0;0.0;0.0;0.0;0.0;0.0;0.0;0.0;0.0;0.0;0.0;0.0;0.0;0.0;0.0;0.0;0.0
truff;0.0;0.0;0.0;0.0;0.0;1.0;0.0;0.0;0.0;0.0;1.0;0.0;1.0;0.0;0.0;0.0;1.0;0.0;0.0;0.0;0.0;2.0;0.0;0.0;0.0;0.0;0.0;0.0;0.0;2.0;0.0;0.0;0.0;0.0;1.0;0.0;0.0;0.0;10.0;0.0;0.0;0.0;0.0;2.0;2.0;3.0;1.0;0.0;0.0;0.0;0.0;3.0;0.0;3.0;9.0;1.0;0.0;0.0;0.0;0.0;1.0;0.0;0.0;0.0;0.0;0.0;0.0;0.0;0.0;2.0;2.0;0.0;0.0;0.0;3.0;0.0;0.0;1.0;2.0;0.0;0.0;0.0;0.0;0.0;0.0;0.0;0.0;0.0;0.0
anzi;0.0;0.0;0.0;0.0;1.0;0.0;2.0;0.0;0.0;1.0;0.0;0.0;2.0;1.0;0.0;0.0;0.0;0.0;0.0;1.0;2.0;0.0;1.0;2.0;1.0;0.0;1.0;1.0;2.0;1.0;3.0;2.0;0.0;0.0;0.0;1.0;2.0;1.0;0.0;0.0;0.0;0.0;0.0;0.0;1.0;1.0;3.0;0.0;0.0;0.0;1.0;1.0;4.0;1.0;2.0;1.0;0.0;0.0;0.0;1.0;2.0;0.0;0.0;0.0;1.0;1.0;0.0;1.0;1.0;2.0;0.0;2.0;0.0;0.0;2.0;2.0;1.0;2.0;1.0;1.0;0.0;0.0;0.0;0.0;3.0;0.0;0.0;0.0;0.0
allester;0.0;0.0;0.0;0.0;0.0;1.0;1.0;1.0;0.0;0.0;0.0;3.0;1.0;3.0;1.0;1.0;0.0;0.0;1.0;1.0;3.0;2.0;2.0;1.0;0.0;0.0;1.0;2.0;1.0;1.0;3.0;0.0;0.0;0.0;1.0;1.0;2.0;0.0;0.0;2.0;0.0;0.0;0.0;7.0;2.0;3.0;2.0;0.0;0.0;0.0;7.0;5.0;1.0;4.0;4.0;0.0;0.0;0.0;1.0;0.0;0.0;1.0;0.0;0.0;0.0;0.0;0.0;0.0;0.0;0.0;1.0;5.0;0.0;1.0;1.0;2.0;6.0;5.0;3.0;1.0;0.0;0.0;2.0;7.0;2.0;0.0;0.0;0.0;0.0
mogl;0.0;0.0;0.0;0.0;0.0;0.0;0.0;0.0;0.0;0.0;0.0;3.0;2.0;0.0;1.0;0.0;1.0;0.0;0.0;0.0;1.0;0.0;2.0;1.0;0.0;0.0;0.0;0.0;1.0;0.0;2.0;0.0;0.0;0.0;2.0;1.0;0.0;1.0;0.0;2.0;0.0;0.0;1.0;1.0;3.0;2.0;1.0;0.0;0.0;0.0;1.0;1.0;0.0;1.0;3.0;0.0;1.0;0.0;0.0;0.0;0.0;0.0;0.0;0.0;0.0;0.0;0.0;1.0;1.0;0.0;0.0;6.0;2.0;0.0;0.0;1.0;1.0;3.0;6.0;2.0;0.0;0.0;0.0;1.0;0.0;0.0;0.0;0.0;0.0
cdx;0.0;0.0;0.0;0.0;0.0;0.0;0.0;0.0;0.0;0.0;0.0;2.0;1.0;0.0;0.0;0.0;0.0;0.0;0.0;10.0;0.0;0.0;1.0;0.0;0.0;0.0;0.0;0.0;0.0;0.0;2.0;1.0;0.0;0.0;0.0;3.0;2.0;1.0;4.0;2.0;0.0;0.0;0.0;1.0;0.0;2.0;2.0;1.0;0.0;0.0;3.0;1.0;2.0;0.0;10.0;2.0;0.0;1.0;0.0;0.0;0.0;0.0;0.0;0.0;0.0;0.0;0.0;0.0;0.0;0.0;0.0;4.0;0.0;0.0;1.0;0.0;4.0;2.0;0.0;0.0;0.0;0.0;1.0;1.0;2.0;0.0;0.0;0.0;0.0
citt?;0.0;0.0;0.0;0.0;0.0;0.0;0.0;0.0;0.0;0.0;0.0;0.0;0.0;0.0;0.0;0.0;0.0;0.0;0.0;0.0;0.0;0.0;0.0;0.0;0.0;0.0;0.0;0.0;0.0;0.0;0.0;0.0;0.0;0.0;0.0;0.0;0.0;0.0;0.0;0.0;0.0;0.0;0.0;0.0;0.0;0.0;0.0;0.0;0.0;0.0;0.0;0.0;0.0;0.0;0.0;0.0;0.0;0.0;0.0;0.0;0.0;0.0;0.0;0.0;0.0;0.0;0.0;0.0;0.0;0.0;0.0;0.0;0.0;0.0;0.0;0.0;0.0;0.0;0.0;0.0;0.0;0.0;0.0;0.0;0.0;0.0;0.0;0.0;0.0
bufal;0.0;0.0;0.0;0.0;0.0;0.0;0.0;0.0;0.0;0.0;0.0;0.0;2.0;0.0;8.0;0.0;0.0;0.0;1.0;1.0;1.0;4.0;0.0;1.0;0.0;0.0;1.0;0.0;3.0;5.0;6.0;9.0;1.0;0.0;3.0;9.0;6.0;12.0;3.0;3.0;1.0;0.0;2.0;5.0;3.0;3.0;3.0;1.0;0.0;0.0;2.0;1.0;1.0;4.0;0.0;1.0;0.0;0.0;0.0;1.0;3.0;1.0;20.0;5.0;1.0;0.0;1.0;5.0;3.0;5.0;0.0;1.0;0.0;0.0;1.0;1.0;0.0;0.0;0.0;0.0;0.0;0.0;0.0;1.0;0.0;0.0;0.0;0.0;0.0
laltr;0.0;0.0;0.0;0.0;0.0;8.0;1.0;0.0;1.0;0.0;0.0;1.0;3.0;1.0;1.0;2.0;0.0;0.0;1.0;0.0;1.0;1.0;1.0;1.0;0.0;0.0;0.0;0.0;1.0;1.0;2.0;0.0;1.0;0.0;0.0;0.0;1.0;1.0;0.0;0.0;0.0;0.0;0.0;2.0;0.0;2.0;0.0;0.0;0.0;0.0;0.0;0.0;1.0;1.0;1.0;1.0;0.0;0.0;0.0;2.0;0.0;1.0;1.0;0.0;0.0;0.0;0.0;2.0;0.0;1.0;1.0;2.0;0.0;0.0;1.0;0.0;1.0;1.0;1.0;1.0;0.0;0.0;2.0;0.0;1.0;0.0;0.0;0.0;0.0
luigidima;0.0;0.0;0.0;0.0;0.0;23.0;22.0;13.0;2.0;1.0;6.0;10.0;5.0;37.0;22.0;16.0;2.0;0.0;4.0;6.0;49.0;15.0;15.0;7.0;2.0;1.0;8.0;7.0;91.0;57.0;63.0;28.0;1.0;3.0;21.0;12.0;12.0;52.0;41.0;10.0;2.0;1.0;4.0;21.0;39.0;52.0;49.0;27.0;2.0;2.0;30.0;80.0;128.0;79.0;81.0;60.0;3.0;3.0;44.0;88.0;59.0;38.0;30.0;14.0;2.0;2.0;6.0;15.0;7.0;4.0;9.0;25.0;43.0;10.0;23.0;8.0;13.0;14.0;25.0;11.0;1.0;2.0;8.0;8.0;4.0;0.0;0.0;0.0;0.0
scriv;0.0;0.0;0.0;0.0;0.0;8.0;1.0;0.0;0.0;0.0;0.0;3.0;2.0;0.0;1.0;2.0;0.0;0.0;0.0;1.0;0.0;2.0;3.0;0.0;0.0;0.0;2.0;0.0;3.0;1.0;2.0;2.0;0.0;0.0;0.0;4.0;2.0;2.0;1.0;1.0;0.0;0.0;0.0;1.0;0.0;0.0;1.0;1.0;0.0;0.0;0.0;2.0;0.0;1.0;3.0;2.0;0.0;0.0;0.0;2.0;3.0;0.0;0.0;1.0;0.0;0.0;0.0;2.0;0.0;0.0;0.0;3.0;4.0;0.0;1.0;2.0;1.0;2.0;2.0;0.0;0.0;0.0;1.0;3.0;1.0;0.0;0.0;0.0;0.0
palerm;0.0;0.0;0.0;0.0;1.0;8.0;10.0;2.0;0.0;0.0;0.0;0.0;5.0;7.0;1.0;5.0;0.0;0.0;2.0;5.0;8.0;7.0;6.0;2.0;0.0;0.0;0.0;3.0;2.0;9.0;7.0;1.0;3.0;0.0;2.0;1.0;3.0;4.0;5.0;2.0;0.0;0.0;1.0;1.0;1.0;6.0;4.0;0.0;0.0;1.0;2.0;9.0;4.0;6.0;0.0;13.0;0.0;0.0;1.0;0.0;3.0;3.0;5.0;2.0;0.0;0.0;0.0;2.0;4.0;2.0;2.0;2.0;2.0;0.0;3.0;2.0;0.0;6.0;0.0;1.0;0.0;0.0;1.0;1.0;2.0;0.0;0.0;0.0;0.0
domenic;0.0;0.0;0.0;0.0;0.0;0.0;2.0;0.0;0.0;0.0;4.0;3.0;4.0;9.0;1.0;0.0;0.0;0.0;0.0;2.0;2.0;0.0;0.0;1.0;0.0;0.0;2.0;2.0;2.0;1.0;6.0;1.0;0.0;0.0;0.0;5.0;3.0;1.0;2.0;1.0;1.0;0.0;2.0;3.0;1.0;2.0;6.0;3.0;0.0;0.0;5.0;7.0;7.0;7.0;8.0;12.0;0.0;0.0;2.0;1.0;3.0;1.0;1.0;8.0;0.0;0.0;2.0;20.0;6.0;3.0;0.0;1.0;2.0;0.0;0.0;0.0;1.0;1.0;0.0;0.0;0.0;0.0;3.0;2.0;0.0;0.0;0.0;0.0;0.0
dubbi;0.0;0.0;0.0;0.0;0.0;0.0;0.0;0.0;0.0;0.0;0.0;0.0;1.0;1.0;0.0;1.0;0.0;0.0;1.0;0.0;0.0;0.0;0.0;4.0;0.0;0.0;0.0;0.0;1.0;0.0;2.0;2.0;0.0;0.0;2.0;2.0;1.0;2.0;1.0;0.0;0.0;0.0;0.0;0.0;1.0;1.0;0.0;0.0;0.0;0.0;0.0;3.0;0.0;2.0;1.0;1.0;0.0;1.0;0.0;0.0;1.0;1.0;1.0;1.0;0.0;0.0;0.0;0.0;0.0;0.0;2.0;0.0;1.0;1.0;5.0;4.0;3.0;0.0;3.0;0.0;0.0;0.0;0.0;0.0;0.0;0.0;0.0;0.0;0.0
mpenikas;0.0;0.0;0.0;0.0;0.0;1.0;6.0;0.0;0.0;0.0;1.0;2.0;1.0;1.0;1.0;0.0;0.0;0.0;0.0;5.0;3.0;2.0;0.0;0.0;1.0;0.0;1.0;5.0;6.0;1.0;4.0;0.0;0.0;0.0;0.0;3.0;1.0;0.0;0.0;1.0;0.0;0.0;0.0;3.0;2.0;2.0;0.0;1.0;0.0;0.0;1.0;2.0;1.0;1.0;0.0;0.0;1.0;0.0;0.0;0.0;3.0;1.0;1.0;3.0;0.0;0.0;1.0;0.0;0.0;1.0;1.0;5.0;1.0;0.0;2.0;2.0;2.0;2.0;1.0;0.0;0.0;0.0;1.0;1.0;0.0;0.0;0.0;0.0;0.0
guerr;0.0;0.0;0.0;0.0;0.0;2.0;0.0;0.0;0.0;0.0;0.0;0.0;1.0;0.0;0.0;0.0;0.0;0.0;0.0;0.0;0.0;2.0;1.0;1.0;0.0;0.0;2.0;1.0;0.0;3.0;4.0;1.0;0.0;1.0;0.0;2.0;1.0;1.0;2.0;0.0;1.0;0.0;0.0;0.0;0.0;0.0;0.0;1.0;0.0;0.0;0.0;1.0;0.0;0.0;0.0;1.0;0.0;0.0;0.0;1.0;1.0;0.0;0.0;0.0;0.0;0.0;2.0;4.0;3.0;1.0;0.0;1.0;0.0;0.0;1.0;1.0;1.0;3.0;2.0;2.0;1.0;0.0;0.0;0.0;0.0;0.0;0.0;0.0;0.0
vita;0.0;0.0;0.0;0.0;0.0;4.0;1.0;0.0;1.0;0.0;0.0;5.0;3.0;3.0;2.0;1.0;0.0;0.0;3.0;3.0;3.0;4.0;5.0;3.0;0.0;0.0;1.0;0.0;3.0;6.0;3.0;2.0;0.0;0.0;1.0;1.0;0.0;7.0;2.0;2.0;0.0;0.0;3.0;4.0;3.0;2.0;10.0;4.0;0.0;0.0;2.0;3.0;2.0;4.0;5.0;3.0;0.0;0.0;1.0;4.0;0.0;0.0;1.0;0.0;0.0;0.0;1.0;1.0;2.0;0.0;1.0;10.0;4.0;4.0;3.0;4.0;10.0;5.0;5.0;3.0;1.0;1.0;2.0;0.0;4.0;0.0;0.0;0.0;0.0
referendumcostituzional;0.0;0.0;0.0;0.0;0.0;3.0;5.0;1.0;1.0;0.0;1.0;5.0;8.0;6.0;3.0;1.0;0.0;0.0;1.0;4.0;6.0;11.0;2.0;1.0;0.0;0.0;3.0;2.0;10.0;8.0;4.0;5.0;1.0;0.0;2.0;5.0;6.0;12.0;1.0;3.0;1.0;0.0;2.0;6.0;9.0;9.0;9.0;4.0;0.0;0.0;4.0;8.0;7.0;2.0;13.0;9.0;1.0;0.0;1.0;1.0;1.0;7.0;4.0;1.0;0.0;0.0;1.0;9.0;6.0;1.0;3.0;29.0;13.0;1.0;7.0;8.0;7.0;4.0;3.0;3.0;0.0;0.0;0.0;3.0;1.0;0.0;0.0;0.0;0.0
vecch;0.0;0.0;0.0;0.0;0.0;2.0;0.0;1.0;0.0;0.0;0.0;2.0;4.0;0.0;0.0;2.0;0.0;0.0;0.0;2.0;0.0;2.0;0.0;0.0;0.0;0.0;1.0;0.0;1.0;0.0;0.0;0.0;0.0;0.0;0.0;3.0;1.0;3.0;1.0;0.0;0.0;0.0;0.0;3.0;5.0;0.0;3.0;0.0;0.0;0.0;1.0;1.0;1.0;3.0;3.0;3.0;0.0;0.0;1.0;0.0;0.0;0.0;2.0;1.0;0.0;1.0;0.0;0.0;0.0;1.0;1.0;2.0;3.0;0.0;5.0;8.0;2.0;4.0;2.0;3.0;0.0;0.0;0.0;0.0;0.0;0.0;0.0;0.0;0.0
diritt;0.0;0.0;0.0;0.0;0.0;11.0;6.0;1.0;0.0;0.0;1.0;7.0;6.0;12.0;3.0;4.0;2.0;0.0;2.0;1.0;3.0;13.0;3.0;4.0;0.0;0.0;2.0;2.0;3.0;1.0;7.0;2.0;0.0;0.0;1.0;3.0;1.0;3.0;1.0;1.0;0.0;0.0;1.0;7.0;10.0;5.0;10.0;0.0;0.0;0.0;3.0;1.0;3.0;5.0;6.0;6.0;0.0;0.0;2.0;4.0;10.0;5.0;5.0;1.0;3.0;0.0;1.0;5.0;2.0;5.0;1.0;9.0;1.0;2.0;6.0;6.0;7.0;0.0;3.0;0.0;0.0;0.0;2.0;1.0;2.0;0.0;0.0;0.0;0.0
costituent;0.0;0.0;0.0;0.0;0.0;0.0;1.0;0.0;0.0;0.0;0.0;3.0;1.0;0.0;0.0;0.0;0.0;0.0;1.0;5.0;3.0;5.0;4.0;0.0;0.0;0.0;0.0;0.0;1.0;1.0;2.0;0.0;0.0;0.0;0.0;3.0;1.0;1.0;2.0;0.0;0.0;0.0;0.0;0.0;1.0;0.0;2.0;0.0;0.0;0.0;1.0;0.0;2.0;1.0;2.0;0.0;0.0;0.0;0.0;0.0;0.0;3.0;0.0;0.0;0.0;0.0;0.0;1.0;0.0;0.0;0.0;6.0;2.0;1.0;0.0;3.0;1.0;1.0;0.0;0.0;0.0;0.0;0.0;1.0;0.0;0.0;0.0;0.0;0.0
hashtag;0.0;0.0;0.0;0.0;0.0;3.0;0.0;1.0;0.0;0.0;0.0;2.0;4.0;2.0;1.0;2.0;0.0;1.0;1.0;6.0;3.0;2.0;2.0;1.0;0.0;0.0;1.0;1.0;1.0;3.0;1.0;1.0;0.0;0.0;0.0;1.0;1.0;1.0;1.0;4.0;0.0;0.0;4.0;2.0;3.0;3.0;4.0;2.0;0.0;0.0;1.0;1.0;2.0;2.0;3.0;3.0;0.0;0.0;2.0;2.0;0.0;2.0;1.0;1.0;0.0;0.0;4.0;2.0;1.0;1.0;2.0;2.0;0.0;0.0;1.0;5.0;3.0;2.0;1.0;0.0;0.0;0.0;2.0;0.0;2.0;0.0;0.0;0.0;0.0
angelotofal;0.0;0.0;0.0;0.0;0.0;1.0;8.0;0.0;0.0;0.0;0.0;2.0;6.0;6.0;2.0;7.0;0.0;3.0;1.0;6.0;4.0;4.0;3.0;0.0;0.0;0.0;1.0;2.0;1.0;4.0;2.0;5.0;0.0;0.0;2.0;1.0;6.0;0.0;1.0;0.0;0.0;0.0;0.0;0.0;0.0;1.0;3.0;1.0;3.0;0.0;2.0;6.0;11.0;7.0;2.0;1.0;2.0;0.0;1.0;1.0;2.0;2.0;3.0;0.0;1.0;0.0;1.0;6.0;1.0;3.0;1.0;6.0;1.0;0.0;0.0;2.0;5.0;1.0;2.0;1.0;1.0;0.0;0.0;4.0;5.0;0.0;0.0;0.0;0.0
forzaital;0.0;0.0;0.0;0.0;2.0;12.0;6.0;1.0;1.0;0.0;2.0;18.0;18.0;30.0;6.0;2.0;0.0;0.0;7.0;6.0;9.0;15.0;3.0;4.0;1.0;0.0;3.0;5.0;13.0;8.0;9.0;5.0;3.0;1.0;2.0;8.0;7.0;7.0;7.0;1.0;1.0;1.0;4.0;10.0;7.0;5.0;5.0;3.0;0.0;1.0;9.0;6.0;14.0;7.0;21.0;11.0;0.0;1.0;2.0;0.0;1.0;6.0;4.0;5.0;0.0;0.0;1.0;3.0;18.0;4.0;6.0;22.0;23.0;0.0;11.0;22.0;16.0;6.0;5.0;4.0;0.0;0.0;2.0;2.0;7.0;0.0;0.0;0.0;0.0
valor;0.0;0.0;0.0;0.0;0.0;0.0;1.0;0.0;1.0;0.0;0.0;5.0;5.0;2.0;0.0;0.0;0.0;0.0;2.0;3.0;1.0;2.0;0.0;0.0;0.0;0.0;0.0;0.0;0.0;1.0;6.0;0.0;0.0;0.0;0.0;1.0;1.0;2.0;3.0;1.0;0.0;0.0;1.0;1.0;0.0;0.0;4.0;0.0;0.0;0.0;1.0;0.0;0.0;0.0;0.0;0.0;0.0;0.0;0.0;0.0;0.0;2.0;0.0;1.0;0.0;0.0;0.0;1.0;0.0;0.0;2.0;1.0;4.0;0.0;1.0;1.0;0.0;1.0;1.0;0.0;0.0;0.0;0.0;0.0;1.0;0.0;0.0;0.0;0.0
p;0.0;0.0;0.0;0.0;0.0;2.0;0.0;1.0;0.0;0.0;0.0;2.0;2.0;1.0;1.0;1.0;0.0;0.0;1.0;1.0;0.0;1.0;0.0;2.0;0.0;0.0;1.0;0.0;0.0;0.0;1.0;3.0;1.0;0.0;1.0;1.0;1.0;0.0;2.0;0.0;0.0;0.0;1.0;5.0;1.0;2.0;0.0;0.0;0.0;0.0;3.0;3.0;1.0;0.0;2.0;0.0;0.0;0.0;0.0;0.0;1.0;1.0;0.0;1.0;1.0;0.0;1.0;1.0;0.0;0.0;0.0;1.0;0.0;0.0;0.0;1.0;5.0;2.0;2.0;0.0;0.0;0.0;0.0;1.0;0.0;0.0;0.0;0.0;0.0
mandar;0.0;0.0;0.0;0.0;1.0;1.0;0.0;0.0;0.0;0.0;0.0;1.0;1.0;3.0;0.0;1.0;0.0;0.0;0.0;2.0;1.0;0.0;0.0;0.0;0.0;0.0;2.0;0.0;1.0;5.0;3.0;0.0;0.0;0.0;0.0;0.0;2.0;0.0;3.0;1.0;0.0;0.0;1.0;2.0;6.0;1.0;5.0;2.0;0.0;0.0;1.0;8.0;10.0;11.0;3.0;4.0;0.0;0.0;0.0;0.0;1.0;0.0;1.0;1.0;0.0;0.0;1.0;1.0;0.0;0.0;0.0;6.0;0.0;0.0;0.0;2.0;4.0;1.0;4.0;1.0;0.0;0.0;2.0;3.0;0.0;0.0;0.0;0.0;0.0
mercat;0.0;0.0;0.0;0.0;2.0;1.0;0.0;0.0;0.0;0.0;0.0;1.0;0.0;4.0;0.0;0.0;0.0;0.0;2.0;2.0;3.0;0.0;0.0;0.0;0.0;0.0;0.0;1.0;0.0;8.0;0.0;0.0;1.0;0.0;1.0;0.0;0.0;0.0;0.0;1.0;2.0;0.0;1.0;1.0;0.0;0.0;1.0;0.0;0.0;0.0;2.0;8.0;7.0;3.0;9.0;0.0;1.0;0.0;2.0;0.0;2.0;1.0;1.0;0.0;0.0;0.0;0.0;1.0;2.0;0.0;0.0;1.0;1.0;0.0;0.0;1.0;7.0;1.0;0.0;0.0;0.0;0.0;0.0;1.0;1.0;0.0;0.0;0.0;0.0
abilitatitf;0.0;0.0;0.0;0.0;0.0;6.0;1.0;6.0;0.0;0.0;0.0;0.0;0.0;7.0;1.0;2.0;0.0;0.0;0.0;1.0;18.0;0.0;0.0;4.0;0.0;0.0;0.0;0.0;0.0;4.0;1.0;3.0;0.0;0.0;0.0;0.0;0.0;0.0;2.0;2.0;0.0;0.0;0.0;0.0;0.0;0.0;0.0;1.0;0.0;0.0;0.0;0.0;0.0;0.0;2.0;5.0;0.0;0.0;0.0;0.0;0.0;0.0;0.0;3.0;0.0;0.0;0.0;0.0;0.0;0.0;0.0;4.0;0.0;0.0;0.0;0.0;3.0;0.0;1.0;4.0;0.0;0.0;0.0;0.0;0.0;0.0;0.0;0.0;0.0
nuovi;0.0;0.0;0.0;0.0;0.0;0.0;0.0;1.0;0.0;0.0;0.0;0.0;0.0;0.0;0.0;0.0;0.0;0.0;0.0;0.0;3.0;2.0;1.0;0.0;0.0;0.0;0.0;1.0;2.0;0.0;0.0;2.0;0.0;0.0;1.0;1.0;2.0;6.0;1.0;0.0;0.0;0.0;0.0;1.0;0.0;1.0;16.0;2.0;0.0;0.0;1.0;2.0;1.0;2.0;1.0;0.0;0.0;0.0;1.0;2.0;0.0;2.0;1.0;0.0;0.0;0.0;2.0;0.0;0.0;1.0;0.0;0.0;3.0;0.0;0.0;1.0;0.0;0.0;5.0;0.0;0.0;0.0;1.0;1.0;0.0;0.0;0.0;0.0;0.0
neanc;0.0;0.0;0.0;0.0;1.0;3.0;2.0;2.0;0.0;0.0;0.0;1.0;1.0;2.0;2.0;1.0;0.0;0.0;0.0;2.0;1.0;2.0;1.0;1.0;0.0;0.0;1.0;1.0;4.0;4.0;3.0;1.0;0.0;0.0;2.0;2.0;2.0;1.0;6.0;0.0;0.0;0.0;3.0;3.0;2.0;3.0;2.0;1.0;0.0;1.0;0.0;1.0;5.0;5.0;1.0;4.0;1.0;0.0;0.0;1.0;1.0;3.0;1.0;1.0;1.0;0.0;0.0;2.0;1.0;1.0;0.0;3.0;4.0;1.0;0.0;4.0;4.0;3.0;3.0;1.0;0.0;0.0;0.0;2.0;0.0;0.0;0.0;0.0;0.0
tv;0.0;0.0;0.0;0.0;0.0;2.0;0.0;1.0;0.0;0.0;2.0;1.0;8.0;7.0;4.0;1.0;0.0;0.0;1.0;3.0;3.0;5.0;10.0;1.0;1.0;1.0;0.0;0.0;8.0;3.0;3.0;0.0;0.0;0.0;3.0;0.0;4.0;1.0;5.0;1.0;0.0;0.0;1.0;4.0;10.0;5.0;11.0;3.0;5.0;1.0;5.0;9.0;4.0;4.0;5.0;2.0;1.0;0.0;0.0;1.0;5.0;1.0;1.0;2.0;0.0;1.0;0.0;1.0;3.0;0.0;1.0;6.0;7.0;1.0;3.0;4.0;3.0;2.0;3.0;3.0;0.0;2.0;2.0;0.0;3.0;0.0;0.0;0.0;0.0
stud;0.0;0.0;0.0;0.0;0.0;2.0;0.0;0.0;0.0;0.0;0.0;2.0;2.0;1.0;1.0;0.0;0.0;0.0;0.0;0.0;3.0;0.0;0.0;3.0;0.0;0.0;0.0;0.0;1.0;2.0;3.0;2.0;2.0;0.0;0.0;1.0;0.0;2.0;1.0;0.0;0.0;0.0;0.0;3.0;2.0;1.0;1.0;2.0;0.0;0.0;0.0;1.0;1.0;0.0;3.0;4.0;0.0;0.0;0.0;2.0;0.0;1.0;0.0;1.0;0.0;0.0;0.0;0.0;1.0;0.0;0.0;3.0;1.0;0.0;0.0;2.0;4.0;4.0;1.0;2.0;0.0;0.0;1.0;5.0;2.0;0.0;0.0;0.0;0.0
contribut;0.0;0.0;0.0;0.0;0.0;1.0;1.0;0.0;0.0;0.0;0.0;3.0;1.0;1.0;1.0;2.0;1.0;0.0;1.0;1.0;1.0;1.0;0.0;0.0;0.0;0.0;4.0;0.0;0.0;0.0;1.0;3.0;0.0;0.0;0.0;1.0;0.0;1.0;1.0;0.0;0.0;0.0;0.0;0.0;1.0;0.0;2.0;0.0;0.0;0.0;1.0;0.0;1.0;2.0;0.0;1.0;0.0;0.0;0.0;0.0;1.0;0.0;1.0;0.0;0.0;0.0;0.0;1.0;1.0;0.0;1.0;1.0;0.0;0.0;2.0;1.0;2.0;1.0;4.0;2.0;0.0;0.0;0.0;0.0;3.0;0.0;0.0;0.0;0.0
parte;0.0;0.0;0.0;0.0;0.0;9.0;4.0;2.0;0.0;1.0;1.0;5.0;11.0;6.0;1.0;3.0;0.0;0.0;0.0;21.0;7.0;10.0;9.0;3.0;3.0;0.0;8.0;6.0;3.0;11.0;11.0;3.0;1.0;2.0;4.0;6.0;10.0;6.0;12.0;2.0;0.0;1.0;2.0;5.0;7.0;4.0;10.0;1.0;0.0;0.0;2.0;2.0;7.0;8.0;8.0;4.0;0.0;2.0;4.0;8.0;2.0;0.0;3.0;0.0;0.0;0.0;2.0;3.0;3.0;1.0;5.0;16.0;7.0;0.0;16.0;8.0;8.0;14.0;10.0;11.0;0.0;0.0;3.0;7.0;8.0;0.0;0.0;0.0;0.0
consigl;0.0;0.0;0.0;0.0;0.0;7.0;0.0;2.0;0.0;0.0;0.0;0.0;2.0;3.0;2.0;0.0;0.0;0.0;1.0;0.0;1.0;3.0;2.0;3.0;0.0;0.0;4.0;1.0;1.0;3.0;4.0;5.0;1.0;0.0;2.0;6.0;6.0;10.0;4.0;1.0;0.0;1.0;2.0;3.0;4.0;4.0;3.0;0.0;0.0;0.0;4.0;3.0;7.0;6.0;4.0;3.0;0.0;0.0;0.0;1.0;1.0;2.0;2.0;4.0;0.0;0.0;1.0;0.0;7.0;2.0;0.0;13.0;3.0;1.0;3.0;4.0;7.0;5.0;5.0;4.0;1.0;1.0;4.0;2.0;5.0;0.0;0.0;0.0;0.0
staser;0.0;0.0;0.0;0.0;0.0;2.0;1.0;1.0;0.0;0.0;0.0;0.0;1.0;1.0;1.0;1.0;0.0;0.0;1.0;1.0;1.0;2.0;2.0;0.0;0.0;0.0;0.0;1.0;0.0;8.0;4.0;2.0;0.0;0.0;1.0;2.0;1.0;1.0;4.0;0.0;0.0;0.0;2.0;4.0;4.0;6.0;0.0;3.0;1.0;0.0;1.0;2.0;3.0;6.0;9.0;1.0;0.0;0.0;0.0;0.0;0.0;0.0;0.0;0.0;0.0;0.0;0.0;2.0;2.0;1.0;3.0;8.0;6.0;0.0;0.0;0.0;0.0;1.0;4.0;1.0;0.0;0.0;0.0;0.0;2.0;0.0;0.0;0.0;0.0
legger;0.0;0.0;0.0;0.0;0.0;1.0;1.0;0.0;0.0;0.0;1.0;2.0;0.0;1.0;1.0;0.0;1.0;0.0;0.0;0.0;0.0;0.0;2.0;1.0;1.0;0.0;0.0;0.0;0.0;4.0;3.0;4.0;1.0;0.0;0.0;3.0;2.0;5.0;6.0;3.0;0.0;0.0;0.0;5.0;2.0;1.0;4.0;0.0;0.0;0.0;0.0;2.0;5.0;3.0;5.0;1.0;0.0;1.0;1.0;3.0;2.0;2.0;0.0;1.0;0.0;0.0;0.0;1.0;0.0;0.0;0.0;1.0;0.0;1.0;1.0;4.0;1.0;3.0;0.0;2.0;0.0;0.0;1.0;2.0;1.0;0.0;0.0;0.0;0.0
dover;0.0;0.0;0.0;0.0;0.0;2.0;0.0;0.0;0.0;0.0;1.0;2.0;5.0;0.0;0.0;0.0;0.0;0.0;0.0;4.0;1.0;2.0;2.0;0.0;1.0;0.0;1.0;0.0;1.0;2.0;2.0;0.0;0.0;0.0;0.0;5.0;2.0;0.0;1.0;0.0;0.0;0.0;0.0;1.0;0.0;0.0;3.0;0.0;0.0;0.0;0.0;0.0;1.0;0.0;4.0;0.0;0.0;0.0;0.0;0.0;2.0;0.0;1.0;0.0;2.0;0.0;0.0;5.0;2.0;2.0;6.0;3.0;2.0;0.0;1.0;2.0;1.0;0.0;0.0;0.0;0.0;0.0;1.0;0.0;0.0;0.0;0.0;0.0;0.0
raggi;0.0;0.0;0.0;0.0;0.0;6.0;2.0;3.0;1.0;0.0;2.0;3.0;4.0;2.0;0.0;1.0;0.0;0.0;2.0;5.0;2.0;3.0;1.0;3.0;0.0;0.0;1.0;0.0;1.0;0.0;1.0;1.0;0.0;3.0;0.0;1.0;2.0;7.0;2.0;1.0;0.0;0.0;0.0;1.0;2.0;1.0;1.0;1.0;0.0;0.0;1.0;4.0;0.0;7.0;2.0;4.0;0.0;0.0;2.0;1.0;4.0;1.0;4.0;1.0;0.0;0.0;1.0;0.0;0.0;0.0;0.0;2.0;1.0;0.0;2.0;3.0;2.0;2.0;3.0;0.0;0.0;0.0;1.0;0.0;5.0;0.0;0.0;0.0;0.0
piazz;0.0;0.0;0.0;0.0;0.0;11.0;7.0;3.0;0.0;0.0;0.0;2.0;4.0;8.0;3.0;2.0;0.0;0.0;5.0;13.0;4.0;3.0;0.0;2.0;2.0;0.0;0.0;14.0;5.0;2.0;4.0;1.0;0.0;0.0;3.0;4.0;5.0;4.0;6.0;3.0;0.0;1.0;1.0;7.0;2.0;4.0;1.0;5.0;0.0;0.0;2.0;21.0;19.0;9.0;7.0;4.0;0.0;0.0;0.0;0.0;0.0;2.0;17.0;4.0;0.0;0.0;1.0;4.0;2.0;1.0;3.0;7.0;1.0;0.0;4.0;1.0;2.0;3.0;1.0;3.0;0.0;1.0;0.0;6.0;2.0;0.0;0.0;0.0;0.0
giornal;0.0;0.0;0.0;0.0;0.0;0.0;0.0;1.0;0.0;0.0;0.0;0.0;3.0;0.0;0.0;1.0;0.0;0.0;4.0;3.0;3.0;0.0;1.0;0.0;0.0;0.0;0.0;0.0;1.0;2.0;3.0;1.0;0.0;0.0;0.0;0.0;0.0;1.0;2.0;1.0;0.0;0.0;2.0;0.0;2.0;0.0;1.0;0.0;0.0;0.0;2.0;1.0;0.0;0.0;6.0;0.0;0.0;0.0;0.0;0.0;0.0;2.0;0.0;0.0;0.0;0.0;0.0;0.0;0.0;0.0;0.0;2.0;1.0;0.0;2.0;6.0;2.0;1.0;0.0;2.0;0.0;0.0;1.0;3.0;0.0;0.0;0.0;0.0;0.0
sotto;0.0;0.0;0.0;0.0;1.0;7.0;1.0;0.0;1.0;2.0;2.0;4.0;3.0;1.0;1.0;2.0;0.0;0.0;4.0;6.0;6.0;2.0;0.0;2.0;0.0;0.0;2.0;0.0;1.0;0.0;2.0;3.0;4.0;0.0;0.0;0.0;1.0;2.0;3.0;0.0;0.0;1.0;0.0;1.0;2.0;2.0;5.0;0.0;0.0;0.0;5.0;2.0;0.0;3.0;2.0;3.0;1.0;0.0;0.0;0.0;0.0;1.0;0.0;0.0;0.0;0.0;0.0;0.0;1.0;0.0;2.0;2.0;0.0;1.0;2.0;2.0;2.0;1.0;2.0;1.0;0.0;0.0;1.0;1.0;1.0;0.0;0.0;0.0;0.0
deborahbergamin;0.0;0.0;0.0;0.0;0.0;0.0;3.0;4.0;0.0;0.0;0.0;1.0;1.0;0.0;0.0;0.0;0.0;0.0;1.0;2.0;4.0;0.0;0.0;1.0;0.0;0.0;0.0;0.0;0.0;0.0;1.0;2.0;0.0;0.0;0.0;0.0;1.0;0.0;0.0;0.0;0.0;0.0;1.0;1.0;0.0;0.0;1.0;0.0;0.0;0.0;0.0;1.0;1.0;5.0;0.0;3.0;0.0;0.0;3.0;0.0;2.0;0.0;1.0;0.0;0.0;0.0;0.0;5.0;0.0;0.0;0.0;0.0;0.0;1.0;0.0;2.0;3.0;2.0;1.0;0.0;0.0;0.0;0.0;0.0;0.0;0.0;0.0;0.0;0.0
verit;0.0;0.0;0.0;0.0;1.0;9.0;6.0;1.0;0.0;0.0;2.0;1.0;2.0;3.0;1.0;2.0;0.0;0.0;0.0;8.0;7.0;6.0;1.0;5.0;0.0;0.0;0.0;2.0;4.0;3.0;6.0;4.0;1.0;0.0;1.0;1.0;2.0;1.0;3.0;0.0;0.0;0.0;0.0;4.0;5.0;1.0;1.0;1.0;0.0;1.0;4.0;2.0;10.0;3.0;1.0;2.0;0.0;0.0;0.0;1.0;3.0;0.0;0.0;0.0;1.0;0.0;0.0;0.0;1.0;1.0;1.0;5.0;4.0;0.0;8.0;4.0;2.0;6.0;3.0;2.0;0.0;0.0;0.0;4.0;0.0;0.0;0.0;0.0;0.0
piccol;0.0;0.0;0.0;0.0;0.0;3.0;0.0;2.0;0.0;0.0;1.0;0.0;1.0;3.0;0.0;0.0;0.0;0.0;1.0;3.0;0.0;4.0;0.0;3.0;0.0;0.0;1.0;1.0;5.0;2.0;5.0;1.0;2.0;0.0;2.0;0.0;3.0;3.0;2.0;1.0;0.0;0.0;0.0;0.0;1.0;1.0;1.0;2.0;0.0;0.0;3.0;1.0;4.0;1.0;2.0;2.0;0.0;0.0;0.0;1.0;2.0;2.0;1.0;1.0;0.0;0.0;1.0;6.0;0.0;0.0;1.0;0.0;0.0;1.0;3.0;2.0;2.0;2.0;1.0;2.0;0.0;0.0;0.0;0.0;0.0;0.0;0.0;0.0;0.0
huffpostital;0.0;0.0;0.0;0.0;1.0;1.0;1.0;1.0;0.0;0.0;0.0;0.0;0.0;0.0;7.0;0.0;0.0;0.0;6.0;2.0;3.0;2.0;0.0;10.0;2.0;0.0;4.0;3.0;1.0;2.0;4.0;0.0;0.0;0.0;0.0;0.0;0.0;2.0;0.0;0.0;0.0;0.0;1.0;0.0;0.0;1.0;0.0;0.0;0.0;0.0;1.0;0.0;1.0;3.0;3.0;8.0;0.0;0.0;0.0;0.0;0.0;0.0;0.0;0.0;1.0;0.0;0.0;0.0;1.0;0.0;0.0;0.0;0.0;0.0;0.0;0.0;0.0;16.0;3.0;1.0;0.0;0.0;1.0;0.0;1.0;0.0;0.0;0.0;0.0
merit;0.0;0.0;0.0;0.0;2.0;9.0;5.0;1.0;0.0;0.0;1.0;0.0;3.0;2.0;2.0;1.0;1.0;0.0;1.0;4.0;6.0;4.0;4.0;0.0;0.0;0.0;1.0;3.0;2.0;5.0;3.0;7.0;0.0;1.0;1.0;2.0;3.0;1.0;5.0;3.0;1.0;0.0;0.0;8.0;3.0;1.0;3.0;0.0;1.0;0.0;1.0;4.0;7.0;5.0;2.0;3.0;0.0;0.0;3.0;1.0;3.0;1.0;2.0;1.0;1.0;0.0;0.0;1.0;0.0;0.0;0.0;10.0;2.0;0.0;10.0;7.0;6.0;4.0;6.0;2.0;0.0;1.0;2.0;1.0;0.0;0.0;0.0;0.0;0.0
giro;0.0;0.0;0.0;0.0;1.0;2.0;3.0;1.0;0.0;0.0;0.0;5.0;3.0;2.0;2.0;0.0;0.0;0.0;1.0;4.0;0.0;1.0;2.0;1.0;0.0;0.0;2.0;2.0;1.0;2.0;2.0;3.0;1.0;0.0;1.0;3.0;1.0;2.0;3.0;2.0;0.0;0.0;0.0;2.0;5.0;8.0;8.0;2.0;1.0;0.0;2.0;3.0;2.0;5.0;11.0;0.0;1.0;0.0;0.0;0.0;3.0;1.0;2.0;2.0;0.0;0.0;1.0;2.0;0.0;2.0;0.0;7.0;2.0;0.0;2.0;3.0;5.0;3.0;1.0;1.0;0.0;0.0;0.0;0.0;2.0;0.0;0.0;0.0;0.0
consens;0.0;0.0;0.0;0.0;0.0;1.0;0.0;0.0;0.0;0.0;0.0;1.0;2.0;1.0;1.0;0.0;0.0;0.0;0.0;2.0;1.0;5.0;0.0;0.0;0.0;0.0;0.0;0.0;0.0;0.0;2.0;0.0;0.0;0.0;1.0;1.0;0.0;1.0;2.0;1.0;0.0;0.0;1.0;0.0;4.0;0.0;2.0;0.0;0.0;0.0;3.0;0.0;2.0;0.0;4.0;1.0;0.0;0.0;0.0;0.0;0.0;0.0;0.0;0.0;0.0;0.0;0.0;0.0;0.0;0.0;0.0;0.0;1.0;1.0;0.0;2.0;2.0;3.0;3.0;1.0;0.0;0.0;2.0;2.0;1.0;0.0;0.0;0.0;0.0
sicur;0.0;0.0;0.0;0.0;0.0;3.0;2.0;1.0;0.0;0.0;1.0;2.0;1.0;2.0;1.0;2.0;0.0;0.0;1.0;1.0;1.0;2.0;2.0;1.0;1.0;0.0;3.0;1.0;2.0;2.0;5.0;1.0;0.0;0.0;0.0;4.0;1.0;3.0;1.0;1.0;0.0;0.0;0.0;0.0;5.0;4.0;3.0;2.0;0.0;0.0;0.0;0.0;1.0;2.0;5.0;1.0;0.0;0.0;1.0;2.0;1.0;0.0;3.0;6.0;1.0;0.0;0.0;3.0;2.0;0.0;1.0;2.0;3.0;0.0;6.0;4.0;3.0;2.0;2.0;0.0;0.0;0.0;2.0;3.0;1.0;0.0;0.0;0.0;0.0
cazzar;0.0;0.0;0.0;0.0;1.0;1.0;0.0;1.0;0.0;0.0;0.0;0.0;1.0;1.0;1.0;1.0;1.0;0.0;1.0;2.0;1.0;0.0;2.0;0.0;0.0;0.0;0.0;1.0;1.0;0.0;2.0;3.0;0.0;0.0;1.0;1.0;0.0;1.0;2.0;1.0;0.0;0.0;1.0;1.0;4.0;2.0;1.0;0.0;0.0;0.0;0.0;0.0;2.0;3.0;2.0;0.0;0.0;1.0;0.0;0.0;2.0;2.0;0.0;0.0;0.0;0.0;0.0;0.0;0.0;0.0;0.0;1.0;1.0;2.0;1.0;0.0;4.0;0.0;0.0;0.0;0.0;0.0;2.0;0.0;0.0;0.0;0.0;0.0;0.0
ex;0.0;0.0;0.0;0.0;0.0;0.0;2.0;1.0;0.0;0.0;0.0;1.0;0.0;0.0;1.0;0.0;0.0;0.0;0.0;0.0;2.0;1.0;4.0;2.0;0.0;0.0;1.0;2.0;2.0;2.0;3.0;0.0;0.0;0.0;1.0;1.0;4.0;1.0;2.0;1.0;0.0;0.0;0.0;1.0;0.0;1.0;1.0;1.0;0.0;0.0;1.0;0.0;0.0;1.0;2.0;2.0;1.0;0.0;0.0;0.0;0.0;1.0;0.0;0.0;1.0;0.0;0.0;1.0;0.0;0.0;0.0;2.0;0.0;0.0;2.0;2.0;1.0;3.0;3.0;1.0;0.0;0.0;1.0;0.0;2.0;0.0;0.0;0.0;0.0
lasc;0.0;0.0;0.0;0.0;1.0;0.0;2.0;0.0;0.0;0.0;1.0;0.0;0.0;3.0;0.0;3.0;2.0;0.0;1.0;3.0;0.0;2.0;0.0;0.0;1.0;0.0;0.0;3.0;1.0;1.0;1.0;1.0;0.0;0.0;2.0;2.0;10.0;2.0;0.0;1.0;0.0;2.0;0.0;0.0;3.0;0.0;1.0;0.0;0.0;0.0;0.0;1.0;2.0;1.0;4.0;0.0;1.0;1.0;1.0;0.0;1.0;0.0;1.0;0.0;0.0;0.0;0.0;2.0;0.0;0.0;0.0;5.0;2.0;1.0;2.0;1.0;4.0;4.0;1.0;2.0;0.0;0.0;0.0;1.0;0.0;0.0;0.0;0.0;0.0
mezzo;0.0;0.0;0.0;0.0;0.0;1.0;1.0;1.0;0.0;0.0;1.0;1.0;3.0;1.0;0.0;0.0;0.0;0.0;0.0;2.0;2.0;1.0;4.0;2.0;0.0;0.0;1.0;1.0;1.0;0.0;3.0;0.0;0.0;0.0;0.0;1.0;0.0;1.0;1.0;1.0;0.0;0.0;0.0;3.0;3.0;1.0;3.0;0.0;0.0;0.0;0.0;2.0;2.0;2.0;2.0;1.0;0.0;0.0;0.0;0.0;0.0;1.0;1.0;0.0;0.0;0.0;0.0;1.0;0.0;0.0;0.0;2.0;2.0;0.0;1.0;3.0;3.0;0.0;1.0;0.0;1.0;0.0;0.0;0.0;5.0;0.0;0.0;0.0;0.0
fa;0.0;0.0;0.0;0.0;1.0;18.0;9.0;8.0;1.0;1.0;8.0;15.0;22.0;7.0;11.0;5.0;1.0;3.0;7.0;17.0;15.0;25.0;22.0;13.0;4.0;0.0;4.0;12.0;13.0;16.0;20.0;10.0;4.0;0.0;10.0;14.0;17.0;9.0;25.0;7.0;0.0;0.0;8.0;15.0;24.0;15.0;18.0;6.0;0.0;1.0;13.0;19.0;18.0;11.0;17.0;15.0;1.0;1.0;4.0;6.0;12.0;6.0;2.0;3.0;2.0;0.0;1.0;3.0;6.0;10.0;15.0;20.0;20.0;3.0;15.0;22.0;27.0;18.0;26.0;8.0;3.0;0.0;8.0;9.0;14.0;0.0;0.0;0.0;0.0
danno;0.0;0.0;0.0;0.0;2.0;2.0;2.0;2.0;0.0;0.0;1.0;0.0;2.0;1.0;1.0;0.0;0.0;1.0;0.0;4.0;2.0;1.0;1.0;1.0;0.0;0.0;1.0;0.0;2.0;2.0;2.0;0.0;0.0;0.0;0.0;1.0;1.0;0.0;0.0;0.0;0.0;1.0;0.0;4.0;2.0;1.0;2.0;2.0;1.0;0.0;3.0;0.0;0.0;1.0;2.0;0.0;0.0;0.0;0.0;0.0;1.0;1.0;0.0;2.0;0.0;0.0;0.0;1.0;0.0;0.0;1.0;5.0;3.0;0.0;1.0;1.0;2.0;1.0;2.0;1.0;0.0;0.0;0.0;0.0;1.0;0.0;0.0;0.0;0.0
vs;0.0;0.0;0.0;0.0;0.0;0.0;4.0;0.0;0.0;0.0;1.0;2.0;4.0;0.0;1.0;0.0;0.0;1.0;2.0;2.0;1.0;0.0;2.0;1.0;0.0;0.0;0.0;0.0;1.0;4.0;4.0;0.0;0.0;0.0;0.0;2.0;1.0;0.0;2.0;1.0;0.0;0.0;1.0;0.0;3.0;4.0;6.0;2.0;0.0;0.0;3.0;2.0;0.0;1.0;1.0;0.0;0.0;0.0;0.0;0.0;0.0;2.0;1.0;1.0;0.0;0.0;0.0;0.0;0.0;0.0;0.0;3.0;0.0;0.0;2.0;1.0;2.0;2.0;4.0;3.0;0.0;0.0;2.0;0.0;0.0;0.0;0.0;0.0;0.0
referendum;0.0;0.0;0.0;0.0;2.0;20.0;17.0;5.0;1.0;0.0;4.0;13.0;26.0;20.0;14.0;1.0;0.0;0.0;9.0;37.0;24.0;32.0;24.0;8.0;1.0;1.0;6.0;13.0;36.0;20.0;27.0;17.0;6.0;1.0;15.0;19.0;33.0;31.0;23.0;9.0;1.0;0.0;10.0;22.0;18.0;19.0;8.0;10.0;1.0;0.0;18.0;23.0;25.0;21.0;41.0;23.0;1.0;2.0;8.0;12.0;11.0;10.0;9.0;15.0;1.0;1.0;3.0;19.0;22.0;9.0;16.0;58.0;34.0;1.0;25.0;23.0;40.0;24.0;22.0;13.0;2.0;2.0;10.0;10.0;10.0;0.0;0.0;0.0;0.0
paga;0.0;0.0;0.0;0.0;0.0;0.0;0.0;0.0;0.0;2.0;0.0;0.0;2.0;0.0;0.0;1.0;0.0;0.0;0.0;0.0;0.0;1.0;0.0;0.0;0.0;0.0;0.0;1.0;0.0;0.0;1.0;1.0;0.0;0.0;0.0;1.0;1.0;2.0;1.0;0.0;0.0;0.0;0.0;1.0;3.0;4.0;5.0;1.0;0.0;0.0;0.0;0.0;2.0;1.0;1.0;1.0;0.0;0.0;0.0;3.0;0.0;1.0;1.0;0.0;0.0;0.0;1.0;2.0;0.0;0.0;0.0;5.0;0.0;0.0;3.0;1.0;1.0;2.0;0.0;0.0;0.0;0.0;1.0;1.0;3.0;0.0;0.0;0.0;0.0
istituzion;0.0;0.0;0.0;0.0;0.0;4.0;0.0;3.0;0.0;0.0;0.0;1.0;0.0;2.0;0.0;0.0;0.0;0.0;1.0;0.0;0.0;4.0;0.0;0.0;0.0;0.0;0.0;1.0;2.0;0.0;2.0;1.0;1.0;0.0;0.0;1.0;2.0;2.0;0.0;1.0;0.0;0.0;0.0;2.0;2.0;3.0;2.0;0.0;0.0;0.0;3.0;1.0;0.0;1.0;0.0;5.0;0.0;0.0;0.0;0.0;0.0;0.0;0.0;0.0;0.0;0.0;0.0;2.0;0.0;2.0;4.0;0.0;1.0;0.0;0.0;0.0;1.0;0.0;0.0;0.0;0.0;0.0;0.0;1.0;1.0;0.0;0.0;0.0;0.0
arriv;0.0;0.0;0.0;0.0;2.0;6.0;2.0;3.0;0.0;0.0;0.0;1.0;1.0;1.0;0.0;1.0;1.0;0.0;0.0;0.0;3.0;6.0;4.0;3.0;0.0;0.0;2.0;1.0;3.0;1.0;1.0;2.0;0.0;0.0;1.0;2.0;4.0;3.0;4.0;1.0;0.0;0.0;0.0;1.0;0.0;3.0;5.0;0.0;0.0;0.0;0.0;0.0;2.0;2.0;3.0;2.0;0.0;0.0;0.0;0.0;0.0;1.0;4.0;2.0;0.0;0.0;1.0;0.0;1.0;1.0;2.0;7.0;2.0;0.0;5.0;0.0;1.0;0.0;1.0;3.0;0.0;0.0;0.0;2.0;0.0;0.0;0.0;0.0;0.0
ormai;0.0;0.0;0.0;0.0;1.0;2.0;0.0;0.0;1.0;0.0;1.0;3.0;2.0;1.0;1.0;1.0;0.0;0.0;0.0;6.0;1.0;2.0;3.0;1.0;0.0;0.0;5.0;2.0;1.0;4.0;5.0;0.0;0.0;0.0;1.0;2.0;4.0;4.0;4.0;1.0;1.0;1.0;1.0;7.0;7.0;3.0;0.0;0.0;0.0;0.0;1.0;2.0;1.0;0.0;2.0;0.0;0.0;0.0;1.0;0.0;2.0;2.0;3.0;0.0;0.0;0.0;0.0;2.0;0.0;0.0;2.0;3.0;1.0;1.0;2.0;6.0;3.0;3.0;0.0;0.0;1.0;0.0;1.0;2.0;3.0;0.0;0.0;0.0;0.0
figl;0.0;0.0;0.0;0.0;0.0;3.0;2.0;2.0;0.0;0.0;0.0;0.0;0.0;0.0;2.0;0.0;0.0;0.0;0.0;0.0;3.0;0.0;0.0;1.0;0.0;0.0;0.0;1.0;0.0;0.0;1.0;0.0;0.0;0.0;0.0;0.0;1.0;8.0;3.0;0.0;0.0;1.0;0.0;3.0;1.0;2.0;0.0;0.0;0.0;0.0;1.0;1.0;0.0;1.0;0.0;2.0;0.0;0.0;0.0;1.0;0.0;0.0;1.0;0.0;0.0;0.0;1.0;2.0;1.0;2.0;1.0;2.0;1.0;0.0;1.0;0.0;1.0;1.0;2.0;1.0;0.0;0.0;0.0;0.0;1.0;0.0;0.0;0.0;0.0
lhann;0.0;0.0;0.0;0.0;0.0;0.0;0.0;1.0;0.0;0.0;0.0;0.0;0.0;0.0;0.0;0.0;0.0;0.0;0.0;2.0;2.0;0.0;1.0;0.0;0.0;0.0;0.0;0.0;4.0;3.0;4.0;3.0;0.0;0.0;1.0;1.0;2.0;0.0;2.0;2.0;0.0;0.0;0.0;0.0;2.0;1.0;0.0;0.0;0.0;0.0;1.0;1.0;0.0;3.0;1.0;2.0;0.0;0.0;0.0;1.0;0.0;0.0;0.0;0.0;0.0;0.0;0.0;0.0;1.0;0.0;0.0;3.0;3.0;0.0;3.0;4.0;3.0;1.0;1.0;1.0;0.0;0.0;0.0;1.0;1.0;0.0;0.0;0.0;0.0
luigi;0.0;0.0;0.0;0.0;0.0;2.0;0.0;0.0;0.0;0.0;0.0;0.0;1.0;0.0;0.0;0.0;0.0;0.0;0.0;0.0;2.0;0.0;0.0;0.0;0.0;0.0;1.0;2.0;0.0;2.0;3.0;2.0;0.0;0.0;0.0;0.0;1.0;2.0;1.0;0.0;0.0;0.0;0.0;0.0;1.0;2.0;2.0;1.0;0.0;0.0;2.0;1.0;1.0;1.0;4.0;1.0;0.0;0.0;0.0;1.0;0.0;1.0;0.0;3.0;0.0;0.0;0.0;0.0;0.0;0.0;1.0;3.0;2.0;0.0;2.0;0.0;1.0;1.0;0.0;3.0;0.0;0.0;0.0;0.0;0.0;0.0;0.0;0.0;0.0
video;0.0;0.0;0.0;0.0;1.0;5.0;0.0;2.0;0.0;0.0;0.0;1.0;2.0;0.0;5.0;2.0;0.0;0.0;0.0;7.0;2.0;2.0;0.0;0.0;0.0;0.0;0.0;0.0;12.0;5.0;3.0;1.0;1.0;0.0;2.0;1.0;6.0;0.0;2.0;1.0;0.0;0.0;2.0;3.0;4.0;3.0;9.0;2.0;1.0;0.0;2.0;4.0;3.0;3.0;4.0;0.0;0.0;0.0;1.0;2.0;5.0;2.0;2.0;4.0;0.0;0.0;1.0;0.0;3.0;2.0;3.0;2.0;1.0;0.0;0.0;0.0;2.0;0.0;1.0;0.0;0.0;0.0;1.0;1.0;2.0;0.0;0.0;0.0;0.0
vota;0.0;0.0;0.0;0.0;0.0;4.0;8.0;4.0;0.0;0.0;1.0;6.0;9.0;13.0;5.0;1.0;0.0;0.0;5.0;4.0;8.0;13.0;4.0;1.0;0.0;0.0;3.0;5.0;50.0;29.0;15.0;8.0;1.0;1.0;2.0;6.0;17.0;22.0;10.0;7.0;3.0;3.0;7.0;14.0;19.0;21.0;12.0;8.0;0.0;1.0;4.0;3.0;13.0;14.0;11.0;12.0;0.0;2.0;3.0;16.0;7.0;6.0;4.0;10.0;0.0;1.0;7.0;8.0;8.0;7.0;4.0;3.0;3.0;1.0;2.0;2.0;4.0;2.0;3.0;2.0;0.0;0.0;0.0;5.0;3.0;0.0;0.0;0.0;0.0
perc;0.0;0.0;0.0;0.0;0.0;0.0;5.0;2.0;0.0;0.0;1.0;1.0;5.0;10.0;4.0;2.0;0.0;0.0;1.0;2.0;3.0;8.0;5.0;3.0;0.0;0.0;4.0;4.0;2.0;9.0;10.0;5.0;0.0;0.0;2.0;1.0;10.0;10.0;6.0;3.0;0.0;0.0;6.0;7.0;6.0;5.0;11.0;2.0;0.0;0.0;6.0;6.0;5.0;4.0;7.0;4.0;0.0;0.0;4.0;2.0;0.0;2.0;0.0;0.0;1.0;0.0;0.0;5.0;6.0;2.0;2.0;7.0;8.0;0.0;8.0;5.0;10.0;5.0;4.0;3.0;1.0;1.0;2.0;6.0;6.0;0.0;0.0;0.0;0.0
esist;0.0;0.0;0.0;0.0;0.0;3.0;0.0;0.0;0.0;0.0;1.0;1.0;0.0;3.0;0.0;1.0;1.0;0.0;0.0;1.0;1.0;0.0;1.0;3.0;0.0;0.0;1.0;2.0;1.0;3.0;4.0;0.0;0.0;0.0;0.0;0.0;1.0;9.0;5.0;1.0;0.0;0.0;2.0;2.0;12.0;2.0;0.0;1.0;0.0;0.0;1.0;3.0;2.0;1.0;2.0;0.0;0.0;0.0;0.0;1.0;0.0;1.0;2.0;0.0;0.0;0.0;0.0;1.0;0.0;1.0;0.0;5.0;3.0;0.0;3.0;2.0;2.0;1.0;0.0;1.0;0.0;0.0;0.0;1.0;1.0;0.0;0.0;0.0;0.0
quagliariellog;0.0;0.0;0.0;0.0;2.0;0.0;1.0;2.0;0.0;0.0;1.0;1.0;0.0;4.0;0.0;1.0;1.0;0.0;1.0;2.0;3.0;0.0;1.0;0.0;0.0;0.0;1.0;1.0;12.0;2.0;2.0;3.0;1.0;0.0;1.0;1.0;1.0;0.0;2.0;0.0;0.0;1.0;1.0;9.0;6.0;0.0;3.0;3.0;0.0;1.0;1.0;3.0;4.0;4.0;4.0;2.0;1.0;1.0;0.0;4.0;2.0;0.0;3.0;0.0;0.0;0.0;0.0;0.0;3.0;0.0;0.0;19.0;4.0;0.0;2.0;1.0;2.0;1.0;0.0;0.0;0.0;0.0;0.0;0.0;0.0;0.0;0.0;0.0;0.0
propagand;0.0;0.0;0.0;0.0;2.0;0.0;0.0;1.0;0.0;0.0;1.0;1.0;4.0;1.0;0.0;0.0;0.0;0.0;0.0;1.0;6.0;3.0;8.0;2.0;0.0;0.0;1.0;0.0;2.0;4.0;5.0;2.0;0.0;0.0;2.0;1.0;1.0;1.0;3.0;2.0;0.0;0.0;0.0;1.0;8.0;1.0;1.0;0.0;0.0;0.0;2.0;1.0;0.0;2.0;3.0;1.0;0.0;0.0;1.0;0.0;2.0;2.0;1.0;1.0;0.0;1.0;1.0;3.0;2.0;3.0;0.0;1.0;2.0;1.0;0.0;1.0;2.0;0.0;0.0;1.0;0.0;0.0;0.0;0.0;1.0;0.0;0.0;0.0;0.0
ore;0.0;0.0;0.0;0.0;0.0;4.0;2.0;1.0;0.0;0.0;1.0;3.0;6.0;4.0;2.0;4.0;0.0;1.0;3.0;11.0;9.0;6.0;6.0;1.0;1.0;1.0;4.0;8.0;9.0;6.0;3.0;2.0;0.0;0.0;0.0;3.0;3.0;6.0;3.0;4.0;0.0;0.0;8.0;7.0;5.0;14.0;8.0;2.0;1.0;0.0;4.0;8.0;10.0;4.0;7.0;4.0;0.0;0.0;3.0;3.0;2.0;2.0;3.0;5.0;0.0;1.0;3.0;3.0;4.0;7.0;14.0;3.0;1.0;0.0;3.0;7.0;6.0;3.0;2.0;2.0;1.0;0.0;2.0;2.0;3.0;0.0;0.0;0.0;0.0
realt;0.0;0.0;0.0;0.0;1.0;0.0;1.0;1.0;0.0;0.0;1.0;3.0;2.0;1.0;1.0;0.0;0.0;0.0;0.0;1.0;2.0;5.0;0.0;0.0;0.0;0.0;1.0;0.0;2.0;2.0;0.0;1.0;0.0;0.0;0.0;0.0;2.0;1.0;1.0;0.0;0.0;0.0;2.0;5.0;4.0;1.0;2.0;0.0;0.0;0.0;2.0;2.0;1.0;2.0;2.0;1.0;0.0;0.0;0.0;1.0;1.0;2.0;1.0;0.0;0.0;0.0;0.0;1.0;0.0;1.0;1.0;3.0;0.0;0.0;0.0;3.0;1.0;2.0;0.0;0.0;0.0;0.0;3.0;1.0;1.0;0.0;0.0;0.0;0.0
europ;0.0;0.0;0.0;0.0;0.0;2.0;2.0;0.0;0.0;0.0;0.0;1.0;1.0;1.0;0.0;0.0;1.0;0.0;2.0;1.0;1.0;1.0;0.0;0.0;0.0;0.0;1.0;1.0;0.0;3.0;0.0;0.0;0.0;0.0;0.0;0.0;3.0;0.0;2.0;1.0;0.0;0.0;0.0;1.0;3.0;1.0;1.0;1.0;0.0;0.0;1.0;3.0;5.0;1.0;6.0;1.0;0.0;0.0;1.0;0.0;0.0;0.0;0.0;1.0;0.0;0.0;0.0;0.0;0.0;7.0;1.0;3.0;1.0;0.0;2.0;2.0;0.0;0.0;2.0;0.0;0.0;0.0;0.0;1.0;1.0;0.0;0.0;0.0;0.0
falso;0.0;0.0;0.0;0.0;1.0;2.0;0.0;0.0;0.0;0.0;1.0;0.0;1.0;0.0;0.0;0.0;0.0;0.0;0.0;4.0;6.0;6.0;2.0;2.0;0.0;0.0;0.0;1.0;3.0;1.0;4.0;0.0;0.0;1.0;3.0;3.0;2.0;1.0;4.0;1.0;0.0;0.0;0.0;2.0;8.0;0.0;5.0;1.0;0.0;0.0;0.0;1.0;10.0;0.0;2.0;2.0;1.0;0.0;1.0;2.0;0.0;2.0;0.0;0.0;0.0;0.0;0.0;3.0;2.0;0.0;1.0;3.0;0.0;0.0;2.0;0.0;1.0;0.0;1.0;0.0;0.0;0.0;0.0;1.0;0.0;0.0;0.0;0.0;0.0
ovviament;0.0;0.0;0.0;0.0;1.0;0.0;0.0;0.0;0.0;0.0;0.0;1.0;1.0;1.0;1.0;2.0;0.0;0.0;0.0;2.0;2.0;1.0;0.0;1.0;1.0;0.0;0.0;0.0;2.0;0.0;0.0;2.0;1.0;0.0;0.0;0.0;1.0;2.0;0.0;1.0;1.0;0.0;0.0;0.0;2.0;2.0;1.0;1.0;0.0;0.0;1.0;0.0;1.0;2.0;2.0;0.0;0.0;0.0;0.0;0.0;0.0;0.0;0.0;0.0;0.0;0.0;0.0;6.0;1.0;0.0;0.0;0.0;2.0;0.0;0.0;3.0;1.0;1.0;0.0;1.0;0.0;0.0;0.0;1.0;1.0;0.0;0.0;0.0;0.0
topten;0.0;0.0;0.0;0.0;0.0;1.0;0.0;0.0;0.0;0.0;0.0;2.0;4.0;1.0;0.0;1.0;0.0;1.0;1.0;6.0;4.0;0.0;2.0;1.0;0.0;0.0;0.0;3.0;0.0;4.0;1.0;0.0;0.0;0.0;0.0;1.0;2.0;1.0;1.0;1.0;0.0;0.0;2.0;0.0;1.0;4.0;5.0;1.0;0.0;0.0;2.0;0.0;2.0;0.0;2.0;3.0;0.0;0.0;2.0;0.0;0.0;0.0;0.0;0.0;0.0;0.0;2.0;1.0;1.0;1.0;1.0;0.0;0.0;0.0;0.0;2.0;2.0;2.0;0.0;0.0;0.0;0.0;0.0;0.0;1.0;0.0;0.0;0.0;0.0
tweet;0.0;0.0;0.0;0.0;0.0;4.0;2.0;2.0;1.0;0.0;2.0;1.0;6.0;1.0;1.0;1.0;1.0;0.0;0.0;5.0;2.0;3.0;0.0;1.0;0.0;1.0;0.0;0.0;3.0;3.0;5.0;2.0;0.0;0.0;2.0;4.0;4.0;0.0;6.0;3.0;1.0;0.0;2.0;2.0;1.0;2.0;5.0;1.0;0.0;0.0;0.0;1.0;0.0;0.0;0.0;0.0;0.0;0.0;0.0;0.0;2.0;0.0;2.0;0.0;0.0;0.0;1.0;0.0;2.0;2.0;0.0;2.0;4.0;0.0;2.0;2.0;2.0;0.0;3.0;2.0;0.0;0.0;0.0;3.0;1.0;0.0;0.0;0.0;0.0
gt;0.0;0.0;0.0;0.0;0.0;0.0;0.0;1.0;0.0;0.0;1.0;1.0;1.0;0.0;3.0;0.0;0.0;0.0;0.0;2.0;0.0;1.0;0.0;0.0;0.0;0.0;1.0;4.0;3.0;1.0;1.0;1.0;0.0;0.0;0.0;2.0;3.0;1.0;0.0;1.0;0.0;0.0;1.0;5.0;1.0;3.0;0.0;0.0;1.0;0.0;1.0;4.0;1.0;0.0;0.0;2.0;0.0;0.0;0.0;0.0;1.0;0.0;1.0;2.0;0.0;0.0;0.0;0.0;2.0;1.0;1.0;0.0;0.0;0.0;3.0;1.0;0.0;2.0;0.0;1.0;0.0;0.0;1.0;2.0;0.0;0.0;0.0;0.0;0.0
capo;0.0;0.0;0.0;0.0;0.0;2.0;4.0;1.0;0.0;0.0;2.0;2.0;2.0;7.0;5.0;0.0;0.0;0.0;3.0;1.0;3.0;3.0;4.0;2.0;1.0;0.0;1.0;1.0;0.0;1.0;1.0;2.0;0.0;0.0;0.0;1.0;1.0;5.0;1.0;3.0;0.0;0.0;1.0;1.0;2.0;4.0;2.0;0.0;0.0;0.0;1.0;5.0;4.0;0.0;2.0;4.0;1.0;2.0;3.0;0.0;2.0;2.0;2.0;1.0;0.0;0.0;0.0;0.0;0.0;0.0;1.0;6.0;0.0;1.0;3.0;0.0;5.0;3.0;6.0;1.0;0.0;0.0;2.0;4.0;3.0;0.0;0.0;0.0;0.0
numer;0.0;0.0;0.0;0.0;0.0;3.0;1.0;0.0;0.0;0.0;0.0;1.0;2.0;0.0;0.0;2.0;0.0;0.0;1.0;1.0;3.0;7.0;0.0;0.0;1.0;0.0;1.0;0.0;3.0;0.0;2.0;1.0;1.0;0.0;2.0;4.0;1.0;1.0;0.0;1.0;0.0;0.0;1.0;6.0;0.0;1.0;2.0;0.0;0.0;0.0;0.0;2.0;3.0;1.0;2.0;1.0;0.0;0.0;0.0;1.0;0.0;1.0;0.0;1.0;0.0;0.0;0.0;0.0;0.0;1.0;1.0;3.0;2.0;1.0;0.0;1.0;0.0;0.0;1.0;3.0;0.0;0.0;1.0;1.0;2.0;0.0;0.0;0.0;0.0
gasparr;0.0;0.0;0.0;0.0;2.0;4.0;0.0;1.0;0.0;0.0;0.0;0.0;0.0;0.0;1.0;0.0;0.0;0.0;0.0;0.0;3.0;0.0;2.0;2.0;0.0;0.0;1.0;1.0;2.0;1.0;5.0;1.0;4.0;0.0;0.0;1.0;2.0;2.0;3.0;3.0;1.0;0.0;1.0;2.0;0.0;0.0;1.0;3.0;0.0;0.0;0.0;4.0;3.0;1.0;4.0;2.0;0.0;0.0;0.0;0.0;0.0;0.0;0.0;0.0;1.0;0.0;0.0;0.0;2.0;0.0;0.0;4.0;3.0;0.0;2.0;5.0;0.0;2.0;1.0;3.0;0.0;0.0;2.0;0.0;0.0;0.0;0.0;0.0;0.0
mentr;0.0;0.0;0.0;0.0;1.0;3.0;3.0;1.0;0.0;0.0;1.0;0.0;0.0;0.0;0.0;1.0;0.0;0.0;1.0;5.0;4.0;4.0;0.0;0.0;0.0;0.0;0.0;1.0;2.0;3.0;1.0;1.0;0.0;0.0;1.0;1.0;4.0;1.0;3.0;0.0;0.0;0.0;0.0;3.0;1.0;2.0;2.0;1.0;1.0;0.0;1.0;4.0;4.0;2.0;4.0;0.0;0.0;0.0;0.0;0.0;2.0;2.0;1.0;0.0;0.0;0.0;0.0;0.0;0.0;1.0;2.0;3.0;2.0;0.0;2.0;4.0;2.0;3.0;0.0;1.0;0.0;0.0;2.0;3.0;3.0;0.0;0.0;0.0;0.0
votan;0.0;0.0;0.0;0.0;2.0;1.0;4.0;0.0;0.0;0.0;1.0;1.0;5.0;1.0;1.0;0.0;0.0;0.0;0.0;2.0;1.0;4.0;0.0;2.0;0.0;0.0;2.0;0.0;3.0;4.0;3.0;4.0;0.0;0.0;4.0;1.0;3.0;7.0;0.0;2.0;0.0;0.0;0.0;2.0;2.0;1.0;5.0;1.0;0.0;0.0;1.0;3.0;2.0;5.0;5.0;5.0;0.0;0.0;1.0;1.0;0.0;0.0;1.0;0.0;0.0;0.0;1.0;9.0;5.0;2.0;2.0;3.0;0.0;0.0;1.0;0.0;1.0;1.0;1.0;0.0;0.0;0.0;0.0;1.0;0.0;0.0;0.0;0.0;0.0
bologn;0.0;0.0;0.0;0.0;0.0;1.0;3.0;1.0;0.0;0.0;1.0;0.0;4.0;4.0;1.0;1.0;0.0;1.0;0.0;1.0;1.0;0.0;0.0;0.0;0.0;0.0;0.0;0.0;1.0;3.0;1.0;0.0;0.0;0.0;0.0;0.0;0.0;5.0;2.0;3.0;0.0;1.0;0.0;0.0;1.0;0.0;0.0;1.0;2.0;0.0;2.0;10.0;1.0;0.0;0.0;5.0;0.0;0.0;1.0;0.0;0.0;1.0;0.0;0.0;0.0;0.0;0.0;0.0;0.0;1.0;0.0;0.0;2.0;0.0;1.0;2.0;1.0;4.0;0.0;0.0;0.0;0.0;0.0;0.0;0.0;0.0;0.0;0.0;0.0
ragion;0.0;0.0;0.0;0.0;3.0;10.0;5.0;1.0;0.0;0.0;2.0;6.0;8.0;10.0;6.0;3.0;0.0;0.0;3.0;58.0;10.0;19.0;9.0;4.0;0.0;1.0;2.0;6.0;15.0;6.0;15.0;4.0;3.0;2.0;6.0;7.0;9.0;8.0;13.0;6.0;0.0;0.0;2.0;13.0;9.0;5.0;9.0;3.0;1.0;0.0;5.0;6.0;12.0;12.0;4.0;3.0;1.0;1.0;3.0;1.0;0.0;2.0;4.0;5.0;0.0;0.0;2.0;7.0;2.0;4.0;2.0;8.0;6.0;2.0;7.0;6.0;2.0;9.0;3.0;2.0;1.0;0.0;3.0;4.0;1.0;0.0;0.0;0.0;0.0
votar;0.0;0.0;0.0;0.0;3.0;7.0;4.0;1.0;1.0;0.0;5.0;13.0;11.0;11.0;7.0;4.0;1.0;0.0;6.0;6.0;11.0;22.0;9.0;4.0;1.0;0.0;9.0;4.0;7.0;16.0;30.0;11.0;2.0;0.0;5.0;12.0;17.0;20.0;16.0;12.0;2.0;0.0;8.0;25.0;29.0;23.0;12.0;7.0;0.0;0.0;5.0;16.0;20.0;16.0;16.0;19.0;1.0;1.0;8.0;7.0;18.0;13.0;16.0;23.0;2.0;1.0;8.0;46.0;37.0;29.0;26.0;27.0;7.0;4.0;16.0;12.0;6.0;13.0;17.0;5.0;0.0;0.0;2.0;7.0;7.0;0.0;0.0;0.0;0.0
brutt;0.0;0.0;0.0;0.0;0.0;1.0;3.0;1.0;0.0;0.0;0.0;4.0;0.0;1.0;5.0;1.0;0.0;0.0;1.0;1.0;0.0;0.0;13.0;1.0;1.0;0.0;0.0;0.0;1.0;4.0;2.0;1.0;0.0;0.0;1.0;0.0;0.0;1.0;0.0;1.0;1.0;0.0;0.0;1.0;3.0;2.0;2.0;1.0;0.0;0.0;1.0;1.0;2.0;3.0;3.0;2.0;0.0;0.0;0.0;0.0;0.0;0.0;3.0;1.0;0.0;0.0;0.0;1.0;1.0;1.0;1.0;5.0;2.0;0.0;1.0;0.0;2.0;2.0;1.0;0.0;0.0;1.0;2.0;2.0;0.0;0.0;0.0;0.0;0.0
serio;0.0;0.0;0.0;0.0;1.0;0.0;0.0;1.0;0.0;0.0;0.0;0.0;0.0;0.0;0.0;0.0;0.0;0.0;1.0;1.0;0.0;0.0;2.0;0.0;0.0;0.0;1.0;1.0;2.0;4.0;2.0;2.0;0.0;0.0;0.0;1.0;2.0;1.0;0.0;1.0;0.0;0.0;0.0;2.0;2.0;2.0;1.0;2.0;0.0;0.0;0.0;7.0;3.0;0.0;1.0;1.0;0.0;0.0;0.0;1.0;0.0;0.0;1.0;0.0;0.0;0.0;1.0;2.0;0.0;0.0;0.0;2.0;7.0;0.0;0.0;5.0;2.0;1.0;4.0;2.0;0.0;0.0;0.0;1.0;0.0;0.0;0.0;0.0;0.0
tipo;0.0;0.0;0.0;0.0;0.0;0.0;1.0;0.0;0.0;0.0;0.0;3.0;2.0;0.0;1.0;0.0;0.0;0.0;1.0;0.0;1.0;1.0;0.0;0.0;0.0;0.0;0.0;2.0;2.0;2.0;4.0;0.0;0.0;0.0;0.0;3.0;2.0;3.0;2.0;2.0;0.0;0.0;0.0;0.0;1.0;2.0;2.0;3.0;0.0;0.0;0.0;5.0;0.0;1.0;4.0;1.0;0.0;0.0;1.0;1.0;0.0;0.0;0.0;1.0;0.0;0.0;0.0;0.0;0.0;0.0;0.0;2.0;0.0;0.0;2.0;3.0;5.0;2.0;1.0;0.0;0.0;0.0;0.0;0.0;6.0;0.0;0.0;0.0;0.0
prender;0.0;0.0;0.0;0.0;1.0;2.0;2.0;0.0;0.0;0.0;0.0;1.0;0.0;0.0;1.0;0.0;0.0;0.0;0.0;1.0;3.0;1.0;3.0;7.0;0.0;0.0;0.0;0.0;0.0;1.0;1.0;3.0;1.0;0.0;0.0;1.0;2.0;1.0;4.0;0.0;0.0;0.0;0.0;2.0;3.0;4.0;6.0;3.0;0.0;1.0;3.0;5.0;2.0;5.0;7.0;1.0;0.0;1.0;0.0;0.0;6.0;0.0;0.0;3.0;0.0;0.0;0.0;0.0;0.0;0.0;0.0;10.0;0.0;0.0;3.0;3.0;5.0;5.0;4.0;0.0;0.0;0.0;1.0;2.0;4.0;0.0;0.0;0.0;0.0
tecnic;0.0;0.0;0.0;0.0;0.0;2.0;0.0;0.0;0.0;0.0;0.0;1.0;1.0;4.0;6.0;0.0;1.0;0.0;4.0;10.0;7.0;1.0;3.0;0.0;1.0;0.0;2.0;1.0;2.0;0.0;2.0;0.0;0.0;0.0;0.0;0.0;4.0;2.0;3.0;0.0;0.0;0.0;0.0;1.0;1.0;1.0;0.0;0.0;0.0;0.0;0.0;0.0;2.0;2.0;3.0;2.0;0.0;0.0;0.0;5.0;1.0;0.0;0.0;0.0;0.0;0.0;1.0;0.0;0.0;0.0;0.0;5.0;3.0;1.0;2.0;6.0;2.0;1.0;2.0;0.0;0.0;0.0;0.0;1.0;2.0;0.0;0.0;0.0;0.0
dicend;0.0;0.0;0.0;0.0;0.0;0.0;1.0;1.0;0.0;0.0;0.0;0.0;0.0;1.0;0.0;0.0;0.0;0.0;1.0;0.0;0.0;4.0;2.0;0.0;0.0;0.0;0.0;1.0;3.0;1.0;1.0;0.0;0.0;0.0;1.0;1.0;0.0;0.0;0.0;0.0;0.0;0.0;0.0;3.0;0.0;0.0;1.0;0.0;0.0;1.0;0.0;2.0;0.0;3.0;2.0;1.0;0.0;0.0;0.0;1.0;0.0;1.0;0.0;0.0;0.0;0.0;0.0;0.0;0.0;2.0;0.0;9.0;2.0;0.0;1.0;0.0;0.0;0.0;5.0;0.0;0.0;0.0;0.0;0.0;2.0;0.0;0.0;0.0;0.0
onest;0.0;0.0;0.0;0.0;2.0;9.0;1.0;1.0;1.0;0.0;1.0;1.0;3.0;2.0;1.0;0.0;0.0;0.0;1.0;3.0;4.0;3.0;9.0;4.0;0.0;0.0;2.0;2.0;10.0;7.0;4.0;2.0;0.0;0.0;2.0;1.0;4.0;2.0;8.0;1.0;0.0;0.0;1.0;4.0;4.0;5.0;3.0;1.0;0.0;0.0;4.0;2.0;3.0;1.0;2.0;6.0;1.0;2.0;1.0;4.0;1.0;5.0;3.0;0.0;0.0;0.0;0.0;0.0;0.0;2.0;0.0;7.0;3.0;2.0;4.0;3.0;7.0;4.0;2.0;0.0;1.0;0.0;0.0;2.0;1.0;0.0;0.0;0.0;0.0
nonostant;0.0;0.0;0.0;0.0;0.0;0.0;1.0;0.0;0.0;0.0;0.0;0.0;0.0;4.0;0.0;0.0;0.0;0.0;0.0;0.0;3.0;1.0;1.0;0.0;0.0;0.0;0.0;1.0;1.0;2.0;1.0;2.0;1.0;0.0;0.0;2.0;2.0;1.0;3.0;1.0;0.0;0.0;0.0;4.0;1.0;1.0;1.0;0.0;0.0;0.0;0.0;0.0;1.0;1.0;3.0;0.0;0.0;0.0;0.0;0.0;0.0;0.0;0.0;0.0;0.0;0.0;0.0;0.0;0.0;0.0;0.0;1.0;2.0;0.0;1.0;0.0;7.0;2.0;1.0;1.0;1.0;0.0;0.0;0.0;2.0;0.0;0.0;0.0;0.0
governat;0.0;0.0;0.0;0.0;0.0;2.0;0.0;0.0;0.0;0.0;0.0;0.0;3.0;0.0;0.0;1.0;0.0;0.0;0.0;1.0;0.0;0.0;0.0;0.0;0.0;0.0;0.0;0.0;0.0;2.0;0.0;0.0;1.0;0.0;0.0;0.0;0.0;2.0;1.0;1.0;1.0;0.0;0.0;2.0;2.0;0.0;1.0;1.0;0.0;0.0;2.0;2.0;1.0;1.0;0.0;1.0;0.0;0.0;1.0;0.0;0.0;0.0;0.0;0.0;0.0;0.0;0.0;1.0;1.0;0.0;0.0;5.0;1.0;1.0;2.0;6.0;1.0;0.0;0.0;0.0;0.0;0.0;0.0;0.0;4.0;0.0;0.0;0.0;0.0
bocca;0.0;0.0;0.0;0.0;1.0;7.0;3.0;2.0;0.0;0.0;0.0;1.0;1.0;0.0;0.0;0.0;0.0;0.0;1.0;2.0;2.0;0.0;1.0;3.0;0.0;0.0;1.0;0.0;0.0;1.0;4.0;2.0;0.0;0.0;0.0;2.0;1.0;1.0;0.0;0.0;0.0;0.0;0.0;1.0;0.0;1.0;0.0;1.0;0.0;0.0;1.0;0.0;1.0;1.0;2.0;0.0;0.0;0.0;0.0;1.0;2.0;0.0;0.0;0.0;0.0;0.0;0.0;1.0;0.0;0.0;1.0;3.0;3.0;0.0;5.0;3.0;1.0;1.0;2.0;1.0;0.0;0.0;0.0;1.0;0.0;0.0;0.0;0.0;0.0
vince;0.0;0.0;0.0;0.0;2.0;5.0;9.0;0.0;0.0;0.0;2.0;7.0;2.0;5.0;7.0;3.0;0.0;0.0;7.0;6.0;3.0;3.0;1.0;1.0;1.0;0.0;2.0;3.0;6.0;9.0;9.0;6.0;0.0;2.0;2.0;11.0;8.0;11.0;6.0;3.0;0.0;0.0;7.0;5.0;8.0;7.0;8.0;2.0;2.0;0.0;3.0;5.0;4.0;6.0;8.0;8.0;0.0;0.0;1.0;5.0;2.0;0.0;2.0;2.0;0.0;0.0;0.0;7.0;4.0;9.0;6.0;16.0;4.0;5.0;6.0;6.0;5.0;8.0;1.0;1.0;1.0;0.0;1.0;3.0;2.0;0.0;0.0;0.0;0.0
pagar;0.0;0.0;0.0;0.0;0.0;0.0;0.0;0.0;0.0;0.0;0.0;1.0;1.0;1.0;2.0;1.0;0.0;0.0;0.0;3.0;1.0;2.0;2.0;0.0;0.0;1.0;2.0;1.0;0.0;0.0;2.0;2.0;1.0;0.0;1.0;1.0;1.0;1.0;0.0;0.0;0.0;0.0;1.0;3.0;3.0;4.0;5.0;0.0;0.0;0.0;0.0;0.0;1.0;2.0;2.0;0.0;0.0;0.0;0.0;0.0;0.0;0.0;1.0;0.0;0.0;0.0;0.0;2.0;2.0;0.0;0.0;3.0;2.0;0.0;1.0;2.0;3.0;0.0;0.0;0.0;0.0;0.0;0.0;0.0;0.0;0.0;0.0;0.0;0.0
farlo;0.0;0.0;0.0;0.0;0.0;0.0;2.0;0.0;0.0;0.0;0.0;0.0;0.0;0.0;0.0;0.0;0.0;0.0;0.0;0.0;4.0;0.0;0.0;1.0;1.0;0.0;0.0;0.0;0.0;1.0;2.0;1.0;0.0;0.0;0.0;1.0;1.0;2.0;2.0;2.0;0.0;0.0;1.0;0.0;1.0;2.0;3.0;1.0;0.0;0.0;3.0;4.0;5.0;2.0;1.0;1.0;0.0;0.0;1.0;0.0;0.0;1.0;3.0;0.0;0.0;0.0;0.0;3.0;3.0;0.0;0.0;1.0;0.0;0.0;1.0;4.0;1.0;3.0;2.0;0.0;0.0;0.0;1.0;0.0;2.0;0.0;0.0;0.0;0.0
twitter;0.0;0.0;0.0;0.0;1.0;3.0;1.0;0.0;0.0;0.0;0.0;0.0;0.0;0.0;3.0;1.0;0.0;0.0;0.0;3.0;2.0;2.0;1.0;0.0;0.0;0.0;0.0;3.0;2.0;4.0;3.0;3.0;0.0;0.0;1.0;1.0;1.0;0.0;3.0;1.0;0.0;0.0;1.0;0.0;1.0;0.0;1.0;6.0;0.0;0.0;2.0;0.0;1.0;1.0;2.0;0.0;0.0;0.0;0.0;0.0;0.0;3.0;0.0;2.0;0.0;0.0;2.0;0.0;0.0;1.0;3.0;1.0;0.0;0.0;1.0;2.0;2.0;2.0;3.0;2.0;0.0;0.0;1.0;2.0;0.0;0.0;0.0;0.0;0.0
dellorc;0.0;0.0;0.0;0.0;0.0;2.0;0.0;2.0;0.0;0.0;0.0;0.0;0.0;2.0;0.0;0.0;0.0;0.0;0.0;3.0;2.0;5.0;7.0;0.0;1.0;0.0;0.0;3.0;4.0;1.0;1.0;0.0;0.0;0.0;0.0;0.0;1.0;3.0;0.0;1.0;0.0;0.0;1.0;2.0;3.0;1.0;0.0;0.0;0.0;0.0;0.0;0.0;3.0;2.0;1.0;2.0;0.0;0.0;0.0;1.0;5.0;0.0;11.0;4.0;1.0;0.0;2.0;5.0;2.0;1.0;2.0;1.0;8.0;2.0;2.0;7.0;1.0;2.0;2.0;1.0;0.0;0.0;1.0;0.0;0.0;0.0;0.0;0.0;0.0
caso;0.0;0.0;0.0;0.0;0.0;1.0;1.0;0.0;0.0;0.0;0.0;1.0;5.0;0.0;1.0;0.0;0.0;0.0;2.0;1.0;3.0;10.0;1.0;2.0;1.0;0.0;2.0;1.0;5.0;0.0;4.0;1.0;0.0;1.0;2.0;4.0;2.0;4.0;2.0;1.0;0.0;0.0;0.0;3.0;3.0;3.0;4.0;1.0;0.0;0.0;3.0;5.0;2.0;4.0;1.0;4.0;0.0;0.0;1.0;1.0;0.0;2.0;0.0;1.0;0.0;0.0;0.0;4.0;2.0;6.0;2.0;4.0;5.0;1.0;5.0;4.0;0.0;3.0;2.0;2.0;1.0;0.0;1.0;4.0;4.0;0.0;0.0;0.0;0.0
fra;0.0;0.0;0.0;0.0;0.0;1.0;2.0;1.0;0.0;0.0;1.0;0.0;1.0;2.0;2.0;0.0;1.0;0.0;2.0;2.0;2.0;6.0;1.0;2.0;0.0;0.0;0.0;1.0;0.0;2.0;1.0;2.0;0.0;0.0;0.0;1.0;2.0;3.0;5.0;1.0;0.0;0.0;2.0;0.0;1.0;0.0;2.0;0.0;1.0;0.0;1.0;3.0;2.0;2.0;2.0;1.0;0.0;0.0;0.0;0.0;0.0;0.0;0.0;0.0;0.0;0.0;0.0;2.0;0.0;0.0;0.0;8.0;8.0;1.0;3.0;1.0;2.0;1.0;1.0;0.0;0.0;2.0;0.0;2.0;1.0;0.0;0.0;0.0;0.0
manca;0.0;0.0;0.0;0.0;1.0;3.0;1.0;1.0;0.0;0.0;2.0;0.0;1.0;3.0;0.0;1.0;1.0;0.0;1.0;4.0;0.0;1.0;2.0;0.0;0.0;0.0;0.0;0.0;1.0;1.0;0.0;2.0;0.0;0.0;2.0;0.0;1.0;1.0;1.0;0.0;0.0;0.0;0.0;1.0;3.0;5.0;4.0;2.0;0.0;0.0;0.0;1.0;3.0;0.0;3.0;2.0;1.0;0.0;2.0;1.0;0.0;0.0;1.0;0.0;0.0;0.0;0.0;1.0;0.0;0.0;2.0;1.0;0.0;1.0;2.0;1.0;1.0;0.0;2.0;0.0;0.0;0.0;1.0;3.0;1.0;0.0;0.0;0.0;0.0
decis;0.0;0.0;0.0;0.0;0.0;0.0;2.0;0.0;0.0;0.0;0.0;1.0;0.0;1.0;1.0;0.0;0.0;0.0;1.0;0.0;1.0;3.0;0.0;0.0;0.0;0.0;0.0;1.0;1.0;0.0;0.0;0.0;0.0;0.0;0.0;2.0;0.0;2.0;1.0;1.0;0.0;0.0;0.0;1.0;1.0;2.0;0.0;0.0;0.0;0.0;2.0;0.0;1.0;2.0;1.0;1.0;0.0;0.0;0.0;0.0;0.0;1.0;1.0;1.0;0.0;0.0;0.0;0.0;2.0;1.0;0.0;8.0;1.0;0.0;0.0;3.0;0.0;3.0;3.0;1.0;0.0;0.0;1.0;0.0;1.0;0.0;0.0;0.0;0.0
nicolamorr;0.0;0.0;0.0;0.0;0.0;1.0;2.0;0.0;0.0;0.0;2.0;2.0;6.0;1.0;4.0;0.0;0.0;0.0;5.0;8.0;3.0;2.0;5.0;0.0;0.0;0.0;0.0;0.0;2.0;12.0;1.0;3.0;0.0;0.0;0.0;9.0;1.0;1.0;55.0;8.0;2.0;0.0;9.0;13.0;6.0;2.0;10.0;1.0;1.0;0.0;0.0;4.0;2.0;1.0;1.0;3.0;0.0;0.0;0.0;0.0;1.0;2.0;2.0;1.0;0.0;0.0;0.0;0.0;5.0;17.0;9.0;3.0;1.0;1.0;9.0;6.0;5.0;7.0;3.0;0.0;0.0;2.0;1.0;2.0;0.0;0.0;0.0;0.0;0.0
punto;0.0;0.0;0.0;0.0;0.0;1.0;2.0;0.0;0.0;0.0;0.0;0.0;2.0;1.0;0.0;1.0;0.0;0.0;0.0;1.0;0.0;7.0;0.0;1.0;1.0;0.0;0.0;1.0;8.0;4.0;2.0;0.0;0.0;0.0;2.0;4.0;1.0;3.0;1.0;0.0;0.0;0.0;4.0;0.0;3.0;2.0;0.0;0.0;0.0;0.0;1.0;2.0;2.0;1.0;0.0;4.0;1.0;0.0;0.0;1.0;2.0;1.0;2.0;0.0;0.0;0.0;1.0;1.0;0.0;0.0;1.0;4.0;4.0;0.0;5.0;2.0;1.0;2.0;1.0;1.0;0.0;0.0;0.0;2.0;0.0;0.0;0.0;0.0;0.0
livell;0.0;0.0;0.0;0.0;0.0;2.0;0.0;0.0;1.0;0.0;0.0;0.0;0.0;1.0;1.0;0.0;0.0;0.0;1.0;2.0;1.0;3.0;0.0;0.0;0.0;0.0;0.0;0.0;2.0;1.0;0.0;0.0;2.0;0.0;2.0;0.0;0.0;2.0;0.0;2.0;0.0;0.0;0.0;3.0;1.0;0.0;2.0;0.0;0.0;0.0;0.0;2.0;0.0;0.0;2.0;1.0;0.0;0.0;0.0;0.0;0.0;1.0;2.0;0.0;0.0;0.0;0.0;0.0;0.0;1.0;0.0;3.0;0.0;1.0;1.0;2.0;1.0;0.0;1.0;1.0;0.0;0.0;2.0;1.0;1.0;0.0;0.0;0.0;0.0
grotond;0.0;0.0;0.0;0.0;1.0;3.0;4.0;5.0;0.0;0.0;1.0;2.0;3.0;2.0;14.0;3.0;1.0;0.0;4.0;20.0;10.0;12.0;10.0;1.0;0.0;0.0;1.0;0.0;3.0;0.0;11.0;1.0;0.0;0.0;1.0;4.0;0.0;3.0;9.0;1.0;0.0;0.0;6.0;15.0;11.0;5.0;6.0;1.0;8.0;2.0;5.0;4.0;0.0;1.0;1.0;0.0;0.0;0.0;3.0;3.0;1.0;2.0;0.0;1.0;0.0;0.0;0.0;3.0;2.0;1.0;9.0;12.0;2.0;0.0;1.0;9.0;2.0;1.0;12.0;2.0;1.0;1.0;4.0;2.0;0.0;0.0;0.0;0.0;0.0
vera;0.0;0.0;0.0;0.0;0.0;6.0;3.0;0.0;0.0;0.0;0.0;2.0;1.0;2.0;0.0;0.0;1.0;0.0;1.0;3.0;4.0;1.0;1.0;1.0;1.0;0.0;0.0;2.0;4.0;2.0;2.0;2.0;0.0;0.0;3.0;3.0;0.0;3.0;0.0;0.0;0.0;2.0;0.0;1.0;6.0;2.0;1.0;1.0;0.0;0.0;0.0;1.0;2.0;2.0;5.0;3.0;0.0;0.0;0.0;1.0;2.0;1.0;0.0;0.0;0.0;0.0;3.0;0.0;0.0;2.0;1.0;3.0;4.0;0.0;2.0;3.0;3.0;5.0;4.0;6.0;0.0;1.0;0.0;0.0;0.0;0.0;0.0;0.0;0.0
indietr;0.0;0.0;0.0;0.0;0.0;2.0;0.0;0.0;0.0;0.0;0.0;0.0;1.0;0.0;1.0;0.0;0.0;0.0;0.0;3.0;1.0;2.0;1.0;1.0;0.0;0.0;0.0;0.0;0.0;1.0;0.0;0.0;0.0;0.0;0.0;2.0;2.0;0.0;1.0;0.0;0.0;0.0;0.0;7.0;1.0;1.0;0.0;0.0;0.0;0.0;1.0;2.0;0.0;1.0;3.0;2.0;0.0;0.0;1.0;4.0;0.0;1.0;0.0;1.0;0.0;0.0;0.0;0.0;1.0;1.0;0.0;1.0;0.0;1.0;2.0;0.0;1.0;0.0;0.0;0.0;0.0;0.0;0.0;1.0;0.0;0.0;0.0;0.0;0.0
rispond;0.0;0.0;0.0;0.0;0.0;1.0;0.0;0.0;0.0;0.0;0.0;0.0;2.0;0.0;0.0;0.0;0.0;0.0;0.0;1.0;2.0;2.0;1.0;1.0;0.0;0.0;1.0;0.0;0.0;1.0;4.0;1.0;0.0;0.0;0.0;2.0;3.0;2.0;1.0;1.0;0.0;0.0;1.0;1.0;1.0;5.0;0.0;0.0;0.0;0.0;0.0;3.0;2.0;0.0;3.0;2.0;0.0;0.0;0.0;0.0;0.0;2.0;1.0;2.0;0.0;0.0;0.0;0.0;1.0;0.0;0.0;4.0;2.0;1.0;3.0;2.0;1.0;0.0;1.0;1.0;0.0;0.0;0.0;4.0;1.0;0.0;0.0;0.0;0.0
forti;0.0;0.0;0.0;0.0;0.0;1.0;1.0;0.0;0.0;0.0;1.0;1.0;1.0;4.0;2.0;1.0;0.0;0.0;1.0;9.0;0.0;1.0;0.0;0.0;0.0;0.0;1.0;0.0;1.0;6.0;0.0;0.0;0.0;0.0;0.0;0.0;4.0;1.0;0.0;0.0;0.0;0.0;1.0;1.0;3.0;1.0;2.0;1.0;0.0;0.0;0.0;0.0;0.0;0.0;3.0;2.0;1.0;0.0;0.0;1.0;1.0;1.0;0.0;2.0;0.0;0.0;0.0;0.0;0.0;0.0;1.0;8.0;1.0;0.0;2.0;2.0;1.0;3.0;1.0;3.0;0.0;0.0;0.0;1.0;1.0;0.0;0.0;0.0;0.0
ugual;0.0;0.0;0.0;0.0;1.0;5.0;3.0;0.0;0.0;0.0;0.0;1.0;4.0;1.0;1.0;0.0;0.0;0.0;1.0;0.0;0.0;5.0;1.0;1.0;0.0;0.0;0.0;0.0;3.0;3.0;2.0;0.0;0.0;0.0;2.0;2.0;1.0;2.0;1.0;0.0;0.0;0.0;1.0;1.0;0.0;0.0;1.0;0.0;0.0;0.0;0.0;0.0;0.0;0.0;1.0;1.0;0.0;0.0;2.0;1.0;0.0;2.0;2.0;0.0;0.0;0.0;0.0;0.0;1.0;0.0;1.0;3.0;3.0;0.0;0.0;1.0;0.0;2.0;1.0;1.0;0.0;0.0;2.0;0.0;0.0;0.0;0.0;0.0;0.0
potrebb;0.0;0.0;0.0;0.0;0.0;2.0;0.0;1.0;0.0;0.0;0.0;4.0;2.0;0.0;3.0;0.0;0.0;0.0;3.0;1.0;1.0;2.0;1.0;1.0;0.0;0.0;2.0;0.0;1.0;0.0;4.0;0.0;0.0;0.0;1.0;2.0;0.0;0.0;2.0;2.0;0.0;0.0;1.0;2.0;8.0;1.0;2.0;0.0;0.0;0.0;0.0;1.0;3.0;1.0;3.0;0.0;0.0;0.0;0.0;0.0;2.0;4.0;0.0;2.0;0.0;0.0;0.0;1.0;0.0;0.0;0.0;4.0;2.0;0.0;1.0;2.0;1.0;3.0;1.0;2.0;0.0;0.0;1.0;4.0;2.0;0.0;0.0;0.0;0.0
possibileit;0.0;0.0;0.0;0.0;0.0;1.0;1.0;0.0;0.0;0.0;2.0;0.0;0.0;0.0;3.0;2.0;0.0;0.0;0.0;0.0;1.0;1.0;2.0;0.0;0.0;0.0;0.0;0.0;0.0;0.0;4.0;1.0;0.0;0.0;1.0;8.0;8.0;2.0;6.0;0.0;0.0;0.0;0.0;5.0;9.0;6.0;0.0;0.0;0.0;0.0;1.0;8.0;14.0;4.0;10.0;0.0;0.0;0.0;1.0;0.0;0.0;5.0;0.0;1.0;0.0;0.0;0.0;0.0;1.0;25.0;7.0;5.0;25.0;2.0;18.0;7.0;4.0;5.0;1.0;0.0;0.0;0.0;1.0;2.0;0.0;0.0;0.0;0.0;0.0
parlamentar;0.0;0.0;0.0;0.0;1.0;3.0;1.0;0.0;0.0;0.0;2.0;1.0;4.0;3.0;2.0;1.0;0.0;0.0;2.0;4.0;5.0;4.0;2.0;2.0;1.0;0.0;4.0;1.0;16.0;7.0;2.0;5.0;3.0;0.0;2.0;4.0;2.0;4.0;3.0;4.0;0.0;0.0;4.0;0.0;3.0;2.0;9.0;1.0;0.0;0.0;1.0;3.0;6.0;3.0;3.0;4.0;1.0;0.0;0.0;0.0;0.0;0.0;1.0;1.0;2.0;0.0;0.0;0.0;0.0;0.0;0.0;4.0;5.0;0.0;1.0;3.0;3.0;2.0;3.0;3.0;0.0;0.0;1.0;2.0;5.0;0.0;0.0;0.0;0.0
referendar;0.0;0.0;0.0;0.0;0.0;1.0;1.0;0.0;0.0;0.0;1.0;0.0;0.0;2.0;0.0;0.0;0.0;0.0;0.0;1.0;0.0;2.0;0.0;0.0;0.0;0.0;1.0;0.0;0.0;4.0;3.0;0.0;1.0;0.0;0.0;2.0;1.0;2.0;1.0;0.0;0.0;0.0;1.0;0.0;2.0;1.0;3.0;0.0;0.0;0.0;1.0;5.0;6.0;3.0;4.0;3.0;1.0;0.0;0.0;2.0;0.0;0.0;0.0;2.0;0.0;0.0;1.0;0.0;1.0;0.0;0.0;2.0;0.0;0.0;0.0;1.0;2.0;2.0;0.0;0.0;0.0;0.0;1.0;0.0;3.0;0.0;0.0;0.0;0.0
tante;0.0;0.0;0.0;0.0;0.0;2.0;1.0;2.0;0.0;0.0;0.0;0.0;0.0;1.0;1.0;0.0;0.0;0.0;0.0;1.0;1.0;5.0;2.0;2.0;0.0;0.0;0.0;0.0;0.0;0.0;1.0;0.0;0.0;0.0;0.0;0.0;1.0;1.0;0.0;3.0;0.0;0.0;0.0;4.0;3.0;2.0;0.0;0.0;0.0;0.0;0.0;5.0;2.0;1.0;2.0;0.0;0.0;0.0;1.0;1.0;4.0;0.0;1.0;2.0;1.0;0.0;0.0;0.0;1.0;1.0;0.0;2.0;0.0;0.0;2.0;1.0;2.0;1.0;0.0;0.0;0.0;0.0;1.0;0.0;0.0;0.0;0.0;0.0;0.0
corrier;0.0;0.0;0.0;0.0;0.0;1.0;1.0;1.0;0.0;0.0;1.0;5.0;0.0;0.0;0.0;0.0;0.0;1.0;1.0;0.0;2.0;1.0;0.0;0.0;0.0;0.0;1.0;0.0;0.0;1.0;3.0;0.0;0.0;0.0;0.0;1.0;2.0;1.0;1.0;0.0;0.0;0.0;0.0;1.0;1.0;0.0;1.0;0.0;0.0;0.0;1.0;1.0;6.0;1.0;0.0;2.0;0.0;0.0;2.0;6.0;0.0;3.0;0.0;0.0;0.0;0.0;2.0;0.0;0.0;0.0;0.0;0.0;0.0;0.0;1.0;1.0;5.0;0.0;2.0;0.0;0.0;0.0;2.0;1.0;1.0;0.0;0.0;0.0;0.0
stabilit;0.0;0.0;0.0;0.0;0.0;0.0;0.0;0.0;0.0;0.0;0.0;0.0;3.0;0.0;0.0;0.0;0.0;0.0;1.0;1.0;1.0;4.0;0.0;0.0;0.0;0.0;1.0;0.0;2.0;4.0;0.0;0.0;0.0;0.0;1.0;1.0;0.0;0.0;1.0;0.0;0.0;0.0;0.0;0.0;2.0;0.0;0.0;1.0;0.0;0.0;1.0;1.0;1.0;2.0;3.0;1.0;0.0;0.0;0.0;1.0;0.0;0.0;0.0;0.0;0.0;0.0;0.0;0.0;0.0;0.0;0.0;1.0;2.0;0.0;2.0;0.0;1.0;7.0;1.0;2.0;0.0;1.0;2.0;3.0;0.0;0.0;0.0;0.0;0.0
stamp;0.0;0.0;0.0;0.0;0.0;1.0;0.0;1.0;0.0;0.0;0.0;2.0;1.0;3.0;0.0;0.0;0.0;0.0;1.0;2.0;4.0;3.0;1.0;1.0;2.0;0.0;1.0;3.0;1.0;1.0;2.0;0.0;1.0;0.0;0.0;5.0;2.0;1.0;3.0;0.0;0.0;0.0;0.0;4.0;2.0;3.0;0.0;0.0;0.0;0.0;0.0;1.0;3.0;2.0;1.0;1.0;0.0;0.0;0.0;1.0;0.0;0.0;0.0;0.0;0.0;0.0;0.0;0.0;0.0;0.0;0.0;4.0;3.0;0.0;0.0;1.0;1.0;2.0;0.0;0.0;0.0;0.0;0.0;1.0;2.0;0.0;0.0;0.0;0.0
salvar;0.0;0.0;0.0;0.0;0.0;0.0;1.0;1.0;0.0;0.0;1.0;3.0;2.0;0.0;0.0;1.0;0.0;0.0;0.0;1.0;0.0;2.0;1.0;1.0;0.0;0.0;0.0;1.0;1.0;0.0;1.0;2.0;0.0;0.0;3.0;2.0;0.0;5.0;1.0;0.0;0.0;0.0;2.0;2.0;3.0;0.0;6.0;0.0;0.0;0.0;1.0;3.0;1.0;0.0;0.0;1.0;0.0;0.0;0.0;0.0;0.0;0.0;1.0;1.0;0.0;0.0;0.0;2.0;1.0;1.0;0.0;1.0;1.0;0.0;0.0;1.0;4.0;1.0;4.0;0.0;0.0;0.0;0.0;1.0;2.0;0.0;0.0;0.0;0.0
figli;0.0;0.0;0.0;0.0;0.0;1.0;0.0;0.0;0.0;0.0;0.0;1.0;0.0;3.0;0.0;1.0;0.0;0.0;5.0;0.0;1.0;1.0;2.0;0.0;0.0;0.0;0.0;0.0;2.0;1.0;2.0;1.0;0.0;0.0;1.0;0.0;1.0;0.0;0.0;0.0;0.0;0.0;0.0;1.0;2.0;0.0;2.0;1.0;0.0;0.0;0.0;0.0;2.0;1.0;3.0;2.0;0.0;0.0;2.0;4.0;0.0;1.0;1.0;0.0;0.0;0.0;1.0;4.0;2.0;1.0;2.0;2.0;3.0;1.0;1.0;1.0;3.0;0.0;1.0;0.0;0.0;0.0;0.0;2.0;0.0;0.0;0.0;0.0;0.0
youtub;0.0;0.0;0.0;0.0;0.0;0.0;0.0;0.0;0.0;0.0;1.0;1.0;2.0;1.0;1.0;0.0;0.0;0.0;0.0;1.0;1.0;4.0;4.0;1.0;1.0;0.0;2.0;1.0;0.0;3.0;2.0;3.0;1.0;0.0;2.0;0.0;0.0;0.0;1.0;0.0;0.0;0.0;0.0;1.0;0.0;1.0;3.0;2.0;0.0;0.0;1.0;3.0;0.0;0.0;0.0;0.0;0.0;0.0;0.0;0.0;1.0;6.0;1.0;0.0;1.0;0.0;0.0;1.0;2.0;1.0;0.0;2.0;0.0;0.0;0.0;2.0;5.0;2.0;3.0;3.0;0.0;0.0;0.0;2.0;3.0;0.0;0.0;0.0;0.0
dire;0.0;0.0;0.0;0.0;4.0;26.0;22.0;11.0;1.0;0.0;7.0;6.0;7.0;16.0;14.0;4.0;1.0;0.0;1.0;67.0;14.0;21.0;14.0;1.0;2.0;0.0;5.0;17.0;9.0;14.0;20.0;6.0;0.0;3.0;7.0;11.0;12.0;9.0;11.0;6.0;1.0;1.0;7.0;21.0;16.0;18.0;18.0;6.0;0.0;1.0;6.0;12.0;9.0;10.0;16.0;12.0;0.0;0.0;4.0;7.0;10.0;6.0;2.0;6.0;1.0;0.0;1.0;4.0;1.0;2.0;9.0;16.0;12.0;6.0;17.0;9.0;9.0;15.0;5.0;10.0;0.0;0.0;6.0;8.0;9.0;0.0;0.0;0.0;0.0
europe;0.0;0.0;0.0;0.0;0.0;0.0;1.0;0.0;0.0;0.0;0.0;0.0;1.0;0.0;0.0;0.0;0.0;0.0;1.0;3.0;2.0;3.0;0.0;0.0;0.0;0.0;1.0;4.0;1.0;1.0;1.0;2.0;1.0;0.0;0.0;2.0;1.0;2.0;2.0;1.0;0.0;0.0;1.0;1.0;3.0;0.0;3.0;0.0;0.0;0.0;3.0;0.0;1.0;2.0;1.0;0.0;0.0;1.0;0.0;0.0;1.0;1.0;0.0;0.0;1.0;0.0;0.0;1.0;2.0;0.0;0.0;0.0;3.0;0.0;1.0;3.0;0.0;3.0;0.0;1.0;0.0;0.0;0.0;0.0;0.0;0.0;0.0;0.0;0.0
question;0.0;0.0;0.0;0.0;1.0;4.0;1.0;2.0;0.0;0.0;0.0;0.0;1.0;3.0;0.0;1.0;0.0;0.0;0.0;2.0;1.0;1.0;0.0;0.0;0.0;0.0;1.0;1.0;1.0;1.0;1.0;0.0;0.0;1.0;0.0;6.0;3.0;2.0;1.0;0.0;0.0;0.0;0.0;1.0;1.0;0.0;2.0;0.0;0.0;0.0;1.0;0.0;1.0;1.0;1.0;0.0;1.0;0.0;0.0;1.0;0.0;2.0;0.0;0.0;0.0;0.0;0.0;0.0;0.0;0.0;0.0;3.0;0.0;0.0;0.0;3.0;0.0;0.0;0.0;0.0;0.0;0.0;0.0;3.0;1.0;0.0;0.0;0.0;0.0
scriver;0.0;0.0;0.0;0.0;0.0;2.0;2.0;0.0;1.0;0.0;0.0;1.0;2.0;1.0;0.0;1.0;1.0;0.0;1.0;1.0;2.0;3.0;0.0;0.0;0.0;0.0;1.0;1.0;0.0;2.0;1.0;3.0;0.0;0.0;1.0;2.0;1.0;0.0;2.0;1.0;0.0;0.0;1.0;0.0;0.0;2.0;0.0;0.0;0.0;0.0;0.0;0.0;0.0;0.0;1.0;0.0;1.0;0.0;0.0;0.0;0.0;0.0;0.0;2.0;1.0;1.0;0.0;1.0;0.0;1.0;0.0;3.0;0.0;0.0;3.0;1.0;0.0;1.0;1.0;1.0;0.0;0.0;0.0;1.0;1.0;0.0;0.0;0.0;0.0
volont;0.0;0.0;0.0;0.0;0.0;3.0;1.0;0.0;0.0;0.0;0.0;1.0;0.0;0.0;1.0;0.0;0.0;0.0;0.0;3.0;0.0;5.0;0.0;0.0;0.0;0.0;0.0;0.0;0.0;2.0;0.0;0.0;0.0;0.0;1.0;1.0;1.0;0.0;0.0;2.0;0.0;0.0;1.0;0.0;8.0;0.0;2.0;0.0;0.0;0.0;0.0;0.0;1.0;0.0;3.0;0.0;0.0;0.0;0.0;0.0;0.0;0.0;0.0;0.0;0.0;0.0;0.0;0.0;1.0;2.0;0.0;2.0;1.0;0.0;0.0;1.0;1.0;1.0;0.0;1.0;2.0;0.0;3.0;0.0;1.0;0.0;0.0;0.0;0.0
certo;0.0;0.0;0.0;0.0;1.0;9.0;2.0;2.0;0.0;0.0;2.0;2.0;2.0;4.0;3.0;2.0;0.0;0.0;1.0;3.0;7.0;4.0;4.0;3.0;2.0;0.0;3.0;1.0;3.0;5.0;6.0;1.0;0.0;0.0;0.0;1.0;8.0;8.0;5.0;2.0;1.0;0.0;2.0;5.0;3.0;2.0;9.0;2.0;0.0;0.0;2.0;4.0;1.0;2.0;7.0;2.0;0.0;0.0;0.0;1.0;1.0;3.0;2.0;1.0;0.0;0.0;0.0;11.0;2.0;5.0;3.0;11.0;7.0;0.0;4.0;0.0;4.0;11.0;6.0;3.0;0.0;1.0;2.0;3.0;8.0;0.0;0.0;0.0;0.0
amici;0.0;0.0;0.0;0.0;0.0;1.0;2.0;1.0;0.0;0.0;1.0;2.0;1.0;3.0;2.0;2.0;1.0;0.0;3.0;1.0;6.0;6.0;1.0;0.0;0.0;0.0;1.0;2.0;1.0;3.0;6.0;2.0;2.0;0.0;3.0;2.0;0.0;1.0;0.0;1.0;0.0;0.0;2.0;2.0;2.0;3.0;2.0;1.0;0.0;0.0;5.0;1.0;1.0;2.0;3.0;0.0;1.0;0.0;1.0;0.0;0.0;0.0;3.0;1.0;0.0;0.0;4.0;4.0;3.0;4.0;1.0;3.0;0.0;1.0;1.0;3.0;2.0;5.0;1.0;1.0;1.0;0.0;0.0;4.0;1.0;0.0;0.0;0.0;0.0
resto;0.0;0.0;0.0;0.0;0.0;0.0;0.0;1.0;0.0;0.0;0.0;1.0;0.0;1.0;0.0;0.0;0.0;0.0;0.0;4.0;2.0;1.0;4.0;0.0;0.0;1.0;0.0;0.0;0.0;1.0;1.0;2.0;1.0;0.0;0.0;1.0;3.0;1.0;1.0;1.0;0.0;0.0;0.0;2.0;2.0;2.0;4.0;0.0;0.0;0.0;0.0;3.0;4.0;1.0;1.0;0.0;0.0;0.0;1.0;1.0;1.0;1.0;0.0;0.0;0.0;0.0;1.0;0.0;1.0;0.0;0.0;2.0;2.0;1.0;1.0;2.0;2.0;2.0;3.0;0.0;0.0;0.0;2.0;0.0;0.0;0.0;0.0;0.0;0.0
doppiocanal;0.0;0.0;0.0;0.0;0.0;6.0;1.0;6.0;0.0;0.0;0.0;0.0;0.0;7.0;1.0;2.0;0.0;0.0;0.0;1.0;7.0;0.0;0.0;0.0;0.0;0.0;0.0;0.0;0.0;4.0;1.0;3.0;0.0;0.0;0.0;0.0;0.0;0.0;0.0;1.0;0.0;0.0;0.0;0.0;0.0;0.0;0.0;1.0;0.0;0.0;0.0;0.0;0.0;0.0;0.0;3.0;0.0;0.0;0.0;0.0;0.0;0.0;0.0;3.0;0.0;0.0;0.0;0.0;0.0;0.0;0.0;5.0;0.0;0.0;0.0;0.0;0.0;0.0;1.0;4.0;0.0;0.0;0.0;0.0;0.0;0.0;0.0;0.0;0.0
bosc;0.0;0.0;0.0;0.0;0.0;2.0;0.0;1.0;1.0;0.0;0.0;0.0;0.0;0.0;2.0;0.0;0.0;0.0;0.0;2.0;2.0;1.0;2.0;1.0;0.0;0.0;1.0;3.0;0.0;3.0;12.0;2.0;0.0;0.0;1.0;2.0;3.0;2.0;3.0;1.0;0.0;0.0;1.0;1.0;1.0;2.0;2.0;1.0;0.0;0.0;1.0;1.0;2.0;0.0;3.0;2.0;0.0;0.0;0.0;1.0;1.0;0.0;0.0;0.0;0.0;0.0;0.0;0.0;0.0;0.0;1.0;4.0;2.0;0.0;1.0;2.0;5.0;3.0;0.0;1.0;0.0;0.0;1.0;1.0;2.0;0.0;0.0;0.0;0.0
ester;0.0;0.0;0.0;0.0;0.0;0.0;2.0;0.0;0.0;0.0;0.0;1.0;0.0;0.0;1.0;0.0;0.0;0.0;0.0;0.0;1.0;0.0;0.0;1.0;0.0;0.0;1.0;0.0;0.0;3.0;1.0;0.0;0.0;0.0;0.0;0.0;1.0;0.0;0.0;0.0;0.0;0.0;0.0;3.0;1.0;2.0;3.0;0.0;0.0;0.0;3.0;2.0;1.0;2.0;2.0;3.0;0.0;0.0;0.0;5.0;0.0;2.0;0.0;0.0;0.0;0.0;1.0;0.0;2.0;5.0;4.0;3.0;1.0;0.0;1.0;1.0;0.0;0.0;0.0;0.0;0.0;0.0;0.0;0.0;0.0;0.0;0.0;0.0;0.0
renzi;0.0;0.0;0.0;0.0;5.0;30.0;18.0;7.0;1.0;1.0;13.0;43.0;60.0;37.0;19.0;14.0;3.0;0.0;18.0;52.0;39.0;40.0;32.0;27.0;4.0;1.0;26.0;24.0;68.0;60.0;40.0;25.0;10.0;1.0;24.0;37.0;34.0;51.0;30.0;43.0;6.0;2.0;31.0;44.0;78.0;35.0;59.0;19.0;4.0;2.0;41.0;46.0;48.0;36.0;47.0;35.0;1.0;4.0;7.0;13.0;29.0;13.0;14.0;14.0;2.0;0.0;9.0;16.0;11.0;10.0;9.0;117.0;61.0;2.0;61.0;51.0;62.0;65.0;60.0;31.0;5.0;5.0;28.0;40.0;39.0;0.0;0.0;0.0;0.0
napol;0.0;0.0;0.0;0.0;0.0;1.0;0.0;0.0;0.0;0.0;1.0;4.0;2.0;5.0;0.0;1.0;0.0;0.0;2.0;2.0;2.0;27.0;0.0;4.0;0.0;0.0;1.0;0.0;3.0;0.0;0.0;0.0;0.0;0.0;0.0;2.0;1.0;0.0;3.0;0.0;0.0;0.0;0.0;4.0;4.0;8.0;8.0;3.0;1.0;0.0;0.0;2.0;4.0;2.0;3.0;4.0;0.0;0.0;0.0;1.0;1.0;1.0;0.0;0.0;0.0;0.0;1.0;5.0;2.0;1.0;0.0;1.0;5.0;0.0;1.0;1.0;0.0;1.0;3.0;7.0;0.0;0.0;1.0;0.0;0.0;0.0;0.0;0.0;0.0
giovannitot;0.0;0.0;0.0;0.0;0.0;2.0;3.0;1.0;0.0;0.0;3.0;23.0;11.0;6.0;1.0;1.0;0.0;0.0;1.0;2.0;3.0;15.0;37.0;1.0;1.0;0.0;5.0;1.0;7.0;8.0;43.0;13.0;0.0;1.0;17.0;3.0;9.0;1.0;25.0;2.0;2.0;1.0;10.0;6.0;3.0;6.0;3.0;0.0;0.0;0.0;2.0;2.0;6.0;6.0;13.0;7.0;1.0;1.0;1.0;0.0;7.0;13.0;12.0;5.0;0.0;0.0;3.0;5.0;15.0;2.0;1.0;27.0;7.0;1.0;7.0;16.0;9.0;30.0;28.0;7.0;3.0;0.0;5.0;6.0;1.0;0.0;0.0;0.0;0.0
dici;0.0;0.0;0.0;0.0;0.0;1.0;6.0;0.0;2.0;0.0;0.0;1.0;3.0;4.0;2.0;1.0;1.0;0.0;2.0;3.0;3.0;3.0;2.0;1.0;0.0;0.0;2.0;1.0;2.0;3.0;9.0;4.0;0.0;0.0;0.0;0.0;4.0;2.0;5.0;1.0;0.0;0.0;1.0;2.0;2.0;2.0;5.0;1.0;2.0;0.0;1.0;2.0;7.0;2.0;5.0;0.0;0.0;0.0;3.0;4.0;1.0;2.0;2.0;1.0;0.0;0.0;0.0;1.0;1.0;3.0;2.0;8.0;5.0;1.0;4.0;3.0;1.0;6.0;0.0;5.0;1.0;0.0;2.0;2.0;0.0;0.0;0.0;0.0;0.0
dice;0.0;0.0;0.0;0.0;3.0;18.0;12.0;2.0;2.0;0.0;7.0;10.0;10.0;4.0;11.0;5.0;0.0;0.0;6.0;2.0;6.0;6.0;10.0;6.0;0.0;1.0;8.0;4.0;6.0;19.0;13.0;8.0;3.0;0.0;11.0;4.0;13.0;24.0;7.0;7.0;0.0;1.0;5.0;13.0;10.0;12.0;8.0;6.0;1.0;0.0;4.0;9.0;10.0;7.0;10.0;7.0;0.0;0.0;1.0;7.0;3.0;2.0;8.0;4.0;0.0;0.0;1.0;10.0;5.0;3.0;5.0;11.0;11.0;0.0;7.0;4.0;6.0;4.0;11.0;7.0;0.0;1.0;5.0;8.0;7.0;0.0;0.0;0.0;0.0
maio;0.0;0.0;0.0;0.0;0.0;3.0;10.0;0.0;0.0;0.0;1.0;2.0;1.0;2.0;1.0;0.0;0.0;0.0;0.0;3.0;2.0;1.0;0.0;3.0;0.0;0.0;0.0;1.0;1.0;1.0;8.0;2.0;0.0;0.0;0.0;1.0;1.0;1.0;4.0;0.0;0.0;0.0;2.0;1.0;6.0;8.0;7.0;0.0;1.0;0.0;1.0;2.0;3.0;4.0;4.0;2.0;0.0;0.0;1.0;2.0;4.0;4.0;0.0;0.0;0.0;0.0;0.0;1.0;0.0;0.0;0.0;4.0;7.0;1.0;2.0;2.0;2.0;2.0;1.0;1.0;0.0;0.0;2.0;0.0;0.0;0.0;0.0;0.0;0.0
repubblic;0.0;0.0;0.0;0.0;0.0;2.0;1.0;1.0;0.0;0.0;0.0;2.0;6.0;1.0;1.0;0.0;1.0;0.0;2.0;4.0;2.0;1.0;0.0;2.0;1.0;0.0;4.0;3.0;3.0;3.0;4.0;4.0;0.0;1.0;1.0;0.0;0.0;1.0;0.0;4.0;0.0;0.0;4.0;4.0;2.0;1.0;7.0;0.0;0.0;0.0;3.0;1.0;1.0;3.0;0.0;2.0;0.0;0.0;2.0;2.0;1.0;1.0;1.0;0.0;0.0;0.0;0.0;0.0;3.0;1.0;1.0;5.0;1.0;0.0;2.0;1.0;2.0;3.0;2.0;2.0;1.0;0.0;2.0;6.0;2.0;0.0;0.0;0.0;0.0
paura;0.0;0.0;0.0;0.0;0.0;16.0;4.0;4.0;0.0;0.0;3.0;1.0;12.0;4.0;3.0;0.0;0.0;0.0;1.0;5.0;2.0;9.0;1.0;3.0;0.0;0.0;3.0;3.0;1.0;4.0;2.0;3.0;1.0;0.0;2.0;3.0;6.0;1.0;3.0;1.0;0.0;1.0;0.0;1.0;3.0;8.0;11.0;0.0;0.0;0.0;4.0;8.0;10.0;6.0;9.0;7.0;2.0;0.0;2.0;6.0;2.0;1.0;2.0;1.0;1.0;0.0;0.0;1.0;1.0;0.0;2.0;4.0;8.0;0.0;4.0;2.0;5.0;2.0;4.0;3.0;1.0;0.0;3.0;2.0;3.0;0.0;0.0;0.0;0.0
grupp;0.0;0.0;0.0;0.0;0.0;2.0;0.0;1.0;0.0;0.0;0.0;0.0;2.0;0.0;0.0;1.0;0.0;0.0;0.0;1.0;2.0;0.0;0.0;0.0;0.0;0.0;0.0;1.0;1.0;2.0;2.0;1.0;0.0;0.0;0.0;3.0;5.0;0.0;1.0;0.0;0.0;0.0;0.0;2.0;3.0;0.0;0.0;3.0;0.0;0.0;0.0;0.0;0.0;1.0;1.0;1.0;0.0;0.0;0.0;1.0;0.0;3.0;0.0;0.0;0.0;0.0;0.0;0.0;1.0;0.0;0.0;3.0;1.0;0.0;0.0;1.0;0.0;1.0;2.0;0.0;0.0;0.0;0.0;1.0;1.0;0.0;0.0;0.0;0.0
divers;0.0;0.0;0.0;0.0;2.0;6.0;0.0;1.0;1.0;0.0;0.0;1.0;4.0;2.0;0.0;0.0;0.0;0.0;0.0;0.0;2.0;4.0;2.0;0.0;1.0;0.0;0.0;0.0;1.0;3.0;1.0;0.0;1.0;0.0;1.0;4.0;1.0;1.0;0.0;1.0;0.0;0.0;3.0;3.0;1.0;5.0;3.0;2.0;0.0;0.0;2.0;0.0;2.0;1.0;3.0;5.0;0.0;0.0;2.0;0.0;5.0;1.0;0.0;1.0;0.0;0.0;0.0;1.0;0.0;0.0;0.0;1.0;8.0;2.0;4.0;2.0;1.0;1.0;6.0;1.0;0.0;0.0;1.0;1.0;1.0;0.0;0.0;0.0;0.0
dite;0.0;0.0;0.0;0.0;2.0;3.0;3.0;1.0;0.0;0.0;0.0;1.0;5.0;2.0;2.0;0.0;0.0;0.0;0.0;1.0;0.0;2.0;0.0;0.0;0.0;0.0;1.0;1.0;1.0;2.0;2.0;2.0;0.0;0.0;0.0;2.0;2.0;0.0;0.0;1.0;0.0;0.0;0.0;2.0;1.0;1.0;1.0;0.0;0.0;0.0;1.0;0.0;1.0;5.0;2.0;2.0;0.0;0.0;0.0;0.0;1.0;0.0;1.0;0.0;1.0;0.0;0.0;0.0;0.0;0.0;1.0;2.0;0.0;0.0;1.0;1.0;1.0;1.0;2.0;1.0;0.0;0.0;1.0;1.0;0.0;0.0;0.0;0.0;0.0
dico;0.0;0.0;0.0;0.0;2.0;8.0;6.0;2.0;1.0;0.0;4.0;7.0;4.0;4.0;0.0;1.0;0.0;0.0;0.0;1.0;1.0;0.0;1.0;1.0;1.0;0.0;1.0;1.0;3.0;0.0;4.0;2.0;2.0;0.0;3.0;2.0;1.0;0.0;7.0;0.0;0.0;0.0;2.0;3.0;3.0;1.0;3.0;2.0;0.0;0.0;1.0;0.0;6.0;3.0;6.0;2.0;1.0;0.0;2.0;2.0;2.0;1.0;0.0;2.0;0.0;0.0;0.0;3.0;1.0;0.0;0.0;4.0;5.0;1.0;4.0;1.0;2.0;0.0;3.0;5.0;0.0;0.0;1.0;2.0;2.0;0.0;0.0;0.0;0.0
pugl;0.0;0.0;0.0;0.0;0.0;0.0;2.0;2.0;0.0;0.0;0.0;1.0;0.0;0.0;0.0;0.0;0.0;0.0;0.0;0.0;0.0;0.0;0.0;1.0;0.0;0.0;1.0;1.0;1.0;2.0;1.0;1.0;0.0;1.0;0.0;2.0;0.0;2.0;1.0;1.0;0.0;3.0;1.0;3.0;0.0;0.0;0.0;0.0;0.0;0.0;0.0;0.0;1.0;3.0;1.0;5.0;0.0;0.0;0.0;0.0;0.0;1.0;3.0;0.0;0.0;0.0;1.0;1.0;0.0;3.0;1.0;3.0;0.0;0.0;0.0;1.0;0.0;0.0;0.0;4.0;1.0;0.0;0.0;0.0;2.0;0.0;0.0;0.0;0.0
pegg;0.0;0.0;0.0;0.0;1.0;1.0;2.0;1.0;0.0;0.0;1.0;2.0;4.0;3.0;0.0;0.0;0.0;0.0;2.0;1.0;3.0;2.0;2.0;0.0;1.0;0.0;4.0;0.0;1.0;5.0;4.0;0.0;0.0;0.0;1.0;0.0;6.0;1.0;3.0;0.0;0.0;0.0;0.0;8.0;5.0;6.0;5.0;2.0;0.0;0.0;4.0;1.0;8.0;3.0;0.0;1.0;0.0;0.0;0.0;3.0;2.0;0.0;0.0;0.0;0.0;0.0;1.0;1.0;1.0;0.0;0.0;3.0;6.0;1.0;5.0;8.0;4.0;7.0;3.0;3.0;0.0;0.0;2.0;0.0;3.0;0.0;0.0;0.0;0.0
piutwittat;0.0;0.0;0.0;0.0;0.0;0.0;0.0;0.0;0.0;0.0;0.0;2.0;1.0;2.0;1.0;1.0;0.0;1.0;1.0;4.0;2.0;0.0;0.0;1.0;0.0;0.0;1.0;0.0;1.0;1.0;1.0;1.0;0.0;0.0;0.0;1.0;1.0;0.0;0.0;1.0;0.0;0.0;2.0;2.0;1.0;0.0;3.0;1.0;0.0;0.0;1.0;1.0;0.0;1.0;1.0;2.0;0.0;0.0;2.0;1.0;0.0;1.0;0.0;1.0;0.0;0.0;2.0;2.0;1.0;1.0;1.0;0.0;0.0;0.0;1.0;2.0;2.0;3.0;1.0;0.0;0.0;0.0;0.0;0.0;2.0;0.0;0.0;0.0;0.0
tre;0.0;0.0;0.0;0.0;0.0;0.0;0.0;0.0;0.0;0.0;0.0;1.0;2.0;4.0;1.0;2.0;0.0;0.0;2.0;3.0;2.0;0.0;2.0;1.0;1.0;0.0;0.0;3.0;0.0;1.0;3.0;2.0;0.0;0.0;1.0;4.0;3.0;1.0;1.0;2.0;0.0;0.0;1.0;4.0;2.0;0.0;2.0;0.0;0.0;0.0;1.0;0.0;1.0;0.0;2.0;2.0;0.0;0.0;0.0;1.0;2.0;0.0;0.0;0.0;0.0;0.0;1.0;0.0;2.0;1.0;2.0;4.0;2.0;1.0;2.0;3.0;1.0;1.0;1.0;2.0;1.0;2.0;0.0;1.0;3.0;0.0;0.0;0.0;0.0
ms;0.0;0.0;0.0;0.0;4.0;22.0;13.0;5.0;3.0;0.0;4.0;7.0;6.0;12.0;19.0;5.0;1.0;2.0;8.0;53.0;36.0;22.0;10.0;8.0;3.0;1.0;12.0;11.0;16.0;11.0;21.0;5.0;0.0;0.0;8.0;9.0;8.0;18.0;17.0;5.0;0.0;1.0;5.0;21.0;17.0;13.0;13.0;7.0;2.0;1.0;5.0;18.0;10.0;22.0;11.0;3.0;1.0;1.0;3.0;11.0;3.0;15.0;8.0;3.0;0.0;1.0;2.0;4.0;3.0;2.0;4.0;23.0;30.0;2.0;22.0;21.0;15.0;15.0;14.0;8.0;3.0;1.0;11.0;14.0;10.0;0.0;0.0;0.0;0.0
domand;0.0;0.0;0.0;0.0;0.0;0.0;0.0;0.0;0.0;0.0;1.0;1.0;2.0;0.0;2.0;0.0;1.0;0.0;0.0;2.0;0.0;5.0;2.0;0.0;0.0;0.0;1.0;0.0;1.0;3.0;1.0;13.0;0.0;0.0;2.0;8.0;6.0;3.0;2.0;0.0;0.0;0.0;1.0;3.0;2.0;4.0;3.0;1.0;0.0;0.0;1.0;2.0;2.0;0.0;5.0;6.0;0.0;0.0;0.0;1.0;0.0;1.0;2.0;0.0;0.0;0.0;0.0;0.0;1.0;0.0;2.0;4.0;3.0;0.0;0.0;3.0;3.0;4.0;2.0;1.0;0.0;0.0;0.0;2.0;3.0;0.0;0.0;0.0;0.0
senator;0.0;0.0;0.0;0.0;1.0;7.0;4.0;3.0;1.0;0.0;0.0;12.0;7.0;1.0;4.0;4.0;1.0;0.0;1.0;5.0;5.0;8.0;0.0;2.0;0.0;1.0;3.0;1.0;19.0;14.0;11.0;11.0;6.0;0.0;3.0;8.0;7.0;20.0;7.0;5.0;1.0;1.0;4.0;11.0;17.0;8.0;15.0;4.0;1.0;2.0;4.0;9.0;9.0;8.0;7.0;5.0;0.0;1.0;2.0;22.0;12.0;3.0;9.0;1.0;0.0;0.0;1.0;3.0;0.0;0.0;2.0;7.0;1.0;0.0;2.0;7.0;20.0;9.0;14.0;9.0;1.0;2.0;3.0;3.0;6.0;0.0;0.0;0.0;0.0
scusa;0.0;0.0;0.0;0.0;0.0;0.0;2.0;0.0;0.0;0.0;2.0;0.0;0.0;0.0;1.0;0.0;0.0;0.0;1.0;1.0;0.0;6.0;0.0;1.0;0.0;0.0;1.0;3.0;2.0;2.0;4.0;0.0;0.0;0.0;0.0;2.0;1.0;3.0;0.0;0.0;0.0;0.0;0.0;1.0;0.0;1.0;3.0;0.0;0.0;0.0;1.0;0.0;2.0;2.0;4.0;1.0;0.0;0.0;0.0;1.0;0.0;0.0;0.0;0.0;0.0;0.0;1.0;0.0;0.0;1.0;1.0;1.0;3.0;0.0;0.0;1.0;2.0;4.0;1.0;2.0;0.0;1.0;0.0;2.0;0.0;0.0;0.0;0.0;0.0
piace;0.0;0.0;0.0;0.0;0.0;2.0;0.0;0.0;0.0;0.0;0.0;2.0;1.0;3.0;0.0;0.0;0.0;1.0;0.0;6.0;2.0;6.0;0.0;0.0;0.0;0.0;0.0;2.0;3.0;3.0;2.0;1.0;0.0;0.0;5.0;1.0;1.0;7.0;2.0;0.0;0.0;0.0;3.0;1.0;0.0;1.0;4.0;0.0;0.0;0.0;1.0;6.0;0.0;0.0;3.0;2.0;0.0;0.0;0.0;0.0;1.0;1.0;0.0;0.0;0.0;0.0;0.0;1.0;0.0;2.0;1.0;2.0;6.0;1.0;3.0;3.0;2.0;3.0;4.0;3.0;1.0;0.0;1.0;1.0;0.0;0.0;0.0;0.0;0.0
promess;0.0;0.0;0.0;0.0;0.0;0.0;5.0;0.0;0.0;0.0;0.0;1.0;0.0;1.0;1.0;1.0;0.0;0.0;0.0;1.0;4.0;2.0;3.0;0.0;0.0;0.0;1.0;4.0;0.0;3.0;1.0;1.0;0.0;0.0;1.0;2.0;1.0;0.0;3.0;16.0;2.0;0.0;0.0;5.0;5.0;2.0;2.0;2.0;0.0;0.0;1.0;3.0;0.0;3.0;8.0;2.0;0.0;2.0;0.0;0.0;0.0;0.0;0.0;0.0;0.0;0.0;0.0;0.0;0.0;0.0;0.0;5.0;3.0;1.0;2.0;2.0;5.0;2.0;3.0;1.0;0.0;1.0;3.0;1.0;3.0;0.0;0.0;0.0;0.0
person;0.0;0.0;0.0;0.0;2.0;9.0;2.0;5.0;1.0;0.0;0.0;5.0;1.0;8.0;7.0;1.0;2.0;0.0;4.0;3.0;2.0;14.0;5.0;2.0;2.0;0.0;2.0;9.0;8.0;6.0;5.0;5.0;1.0;0.0;5.0;0.0;6.0;6.0;8.0;4.0;0.0;1.0;1.0;3.0;6.0;11.0;7.0;0.0;1.0;0.0;3.0;13.0;12.0;11.0;11.0;7.0;1.0;1.0;0.0;4.0;4.0;1.0;2.0;1.0;2.0;1.0;0.0;6.0;3.0;2.0;2.0;11.0;5.0;2.0;11.0;15.0;12.0;11.0;8.0;6.0;2.0;0.0;5.0;3.0;5.0;0.0;0.0;0.0;0.0
leolucaorland;0.0;0.0;0.0;0.0;0.0;2.0;7.0;4.0;0.0;0.0;2.0;1.0;2.0;1.0;0.0;4.0;0.0;0.0;5.0;9.0;4.0;2.0;4.0;3.0;0.0;0.0;2.0;1.0;1.0;5.0;11.0;1.0;4.0;0.0;9.0;2.0;0.0;2.0;5.0;5.0;0.0;0.0;4.0;1.0;0.0;7.0;3.0;2.0;0.0;1.0;1.0;3.0;6.0;0.0;2.0;10.0;0.0;0.0;0.0;1.0;2.0;3.0;5.0;5.0;0.0;0.0;2.0;1.0;5.0;3.0;1.0;3.0;1.0;0.0;7.0;2.0;3.0;6.0;3.0;1.0;1.0;2.0;2.0;0.0;0.0;0.0;0.0;0.0;0.0
alcun;0.0;0.0;0.0;0.0;0.0;1.0;5.0;0.0;0.0;0.0;1.0;1.0;4.0;2.0;1.0;0.0;0.0;0.0;1.0;1.0;2.0;3.0;1.0;1.0;0.0;0.0;0.0;1.0;1.0;5.0;3.0;1.0;0.0;0.0;3.0;0.0;2.0;1.0;3.0;0.0;0.0;0.0;1.0;2.0;4.0;3.0;6.0;2.0;0.0;0.0;1.0;0.0;1.0;0.0;1.0;0.0;0.0;0.0;0.0;1.0;1.0;1.0;1.0;1.0;0.0;0.0;0.0;2.0;4.0;1.0;2.0;6.0;2.0;0.0;3.0;5.0;2.0;1.0;1.0;0.0;0.0;0.0;0.0;2.0;1.0;0.0;0.0;0.0;0.0
scusi;0.0;0.0;0.0;0.0;0.0;0.0;1.0;0.0;0.0;0.0;1.0;0.0;1.0;0.0;1.0;2.0;0.0;0.0;0.0;1.0;0.0;1.0;3.0;2.0;0.0;0.0;4.0;0.0;1.0;2.0;3.0;4.0;1.0;0.0;0.0;2.0;2.0;1.0;0.0;2.0;0.0;0.0;0.0;1.0;1.0;0.0;1.0;0.0;0.0;1.0;2.0;1.0;1.0;1.0;3.0;0.0;0.0;0.0;1.0;0.0;0.0;0.0;0.0;0.0;0.0;0.0;0.0;0.0;1.0;0.0;0.0;1.0;4.0;0.0;1.0;1.0;1.0;1.0;3.0;1.0;0.0;0.0;0.0;2.0;2.0;0.0;0.0;0.0;0.0
vediam;0.0;0.0;0.0;0.0;0.0;2.0;0.0;0.0;0.0;0.0;0.0;0.0;2.0;0.0;2.0;0.0;0.0;0.0;2.0;1.0;2.0;1.0;0.0;2.0;0.0;0.0;1.0;1.0;2.0;1.0;5.0;0.0;0.0;0.0;2.0;2.0;2.0;1.0;3.0;0.0;0.0;0.0;2.0;0.0;2.0;2.0;0.0;0.0;0.0;0.0;3.0;2.0;7.0;4.0;0.0;1.0;0.0;0.0;0.0;1.0;0.0;0.0;0.0;1.0;0.0;0.0;0.0;1.0;1.0;0.0;1.0;4.0;9.0;1.0;8.0;6.0;5.0;6.0;2.0;0.0;0.0;0.0;1.0;1.0;0.0;0.0;0.0;0.0;0.0
sondagg;0.0;0.0;0.0;0.0;0.0;2.0;1.0;0.0;0.0;0.0;1.0;0.0;4.0;0.0;1.0;1.0;1.0;0.0;0.0;10.0;4.0;3.0;2.0;0.0;0.0;0.0;0.0;0.0;0.0;1.0;4.0;2.0;0.0;0.0;0.0;3.0;1.0;0.0;1.0;0.0;0.0;0.0;0.0;6.0;3.0;0.0;1.0;0.0;0.0;1.0;0.0;6.0;1.0;0.0;3.0;1.0;0.0;0.0;0.0;3.0;0.0;0.0;0.0;1.0;0.0;0.0;0.0;0.0;0.0;0.0;5.0;2.0;0.0;0.0;2.0;0.0;2.0;0.0;0.0;0.0;0.0;0.0;0.0;0.0;0.0;0.0;0.0;0.0;0.0
present;0.0;0.0;0.0;0.0;2.0;3.0;2.0;0.0;0.0;0.0;1.0;2.0;1.0;5.0;0.0;0.0;0.0;0.0;0.0;0.0;0.0;6.0;1.0;0.0;2.0;0.0;0.0;2.0;1.0;4.0;0.0;0.0;0.0;0.0;3.0;1.0;0.0;5.0;2.0;0.0;0.0;0.0;0.0;2.0;0.0;2.0;1.0;5.0;0.0;0.0;2.0;1.0;1.0;1.0;2.0;2.0;1.0;0.0;0.0;1.0;0.0;1.0;0.0;0.0;0.0;0.0;0.0;0.0;2.0;1.0;1.0;1.0;2.0;0.0;0.0;2.0;0.0;2.0;0.0;2.0;0.0;0.0;0.0;0.0;2.0;0.0;0.0;0.0;0.0
no;0.0;0.0;0.0;0.0;24.0;137.0;76.0;29.0;12.0;2.0;27.0;93.0;76.0;72.0;58.0;29.0;4.0;1.0;31.0;113.0;71.0;94.0;71.0;24.0;7.0;1.0;36.0;50.0;52.0;98.0;106.0;54.0;12.0;5.0;33.0;69.0;70.0;88.0;79.0;35.0;13.0;5.0;36.0;94.0;96.0;80.0;86.0;40.0;7.0;2.0;46.0;77.0;98.0;102.0;148.0;81.0;5.0;3.0;30.0;55.0;44.0;35.0;32.0;40.0;2.0;2.0;20.0;113.0;69.0;56.0;48.0;131.0;86.0;20.0;89.0;86.0;74.0;67.0;57.0;37.0;8.0;4.0;18.0;43.0;32.0;0.0;0.0;0.0;0.0
costituzional;0.0;0.0;0.0;0.0;0.0;5.0;4.0;0.0;1.0;0.0;6.0;12.0;9.0;14.0;3.0;1.0;0.0;0.0;3.0;4.0;5.0;5.0;1.0;4.0;0.0;0.0;1.0;2.0;7.0;8.0;7.0;4.0;2.0;0.0;1.0;5.0;6.0;8.0;5.0;3.0;0.0;0.0;2.0;8.0;10.0;7.0;7.0;2.0;1.0;0.0;2.0;1.0;4.0;6.0;5.0;6.0;0.0;0.0;0.0;4.0;2.0;1.0;0.0;1.0;0.0;0.0;1.0;4.0;1.0;0.0;0.0;4.0;4.0;0.0;3.0;8.0;3.0;6.0;4.0;2.0;0.0;0.0;0.0;2.0;1.0;0.0;0.0;0.0;0.0
comitatodeln;0.0;0.0;0.0;0.0;0.0;0.0;0.0;1.0;1.0;0.0;2.0;4.0;0.0;2.0;0.0;0.0;1.0;0.0;1.0;0.0;0.0;1.0;2.0;0.0;1.0;1.0;1.0;0.0;2.0;1.0;6.0;0.0;0.0;0.0;0.0;6.0;11.0;1.0;2.0;1.0;0.0;0.0;1.0;5.0;5.0;5.0;6.0;1.0;0.0;0.0;2.0;8.0;4.0;1.0;18.0;2.0;0.0;0.0;5.0;2.0;6.0;3.0;5.0;6.0;1.0;0.0;1.0;1.0;5.0;1.0;5.0;5.0;1.0;0.0;1.0;4.0;0.0;0.0;0.0;0.0;0.0;0.0;0.0;0.0;0.0;0.0;0.0;0.0;0.0
prend;0.0;0.0;0.0;0.0;0.0;2.0;1.0;0.0;0.0;0.0;0.0;2.0;0.0;1.0;2.0;0.0;2.0;0.0;0.0;2.0;2.0;2.0;1.0;0.0;0.0;0.0;0.0;0.0;2.0;3.0;6.0;2.0;0.0;0.0;0.0;1.0;0.0;2.0;2.0;3.0;2.0;0.0;1.0;2.0;3.0;3.0;4.0;1.0;0.0;0.0;2.0;2.0;2.0;1.0;3.0;2.0;0.0;0.0;1.0;1.0;2.0;0.0;1.0;1.0;0.0;0.0;1.0;0.0;0.0;0.0;1.0;6.0;5.0;0.0;3.0;8.0;7.0;7.0;5.0;1.0;0.0;0.0;1.0;1.0;2.0;0.0;0.0;0.0;0.0
continu;0.0;0.0;0.0;0.0;0.0;2.0;2.0;2.0;0.0;0.0;1.0;0.0;4.0;3.0;2.0;1.0;0.0;0.0;1.0;0.0;3.0;1.0;2.0;2.0;0.0;0.0;2.0;1.0;10.0;7.0;4.0;3.0;0.0;0.0;2.0;5.0;5.0;3.0;1.0;2.0;1.0;0.0;4.0;5.0;2.0;4.0;5.0;0.0;0.0;0.0;1.0;2.0;3.0;5.0;3.0;2.0;0.0;0.0;0.0;1.0;0.0;2.0;1.0;3.0;0.0;0.0;1.0;3.0;3.0;3.0;2.0;5.0;5.0;2.0;3.0;5.0;6.0;2.0;7.0;3.0;1.0;1.0;1.0;1.0;4.0;0.0;0.0;0.0;0.0
mfedrig;0.0;0.0;0.0;0.0;0.0;0.0;0.0;0.0;0.0;0.0;0.0;0.0;0.0;1.0;1.0;2.0;0.0;0.0;1.0;0.0;2.0;20.0;1.0;0.0;0.0;1.0;0.0;0.0;2.0;2.0;0.0;0.0;0.0;0.0;9.0;1.0;1.0;2.0;2.0;3.0;0.0;0.0;3.0;2.0;2.0;0.0;2.0;0.0;0.0;0.0;0.0;0.0;1.0;0.0;16.0;1.0;0.0;0.0;1.0;1.0;0.0;0.0;0.0;5.0;0.0;1.0;8.0;5.0;2.0;9.0;4.0;4.0;1.0;1.0;9.0;3.0;5.0;0.0;1.0;0.0;1.0;0.0;2.0;0.0;0.0;0.0;0.0;0.0;0.0
posson;0.0;0.0;0.0;0.0;0.0;1.0;3.0;0.0;0.0;0.0;0.0;0.0;0.0;4.0;7.0;1.0;0.0;0.0;2.0;2.0;1.0;1.0;3.0;0.0;0.0;0.0;1.0;0.0;5.0;3.0;3.0;2.0;0.0;0.0;1.0;0.0;6.0;1.0;4.0;1.0;0.0;0.0;1.0;0.0;2.0;3.0;17.0;3.0;0.0;0.0;0.0;1.0;5.0;0.0;2.0;0.0;0.0;0.0;1.0;1.0;0.0;0.0;1.0;2.0;2.0;0.0;1.0;2.0;0.0;2.0;0.0;2.0;1.0;0.0;5.0;4.0;2.0;2.0;1.0;1.0;0.0;0.0;1.0;1.0;0.0;0.0;0.0;0.0;0.0
giustiz;0.0;0.0;0.0;0.0;0.0;2.0;0.0;0.0;0.0;0.0;0.0;0.0;1.0;1.0;0.0;0.0;1.0;0.0;1.0;0.0;8.0;0.0;0.0;3.0;0.0;0.0;0.0;1.0;1.0;2.0;1.0;3.0;0.0;0.0;1.0;0.0;0.0;0.0;1.0;3.0;0.0;0.0;2.0;8.0;1.0;0.0;2.0;0.0;0.0;0.0;1.0;0.0;6.0;0.0;0.0;4.0;0.0;0.0;0.0;1.0;0.0;0.0;0.0;0.0;0.0;0.0;0.0;0.0;3.0;1.0;0.0;2.0;1.0;0.0;0.0;1.0;1.0;1.0;2.0;0.0;0.0;0.0;0.0;0.0;0.0;0.0;0.0;0.0;0.0
balle;0.0;0.0;0.0;0.0;0.0;1.0;2.0;0.0;0.0;0.0;0.0;1.0;4.0;2.0;0.0;1.0;0.0;0.0;0.0;1.0;2.0;1.0;1.0;6.0;0.0;0.0;4.0;0.0;2.0;2.0;2.0;1.0;1.0;0.0;0.0;0.0;4.0;1.0;1.0;1.0;1.0;1.0;5.0;3.0;2.0;4.0;2.0;1.0;0.0;0.0;1.0;2.0;1.0;2.0;3.0;0.0;0.0;0.0;1.0;2.0;1.0;0.0;2.0;1.0;1.0;0.0;0.0;0.0;1.0;0.0;1.0;2.0;1.0;0.0;3.0;1.0;4.0;0.0;0.0;1.0;0.0;0.0;0.0;0.0;0.0;0.0;0.0;0.0;0.0
mese;0.0;0.0;0.0;0.0;0.0;2.0;0.0;0.0;0.0;0.0;0.0;3.0;2.0;2.0;0.0;0.0;0.0;0.0;1.0;2.0;3.0;1.0;1.0;2.0;0.0;0.0;2.0;2.0;0.0;2.0;2.0;1.0;0.0;0.0;1.0;1.0;2.0;2.0;1.0;0.0;0.0;0.0;0.0;3.0;2.0;2.0;3.0;1.0;0.0;0.0;0.0;0.0;1.0;2.0;3.0;0.0;0.0;0.0;1.0;1.0;2.0;1.0;2.0;0.0;0.0;0.0;0.0;0.0;0.0;1.0;0.0;2.0;1.0;1.0;1.0;0.0;1.0;1.0;1.0;0.0;0.0;0.0;0.0;0.0;0.0;0.0;0.0;0.0;0.0
alemannotw;0.0;0.0;0.0;0.0;0.0;0.0;0.0;0.0;0.0;0.0;0.0;0.0;1.0;3.0;1.0;0.0;0.0;0.0;4.0;6.0;2.0;9.0;9.0;0.0;0.0;0.0;3.0;1.0;4.0;0.0;0.0;1.0;0.0;0.0;1.0;2.0;0.0;5.0;19.0;4.0;1.0;0.0;2.0;3.0;3.0;4.0;5.0;1.0;0.0;0.0;1.0;5.0;1.0;3.0;1.0;0.0;0.0;0.0;0.0;0.0;0.0;0.0;0.0;3.0;0.0;0.0;0.0;0.0;3.0;10.0;1.0;29.0;4.0;2.0;3.0;1.0;5.0;8.0;0.0;1.0;0.0;0.0;0.0;1.0;3.0;0.0;0.0;0.0;0.0
chied;0.0;0.0;0.0;0.0;1.0;4.0;4.0;2.0;0.0;0.0;2.0;0.0;0.0;1.0;2.0;0.0;0.0;0.0;1.0;0.0;6.0;4.0;1.0;2.0;0.0;0.0;2.0;1.0;3.0;4.0;3.0;1.0;1.0;0.0;1.0;3.0;3.0;3.0;3.0;0.0;0.0;0.0;1.0;5.0;2.0;3.0;6.0;3.0;0.0;0.0;2.0;4.0;0.0;5.0;4.0;1.0;0.0;0.0;0.0;1.0;2.0;0.0;0.0;0.0;1.0;0.0;0.0;1.0;0.0;1.0;2.0;2.0;6.0;1.0;1.0;2.0;4.0;4.0;5.0;4.0;0.0;0.0;3.0;6.0;4.0;0.0;0.0;0.0;0.0
dopo;0.0;0.0;0.0;0.0;2.0;10.0;6.0;4.0;1.0;1.0;5.0;9.0;11.0;9.0;9.0;8.0;1.0;1.0;9.0;9.0;10.0;7.0;8.0;10.0;2.0;0.0;9.0;3.0;10.0;10.0;10.0;7.0;3.0;0.0;6.0;11.0;10.0;14.0;17.0;10.0;1.0;1.0;4.0;9.0;14.0;14.0;14.0;5.0;2.0;1.0;9.0;9.0;13.0;12.0;16.0;8.0;0.0;0.0;3.0;11.0;16.0;1.0;3.0;3.0;1.0;1.0;0.0;4.0;9.0;2.0;7.0;30.0;13.0;1.0;16.0;20.0;18.0;19.0;17.0;7.0;1.0;1.0;8.0;6.0;6.0;0.0;0.0;0.0;0.0
social;0.0;0.0;0.0;0.0;0.0;3.0;1.0;1.0;0.0;0.0;0.0;0.0;1.0;0.0;0.0;1.0;0.0;0.0;1.0;1.0;0.0;4.0;1.0;1.0;0.0;0.0;1.0;0.0;2.0;1.0;0.0;0.0;0.0;0.0;0.0;0.0;1.0;1.0;3.0;3.0;0.0;0.0;3.0;0.0;3.0;1.0;3.0;2.0;0.0;0.0;2.0;0.0;0.0;0.0;2.0;3.0;0.0;0.0;1.0;3.0;1.0;0.0;1.0;0.0;0.0;0.0;1.0;0.0;0.0;1.0;2.0;0.0;1.0;0.0;2.0;1.0;0.0;1.0;3.0;3.0;0.0;0.0;0.0;1.0;2.0;0.0;0.0;0.0;0.0
cittadin;0.0;0.0;0.0;0.0;2.0;20.0;8.0;1.0;1.0;0.0;2.0;8.0;4.0;7.0;10.0;2.0;0.0;0.0;3.0;15.0;16.0;21.0;6.0;11.0;1.0;0.0;5.0;6.0;5.0;11.0;14.0;5.0;3.0;0.0;5.0;13.0;31.0;29.0;9.0;3.0;0.0;0.0;5.0;23.0;18.0;11.0;12.0;3.0;1.0;1.0;3.0;6.0;11.0;4.0;6.0;6.0;1.0;0.0;1.0;3.0;7.0;1.0;2.0;1.0;0.0;0.0;2.0;2.0;7.0;4.0;3.0;10.0;18.0;0.0;10.0;9.0;17.0;7.0;6.0;8.0;0.0;0.0;2.0;6.0;3.0;0.0;0.0;0.0;0.0
fino;0.0;0.0;0.0;0.0;0.0;2.0;4.0;1.0;0.0;0.0;0.0;3.0;2.0;1.0;1.0;0.0;0.0;0.0;3.0;0.0;1.0;3.0;2.0;4.0;0.0;0.0;0.0;2.0;1.0;3.0;6.0;1.0;0.0;1.0;0.0;7.0;4.0;3.0;1.0;1.0;0.0;0.0;3.0;5.0;5.0;2.0;2.0;1.0;0.0;0.0;1.0;5.0;2.0;5.0;1.0;7.0;0.0;0.0;2.0;0.0;4.0;2.0;0.0;0.0;0.0;0.0;0.0;6.0;3.0;4.0;4.0;3.0;3.0;0.0;2.0;4.0;5.0;3.0;2.0;4.0;0.0;2.0;4.0;8.0;3.0;0.0;0.0;0.0;0.0
posso;0.0;0.0;0.0;0.0;0.0;1.0;0.0;1.0;1.0;0.0;0.0;0.0;3.0;1.0;2.0;0.0;0.0;0.0;1.0;2.0;3.0;1.0;1.0;3.0;0.0;0.0;0.0;1.0;2.0;2.0;2.0;0.0;0.0;0.0;1.0;2.0;4.0;2.0;0.0;2.0;0.0;0.0;0.0;1.0;1.0;1.0;3.0;0.0;0.0;0.0;1.0;3.0;1.0;1.0;0.0;1.0;0.0;0.0;0.0;0.0;1.0;2.0;1.0;0.0;0.0;0.0;1.0;1.0;1.0;0.0;3.0;3.0;5.0;0.0;0.0;1.0;3.0;0.0;4.0;2.0;0.0;0.0;0.0;0.0;3.0;0.0;0.0;0.0;0.0
due;0.0;0.0;0.0;0.0;2.0;6.0;4.0;1.0;0.0;0.0;5.0;1.0;3.0;7.0;2.0;2.0;0.0;0.0;1.0;2.0;3.0;6.0;8.0;2.0;0.0;0.0;0.0;2.0;3.0;3.0;6.0;2.0;2.0;0.0;1.0;8.0;6.0;6.0;7.0;3.0;0.0;0.0;3.0;7.0;5.0;4.0;6.0;4.0;1.0;0.0;5.0;8.0;7.0;6.0;6.0;4.0;3.0;0.0;1.0;2.0;3.0;1.0;2.0;1.0;0.0;0.0;2.0;3.0;0.0;5.0;5.0;6.0;10.0;0.0;8.0;8.0;12.0;9.0;6.0;8.0;0.0;0.0;3.0;5.0;3.0;0.0;0.0;0.0;0.0
danilotoninell;0.0;0.0;0.0;0.0;4.0;10.0;20.0;1.0;1.0;2.0;1.0;8.0;2.0;20.0;18.0;4.0;1.0;0.0;4.0;9.0;13.0;13.0;5.0;1.0;0.0;0.0;2.0;2.0;5.0;4.0;6.0;0.0;1.0;1.0;1.0;21.0;5.0;9.0;8.0;3.0;0.0;0.0;4.0;11.0;17.0;16.0;15.0;2.0;2.0;1.0;14.0;11.0;3.0;13.0;2.0;2.0;1.0;0.0;1.0;8.0;4.0;5.0;2.0;3.0;1.0;0.0;4.0;14.0;13.0;1.0;0.0;4.0;9.0;1.0;2.0;2.0;4.0;42.0;25.0;10.0;1.0;0.0;10.0;5.0;9.0;0.0;0.0;0.0;0.0
parlar;0.0;0.0;0.0;0.0;1.0;3.0;7.0;0.0;0.0;0.0;3.0;2.0;6.0;5.0;3.0;2.0;0.0;1.0;3.0;2.0;2.0;5.0;5.0;3.0;0.0;0.0;2.0;2.0;5.0;4.0;5.0;2.0;0.0;0.0;2.0;6.0;3.0;7.0;5.0;3.0;0.0;0.0;4.0;5.0;6.0;6.0;4.0;0.0;0.0;0.0;2.0;8.0;7.0;2.0;4.0;1.0;0.0;0.0;0.0;3.0;2.0;4.0;1.0;3.0;0.0;0.0;1.0;2.0;0.0;2.0;1.0;12.0;11.0;1.0;5.0;8.0;2.0;3.0;4.0;4.0;1.0;1.0;1.0;0.0;4.0;0.0;0.0;0.0;0.0
letto;0.0;0.0;0.0;0.0;2.0;1.0;0.0;0.0;1.0;0.0;2.0;2.0;1.0;1.0;0.0;0.0;0.0;0.0;1.0;0.0;0.0;0.0;2.0;1.0;0.0;0.0;0.0;0.0;0.0;1.0;0.0;1.0;0.0;0.0;1.0;0.0;0.0;2.0;2.0;1.0;1.0;0.0;0.0;2.0;2.0;1.0;2.0;2.0;0.0;1.0;1.0;2.0;1.0;2.0;3.0;1.0;0.0;0.0;0.0;1.0;1.0;1.0;0.0;0.0;0.0;0.0;0.0;0.0;1.0;0.0;0.0;1.0;1.0;0.0;2.0;0.0;0.0;2.0;1.0;1.0;0.0;0.0;0.0;0.0;2.0;0.0;0.0;0.0;0.0
unico;0.0;0.0;0.0;0.0;0.0;2.0;0.0;0.0;0.0;0.0;2.0;1.0;3.0;1.0;1.0;0.0;0.0;0.0;0.0;0.0;0.0;1.0;2.0;0.0;1.0;0.0;1.0;0.0;1.0;0.0;0.0;0.0;0.0;0.0;0.0;1.0;0.0;0.0;1.0;0.0;0.0;0.0;2.0;2.0;0.0;1.0;4.0;0.0;0.0;1.0;0.0;1.0;2.0;2.0;1.0;1.0;1.0;0.0;0.0;0.0;0.0;0.0;0.0;0.0;0.0;0.0;0.0;1.0;1.0;1.0;0.0;3.0;2.0;1.0;0.0;1.0;1.0;1.0;2.0;3.0;1.0;0.0;0.0;0.0;1.0;0.0;0.0;0.0;0.0
possiam;0.0;0.0;0.0;0.0;0.0;6.0;2.0;0.0;0.0;0.0;0.0;0.0;2.0;1.0;1.0;0.0;0.0;0.0;0.0;3.0;5.0;1.0;2.0;1.0;1.0;0.0;0.0;1.0;0.0;0.0;0.0;0.0;0.0;0.0;1.0;0.0;1.0;1.0;1.0;0.0;1.0;0.0;0.0;3.0;4.0;0.0;4.0;1.0;0.0;0.0;2.0;2.0;1.0;0.0;6.0;1.0;0.0;0.0;0.0;1.0;1.0;1.0;1.0;0.0;0.0;0.0;0.0;2.0;2.0;1.0;1.0;2.0;7.0;0.0;2.0;5.0;2.0;1.0;1.0;2.0;0.0;0.0;1.0;1.0;2.0;0.0;0.0;0.0;0.0
frittur;0.0;0.0;0.0;0.0;0.0;3.0;0.0;1.0;0.0;0.0;0.0;1.0;1.0;0.0;0.0;0.0;0.0;0.0;0.0;0.0;11.0;0.0;0.0;0.0;0.0;0.0;0.0;0.0;0.0;0.0;0.0;1.0;0.0;0.0;0.0;1.0;0.0;0.0;0.0;2.0;0.0;0.0;0.0;3.0;12.0;1.0;0.0;1.0;0.0;0.0;2.0;3.0;2.0;4.0;2.0;2.0;0.0;0.0;0.0;1.0;0.0;0.0;0.0;0.0;0.0;0.0;0.0;0.0;0.0;1.0;0.0;2.0;8.0;1.0;0.0;3.0;1.0;4.0;1.0;0.0;0.0;0.0;0.0;0.0;0.0;0.0;0.0;0.0;0.0
viene;0.0;0.0;0.0;0.0;0.0;3.0;1.0;0.0;1.0;1.0;3.0;2.0;2.0;0.0;1.0;1.0;0.0;0.0;0.0;0.0;1.0;1.0;1.0;1.0;0.0;0.0;1.0;2.0;5.0;2.0;3.0;2.0;1.0;0.0;0.0;2.0;3.0;7.0;6.0;2.0;0.0;0.0;0.0;1.0;0.0;2.0;9.0;6.0;1.0;0.0;1.0;2.0;5.0;2.0;2.0;1.0;0.0;0.0;1.0;0.0;1.0;0.0;0.0;0.0;0.0;0.0;0.0;2.0;2.0;0.0;2.0;4.0;1.0;1.0;4.0;2.0;6.0;4.0;2.0;4.0;0.0;0.0;0.0;1.0;0.0;0.0;0.0;0.0;0.0
front;0.0;0.0;0.0;0.0;1.0;1.0;0.0;0.0;0.0;0.0;0.0;0.0;3.0;4.0;2.0;0.0;0.0;0.0;0.0;0.0;2.0;4.0;0.0;5.0;1.0;0.0;0.0;0.0;2.0;0.0;0.0;3.0;0.0;0.0;1.0;4.0;2.0;1.0;0.0;2.0;0.0;0.0;0.0;4.0;0.0;0.0;1.0;0.0;1.0;0.0;1.0;2.0;0.0;0.0;2.0;1.0;0.0;0.0;1.0;4.0;0.0;0.0;0.0;0.0;0.0;0.0;0.0;3.0;0.0;0.0;3.0;6.0;6.0;2.0;1.0;3.0;0.0;3.0;0.0;1.0;0.0;0.0;0.0;0.0;0.0;0.0;0.0;0.0;0.0
