420656128
15178183
701046240788803584
73720086
485719283
416123085
2532257517
4867031578
392552289
1485090944
4184588655
2329178833
569817587
2320478792
429279647
382228161
10686632
831144326
801783651977613312
2856983111
489336103
965949824
785068214430666752
1367363988
1581362773
223288666
526761840
245493433
738366522209521664
2192427702
460176241
779685796936839168
495103388
418511087
593136453
3436666103
432304612
2480550906
453434150
97699315
2350347318
224699717
2366954805
326144852
239328870
141260866
146811114
297060762
418169027
763274024675897344
3402949349
3079419837
2415751118
895313262
546255035
524545909
802907146467868672
2242397585
418169040
2756379766
759717599328411648
728969931853828097
710520401735057409
944558094
2354953242
433789331
782574940478377984
2899612829
841517665
453821249
702214839045910539
529483712
906475094
159551952
350735540
452010658
833597947
767794621917323264
482028780
190964538
125804319
2625842403
297128407
437561974
758057400226185216
392933135
2871622477
254000967
3063738106
121286482
452913812
716469300295573506
842320472
970770866
789939794088456192
3686769617
757649527197339648
1142172775
326679309
728594389824622593
706446857803796480
4560441256
773553530296754176
295592416
1912361346
362992930
1283861509
3096539158
2734322301
1499347417
2437403087
3025401051
328020740
4632511637
2555881691
3121373825
137975991
1176131220
771388686319677440
3426491
82926718
139512031
1128760278
431692074
776739556745940992
56740850
2995773975
2258396676
44886581
2177411409
802249485325922305
755320994131247104
2792814315
584806981
1015741482
172249828
805550712843276288
373423842
774806549357355008
2788736669
371633792
522667905
1545110719
420647354
22598131
467577715
707269014200909826
1405789050
2193041926
990311348
793071301200113665
925087639
724962370880176128
767307970594140160
2335767424
925110174
702597457490927616
6820052
415832180
79211525
210822189
384220760
89161108
4851423724
407062660
2353634446
2596174452
152336863
517701142
521355230
2641812921
166449444
726444387123736577
804232472477233152
535496510
448402028
2301252082
307030677
263796576
292972975
399589131
1247099534
454173647
1307442482
428357975
798155169036898304
496043380
3309104602
1520493128
259401630
475763891
541360302
91585950
724952777240248320
728178382006005760
805086967742525440
570925801
1274972942
2416044272
398569269
3101569065
20373953
2582180114
510611092
2585219819
207023275
474291386
3091546437
435173619
404177172
23765103
805757298324946945
119522838
234339579
3319061722
42013583
24871028
973589256
418886119
2255386492
465732305
803269530147553280
73198927
216628732
2172768409
2338806398
805729955879538688
757836788949929984
1086749148
264978128
51061269
2340842151
730485660570812417
2275661440
1063284294
38196064
1068916382
492964938
478436781
1099026602
2392065983
445817762
782574373534392320
807579925
447923082
42378175
27660447
800430403584540672
4018122309
1551619392
2178160872
1228335115
2295234958
458605077
343362870
951867901
4772904255
59742924
188478072
1254394752
350404007
431411443
1337288432
419518532
2910002235
2770527339
33872718
388140649
2695313896
495756483
1044887318
2438848524
433426566
2428565909
143143391
361751767
2515438775
2883830458
3458373497
412670404
1137449617
1848219511
461560547
801060646699855872
1151170046
4878244774
2748304043
740006454246187012
710528801206345729
744880546728247297
2215404901
470889853
3146969855
2481748609
4689219091
707187085657174016
304085872
396547794
465048265
487914598
3022820703
789968486
1045188410
138772797
359443477
717321779904126976
754795288100044800
4659874881
2411949635
3248474141
1170295874
2825355747
1044303800
437635996
79502644
433754193
3059513296
2541739757
1058440837
752822927888875521
580422411
871346808
2318388149
2407829022
377389027
406909407
344954159
1517788118
289786081
727418955074293764
331049501
2744371765
738802756878733312
146506001
2365586773
29173778
35804051
303365029
518549338
2265525949
1089229140
624096392
351137105
526855898
2898840951
87649529
1002084986
422107369
410206647
805717986103410689
3053233209
100702150
2783546414
697913625516843008
2365603015
955289912
464659065
797805423122350081
2228600094
623813859
257046146
940908996
3547216575
51604161
794517122
792123038439530496
742754767500349441
1314549691
852675379
6443392
1385372534
735175269695115266
2560586103
2914286685
197370410
418531608
801490262275092480
789223163305615360
3036050715
1104562232
2871007953
233489435
2780267589
1586026363
3515068534
493278355
787182731453140992
2234131669
405662253
394780039
2807459157
2575324037
1594184960
384236782
2813922736
3413873009
3169533665
1188832464
772136635928633344
120427808
794302419203215371
793095709495062528
4864383970
1090118378
955568864
532463016
847108200
2322610277
2654757931
783278969294553088
424536919
2871517500
63119832
803974869415292929
2385447985
394620314
884424342
1635582812
1397559662
704911394
1214739008
2280807893
1876958665
148845301
416928501
7111232
298191851
3700502176
413364881
1518874812
854329560
3030847123
2798863589
1258895678
2351805974
2295866084
1163888480
2760677068
742048419208925184
2613948811
413002453
1896618822
97306503
140810792
780133788001112066
587671882
553765708
2398143679
28433379
1676620219
57444664
806115947312517120
722514964095889408
1167196104
752010888
1575366588
411548379
793765541848682496
728568113847996417
418814614
754694678314901504
1066757623
602802570
431438801
2361407142
2199548284
771404187074699264
81075901
44105930
2434012031
148032190
4856265497
3253240709
2574291743
115350671
799611304101167104
569189279
1086700214
3372243827
3613367595
749836451785867264
452225155
4039568062
62785991
77207264
3819579856
2231318146
2987534445
4868432043
226627338
712391983541723137
785058148650450944
805589025155411968
423519154
356050856
1528603020
723077115428499456
1047909607
707247204067627008
2447213385
