70951142
3004185915
2249221297
2525039696
2767073855
2896572294
125570941
2523336293
1089499380
2430808297
817379509
187419451
353160476
146798765
287334707
1179455066
2351850546
479804548
3176594760
4016361339
964764067
729301866555805699
490790247
781774392262955008
425154943
456508187
573049351
38873697
541061131
2289645645
82072785
3435148533
2352305154
2657797725
3295067231
623027480
347163786
1372078580
419443005
776388048561078272
2413125525
384104103
987120272
789075138193088512
361268701
801152682702622720
1096235264
2243345902
3131529981
2834034868
3310355760
1368152558
538566780
2296705165
754719889
625802529
342332426
418269313
539721796
617532607
768815150837145600
435419527
1022117018
60898263
286544227
2981519823
254998344
408766685
1215629552
801092954454683650
327334660
532909892
1010807990
1170199861
62004025
4188604709
182745707
3065904687
1642789244
796058021784879104
784661950286405632
397276980
6138052
22901191
324262863
851233315
1679375545
1531397095
2970225064
738613686596554752
2767422555
2852272811
170662528
273051883
1924350494
2762114060
71193744
1148230849
3342653327
491156990
779077333
1355366514
3012254517
2529236481
1103450372
572936933
81230879
432832773
113714702
787001238579740672
801747385949028354
1001956213
2931926547
71500951
1867212703
2264872490
3361200257
1710210360
3654048027
590296051
238501588
766995488025436160
1395477444
3234201647
707218166250864640
402995433
757989565600858112
63978273
318661130
537442556
3094759553
431976775
322540485
4227664641
318030346
252565001
204791100
2973007930
2367130649
463118989
1932186163
81335749
1219977643
789589519
772569713268359169
3320655053
2985859289
435935449
93197485
314059678
1947835710
618929613
602704576
14967240
756480048958406656
520291889
1662108194
780100421536849920
614540697
197374715
541178236
2992145253
744711517
2166843416
2565896626
1480106364
791309619478032384
797136442774450176
365065358
296528124
593582642
2919268179
805803948686852096
1859667852
4007831482
1006432927
1635205140
2228571569
427735067
3347451616
981599204
611597594
1346574637
3398794235
3326316339
410808584
3317634244
2870641254
1269486295
3233888700
1932231254
2174187752
2517639023
320725662
507697095
425898221
1427377284
109578008
3722853495
441623488
2862555916
2230570336
4773242133
372344749
2908032201
371160962
1264214780
4155749909
2356790750
1444734901
331684462
1028662526
3980123284
440345487
993159811
745004825738346496
424388863
1013093844
2241274927
88257786
446122798
2752943530
2280644179
696473558990614528
749369737080176640
708581628201844736
402670015
270418337
805398832926388226
2467961561
4848941248
394014388
2197175103
607981040
1968518298
712723654111588353
1876846094
45439845
319699679
543377842
1434279086
526710455
3833171361
1022123316
631465083
2666051378
2439338175
2328728342
56959678
242382767
723554251612499968
3490660817
45314925
422951125
436671461
15692032
1251089251
482958648
743168926893350913
725983920
781483367434969088
33228802
595001996
4850581731
1435611025
312846503
1219848883
96563143
428446593
370342943
1578224641
718376903099432961
1016043164
80836295
212962983
291902330
413235901
163595230
2268685606
39608445
242922585
776138045682806784
2879472009
585883841
4459906041
68943414
46928097
755286164731490305
711299618219364354
2242729885
515548298
765879972464656385
469273038
405426716
4200779861
1713220644
1231622995
730060281670447104
3367934717
717762449886355456
9650902
3303278242
2518901866
778703906356330496
805010128017756160
416348802
474002963
2546064788
740614837647093761
1389805699
2726719697
2903545671
1328616810
2390043691
4157934987
783330667258142721
485101194
4827481564
198977983
942291529
2313296774
48461963
587805027
3326012500
240753714
442212404
843573301
3962676802
607659598
777919508250030080
756071598730477570
1015406335
1369768926
3201479849
257156397
716591970106417152
797081173516292096
112981049
2376140579
3853195053
1163339742
802183609822146560
1045531866
549605964
1227045804
554333061
803329186618281984
796237284
402140522
119006593
522567091
530990399
793749599899058176
2610299144
381443107
186579391
3394261233
1643119441
109083682
2173707058
407816941
2348783962
711229634
82636356
2778824457
422220675
719987714448355330
2570849169
827245560
1168160534
1044233354
536941243
1371763459
321313255
857715163
323428736
791301361128333313
455700963
783232466156920832
2158195314
3130622027
795675927363645441
262634878
471445189
4743284837
2304228233
2355023489
22025138
3613300157
2401418695
1116084320
172382368
374592692
95385414
3067642931
2180838160
845764760
73242287
3384474441
534410540
731863278062829569
481287765
1876700449
2402581961
1699274312
147551178
3354137837
317348328
805557438669869057
388144170
105538883
337377041
497880739
562168466
745784576719589377
1039429350
2365607444
805692881054953476
2780485292
114539972
4706663313
3145265249
199923959
2179652340
585892339
795413094306578432
237878540
1616122736
800339370129559552
3448215203
2719566132
711170604486029312
437807413
1038366410
1107010261
397997207
770272591814750208
22063717
2927207759
372280583
2573757023
420852268
452174282
257188974
451279327
2178104040
427766337
356923000
472813329
391486485
418493362
17674830
805145682063589380
184390072
4883535952
439034220
3141830668
283450285
414354427
2496989087
326774832
253135962
465631373
118905925
804991669972176896
1080986425
1350769627
736680442624086017
2791419194
799185920939401217
705303424951324672
496881403
3201928624
124576769
4882567287
469516428
483057595
706711917
96327375
483258299
240317733
100746621
3129948658
790663292150743041
1111810363
451473769
1225720460
93947421
3971921722
407860171
376610294
560046823
728295648
2351775654
83631984
805714384664350722
4588321522
369728921
119067790
38693336
