2898075617
499128183
836271002
710498404531630080
2361360169
396756630
147543162
283636579
3357308483
4405643841
711299618219364354
1062583370
324262863
2951279819
3385105642
4098447160
1829960281
773183546966048768
1344131071
716591970106417152
962612156
4474043243
2192271144
766066296618414081
705813420973621248
557827565
19067940
3347934334
723094218734862336
2977934441
2150969605
203005397
4204326923
703927942192173056
113075421
776553725603307524
3368018859
164780237
1623140270
3074122662
711250614995558400
1229121186
85136516
1960868090
14108472
1444286834
3031672891
2511415512
582622919
797136442774450176
785089989692493824
2984198033
2153812941
704968903622008832
141529750
796970107503251456
332885533
734074574275514368
4133217027
1412500075
20430345
600136789
499227001
1372461787
1120206308
532222780
1368152558
547050389
1223037354
26982622
3043362960
471428838
1063332403
768783082736455680
289400495
242071863
3527260401
3342531046
2921447206
932478324
19392607
700817890497310720
396564186
708997585139318784
1354935949
481929883
325165914
3332448431
3124079014
541147498
2482305961
2527780688
2716446892
2904967810
58453980
2436608759
3448617916
3119071163
1316630180
1176618985
475248885
756085177709916161
413217587
1028662526
37631819
3613181357
3957645843
1530798872
757989565600858112
3398643791
1238622974
1978729974
2432208854
3165299303
35298549
1464788840
2501851306
2951587293
1379254362
2281936099
326226399
2221331701
433293009
1119665262
70951142
270839361
56674519
2588246800
194275021
721338196639014912
3290984981
307278565
3368385652
441651345
281884852
567159863
3138188655
443187387
2221404476
89212874
1919132101
2221319742
2163227033
2442517233
2427311741
2376999356
369728921
602903174
3038103838
2342517254
409448246
20910977
409500620
561473002
483384295
122014351
318549168
1655636611
87467449
4863618933
2889852755
3338622107
503303414
564148431
2562814182
1725558426
2207172466
2237096859
783740138660700160
413916151
932376896
2431061097
266700017
460275730
476812303
2241274927
775632857993797633
4714030515
732773769824047104
2332571271
963073442
775299421705732097
283080198
775301877512675328
2190915769
1024976264
1715119512
22834067
4243675906
759428777793429505
590188450
760806683564240896
1911991346
123920914
407685967
2403776046
3356485570
3107574627
581801913
943625054
334321591
372273460
716911634871160832
130822947
314059678
883065655
437533038
1492509740
173925687
776003975921401862
104485125
708429391
2385290202
418221631
493854798
1951828382
2967886673
467389922
3937406775
522457817
331005596
133373778
2511962844
303219287
186399539
194972957
101573147
1283446118
3345161205
566888485
3320655053
391620881
1256727248
448998373
4702970784
2858584827
379256309
236565724
2178104040
28528873
359454995
3322620622
465390684
1065387764
3432995584
3299546625
2447574735
1021541239
3860196976
1382206622
2463100707
2995507655
4105925825
354901534
495277374
467573735
765647763442896896
1130420497
566540382
759712744044056577
2371137846
2920005634
558591392
978488840
3332411590
955314738
778321813
3019629387
702128508835860480
1566553698
1489965936
1303711453
199923959
784500022410969088
3309946937
2679377412
775294620259483648
1183179234
2221331347
789866400332611584
47626792
765965375792148480
605614784
1474185410
1079126036
337171830
1111297184
1394277882
228010525
960924277
1521671185
784105196070854657
723554251612499968
2221318495
123235814
3094312457
513497583
934197043
704779333307650048
632742781
4182142288
369749865
845781758
791583592799404032
1037692622
3200053252
717452216840429569
2154746892
405443137
2424020059
967124340
2644998883
310195119
535447658
257499288
1307016348
2786595941
1105814539
1045573032
753519234710376449
422340734
270623814
2635714649
1360232480
197056224
306180757
1405748826
4864664511
2155070496
965239081
488339106
608063632
745339531566661632
455700963
267174899
13680802
2731197053
2517301839
2530314205
122497273
298502247
406880559
3082802711
443193400
33521233
4824031401
418028983
1084193910
422502823
142807042
587805027
730034081698877443
3313351684
3225190005
634434387
37507247
767783947220713472
3094278383
78567974
2331718804
899952481
1101913508
1116671611
3471435689
343239720
51522357
440691898
44948272
1179962942
2656984642
405498561
1627031726
2224962167
717334646405611525
1471608194
1283811182
781954997806370822
156316785
134206590
3426670696
1225509780
2831366043
452226860
3176594760
4705505042
2509301951
570833587
694638444807610368
516802751
2496989087
228051072
440247035
1369005530
258861907
213616021
541670926
585968039
272382855
1583259805
107517248
170781140
717319878542245888
98732981
1222888213
766644219930873860
277460126
714382420
447439107
4160203479
761303645518499840
855410450
753290282020511744
356975403
1478297786
345535835
410808584
334337968
3145265249
2234822984
545448505
2464828514
313331114
1368850908
3223932303
332921113
1339529246
1962674090
454142762
2282469222
1357198874
875178422
480645077
1857528240
425686235
701059824520396800
1117558933
161740961
160011017
1433806334
3806382809
144210805
1160278561
706067859550695426
4372999402
1045330356
3064824634
2651374166
541527026
710044495748927488
1640766590
2714596672
1679375545
2909929737
780089815786283008
911094367
410910327
460611317
169387991
4187567045
3018290121
914574283
4775882567
51752772
4845999597
131292189
382238648
507792558
250774432
3318421203
1174274426
3823074077
504631659
4188671596
337155946
1638278257
920435114
357464260
257709473
2182403667
634999260
1898454535
1260171894
247726328
1704854190
2318610186
492688472
3168011729
434839840
1228391671
139188966
1035238824
1015870262
3381325839
2328166991
1488338479
1376730776
1413220182
568377117
494475884
13065292
2352305154
1327241030
298123237
351555225
2797539111
503199826
1394582718
304467533
1325348036
4726174575
1193780617
2349895098
999371760
1221995204
312666968
104762476
3303871432
407194493
1088806153
3239016405
253262674
778753237721706496
2351601439
2359448190
2870220975
4909543941
38032906
465631373
794234183128322049
1055931559
2341083257
589286587
209891777
957427112
1043011003
535318339
1110202813
4867831151
228249426
599940695
170747137
2902922074
1089615589
109578008
3103748006
539150646
2282030010
1319275574
6827962
4130639901
708425080645279745
2877804497
1890326197
761237376601563136
754269921949937665
405170821
2999932538
402048742
1266649207
2195622679
1057930387
225105585
2351775654
974102796
513144334
1933284714
4446307913
478647183
732317340092780545
1071492246
3332720836
1843782967
322933929
1858061390
2603850468
607112247
57358236
3931969841
1540142966
9808092
2206083227
473107684
2380592546
970705082
253714436
1566023431
2959917485
9940892
1420443511
2472017715
792729282544013312
1262566346
434752212
2312169774
3028809503
584022845
3662356395
126970118
455266241
1472290938
202220952
2940999287
3053723635
2267806358
56341776
2919241120
1926324451
209007993
313514631
1051114320
712430076311314433
4112673143
1588323260
989695621
438385480
1224387126
2300311050
1918247922
27992407
4893370455
2675356905
1888044751
796311583077044225
2594867485
708276706
3360251476
39240661
1338839544
1324201430
1063955917
362550965
1666144496
2888026811
870647947
912833226
3032272127
3324608649
184015853
50584579
533332467
4092809355
238909679
960087626
477844210
947272602
4459087695
2174691850
2596945387
2717902222
2390747907
1151876744
2741727190
77554140
3928749496
253175429
39975495
853678268
280175586
81837035
4702133172
2418170407
2355147860
412371227
152673484
979279446
769478656498466820
69532732
474746645
3312303309
2845737279
1011559662
80200885
3402412755
3401227875
2735109711
2703675064
787954994171506689
1895164603
354003815
618929613
475127858
211191573
2420586324
32624061
706711917
410631936
1171488392
985254589
458503181
96337794
1288700246
370690455
2870870995
741592495155478528
995345934
493239048
719103580247076864
2781784450
1539421987
74544145
2925423826
3433378229
136232653
124236178
1066344667
711187023
401634856
2296638619
1030996831
51836146
484147648
4810630096
439034220
714417878
396218442
725557127872417792
586498147
260150517
1039654752
414354427
322920844
46928097
782643007
728295648
570274433
404836757
4016008995
406860321
533510595
504658270
2990072992
1071579716
2999484970
2463497702
2469186961
2445766538
4885903612
1311732848
4342029017
1101446990
2889612136
194308406
406360666
52387663
2804233346
1219977643
489551817
2459996144
4186758514
1047455850
1011183535
983253218
1090249998
161983199
1389042925
3297456253
1016105090
3481946428
553321184
716422928
2356251718
1071485604
766471224
726721856749842436
2858759915
1314132968
14145846
2843769504
2788788411
448631884
3862086448
473072448
2313667127
4405181775
872497166
2296569134
265385204
814747711
714553962599464960
2494327693
298996098
465921722
566361704
3597402316
3227318753
2927049323
342681065
398611235
2906264861
1726027441
2271999013
1261559155
593623163
2891197923
3439568590
1101963793
947879034
2971568187
419743304
1298737056
1314367554
4068202785
26723126
4069173009
1175727986
724477963
442225392
394850579
2822310640
695753
4204183834
239734640
1037152033
3404776456
707184555887861760
62004025
2363684405
589423738
2900897831
2754876919
1707854503
1050697136
2149606038
1632825432
122363556
2927551738
268910347
401407144
1946899837
377872873
3758739195
1322551362
138364373
1555488049
706086896275955712
383052987
399010858
4897360193
1102216892
2230782069
1037077783
986828390
585391357
2612652422
734725512950603776
722086969094905864
357074444
2751256629
3126510327
1306691233
442950090
163879703
1622970242
2215701370
1398174300
2318283220
2341908197
1249365224
765631835086917633
3140140060
2196650893
223881169
404951630
363542054
3130552521
1311687600
206180236
1357718432
183292987
3356670165
1556491195
353640576
2347131464
723538940502913024
588587293
219406236
1356882974
1357615280
3871871513
2942381427
491140594
2921948057
1357715070
4076357194
1357909922
1010820098
1517691259
44370691
2335372808
1578337921
3152228475
1357159903
1580176014
1357675208
2447883613
723203630917136384
426064773
771434547762368512
4883029437
77823743
1357640916
2585597700
3090093706
2470879507
4866822466
3001638185
356923000
3397648523
3242519025
2319748337
753856766639824896
2243630040
942010068
2203686361
1357773991
405426716
2455541630
1357263476
2260660337
1672302936
1357254163
2369010655
1444784371
133366702
517934877
1096235264
1357793023
1357782474
2984502441
2279399816
3610762348
624359831
1275239096
1405465094
2418774046
203915389
409518536
94594903
1263818557
1082718704
1573078681
460226131
2845018504
2512327216
4924594492
1225691011
2302888393
589418956
465471132
526838409
1017310213
574765497
1480106364
304681933
1098501367
483258299
2160789500
2950936654
1092846918
3144446056
396151080
3309670823
2907520191
97773643
2350203541
1100350039
432637066
404088514
61751856
4227664641
582087196
1088677627
740031002
426056687
4905419657
1000188997
41328420
708773624
2272916900
290093767
2282354028
4229963363
1075391245
413354451
107582221
2945491781
608379751
110654085
2448102733
4872050638
185108209
488356774
95482042
714226829071151104
3926735649
524809983
3065987998
323449293
1409736301
1418786191
