793787252040142848
783023868378279940
4885620221
1579008720
2193007701
2812859778
788794627042205696
4851423724
722053268587855872
722050091624833024
183287158
3198028097
722850803464015872
2479620311
773929798192300032
3244021258
721303651575341057
76616277
404048864
716735185409155076
923347921
2239737678
13294452
517986135
4579125253
788467491299287041
789001282514198528
22659500
788754158241378305
784137711561109505
4860992891
796759446370271232
795707563190976512
1923616602
743514238493278208
382539264
740204367400337408
4905992363
3092809936
764073381532753920
783200025853751296
18762875
930194618
4821193318
725066954394980353
716326404707713024
180317088
18935802
5893702
3291493733
2480246000
1368793633
1562752760
575654596
150725695
1690321208
2361394675
773563444750589957
14060262
788368573471293445
2225303229
3555797841
722918044880805888
395218906
29416653
728267401
4299066556
753706268024565760
788859641082089473
963938472
377660882
3041446144
2543019165
789443113651699715
721937520771129344
729775229598351361
224940210
2800128455
735175269695115266
212978922
788742242219520000
4405998622
4701854126
2892216196
3230165817
121424128
828717014
221902171
25676606
2956811146
2420367649
544352838
937463430
711672840559464448
789104165167529984
3879187997
763094873473945604
1134804595
2278995820
420627699
389104963
73380336
3313832169
712020146282307584
2857413639
3825308554
796246539668692993
424153335
484982241
100610543
732206617341595650
149060372
2180831464
523343629
4651751608
782584298964672512
73971750
72248630
1348851210
1594184960
2597512767
3072009003
476051821
508816846
745595735966613504
274014643
772074670208221184
3311137528
2365011298
403544693
373423842
4155844545
788605410529992704
49319803
788458787032170496
59200159
521337019
104960470
2497838698
1089800894
417947467
4853472419
470257543
725051865159884802
1074801517
2788765798
3069843927
133461180
329937650
1377373874
109573130
12514212
2608779441
406869976
1341462944
49954018
794302419203215371
232908749
1272928376
766664451223330816
941567396
1103554206
245715438
729981130007531520
1642833512
69959408
395990396
27456576
496437886
708302967234039809
1201012040
788723015089524736
540895773
591144361
36079217
371781632
1205594306
30248306
2768661999
40006630
3253240709
4684962704
235323455
2375661338
391485689
102672182
733695386846662657
1331086867
3793353617
339672122
1675230540
548616993
406453295
3588475175
737964567737864192
251663248
475234937
720897240366194688
4621068317
709268747010314240
220308940
2322998168
436640636
546791475
4928491697
859927674
773956774932127744
2375216695
51757652
472966889
3688803513
1433286055
4034460233
284706444
16145985
397199507
1230361375
67006079
3294587596
2779739962
44487069
438849246
1717274785
714876220249358338
1058440837
2575196077
225168723
483057175
414646088
767772101503836161
783020674952626176
76769340
2903029769
401438300
61765111
788472799803367428
4075531942
789842195775971328
44926477
73065144
1190659814
3166034463
55238295
785916344575328258
504661653
481457729
127025568
3164390831
765113425882218497
964460408
774133777412923393
477757835
384192964
371749840
788617257404497924
140133595
430437851
831768450
74693664
257064557
402997564
61727028
534655010
38830450
1434038420
463347621
1264718174
472003825
149609445
3973423342
366252148
403444000
2427072883
777855788882812928
41391760
772030120097935360
849590082
45937235
419951447
445546968
189613925
899978641
4229498536
558032072
782137993649848320
96350254
415571726
108262067
715960962159931392
79385667
776453763624214528
576702177
452010658
74707629
434505068
337767301
2163623162
2296153657
458632561
32434307
1488372031
76615199
709479074029240320
1712830392
4703595042
3117151365
599114492
368950045
790625241856937984
2872452713
429312499
151826671
1140098112
57060570
1544093054
461229005
2865546393
857753196
17214580
270050737
2476119007
945407058
85657467
719072026447781888
790540888237830144
3165917453
1092735302
429928689
3398394214
29236274
420194671
722919613
2418921020
739140549299568640
154082631
142393098
4141927199
783257684971773952
2504004971
3115905790
136971453
1358611800
14460250
2658993140
52035837
2410447644
3879573977
39941540
3879969267
928202780
16087705
460507111
742397869
492325083
1556455656
3427709602
3169603576
729277064147275776
504894136
249862119
95630884
15047521
2180128512
1217799007
440724583
1015392134
2319542538
2719760326
35804051
423732690
754664352855236608
1222677294
441863803
4854132653
767250170488688640
903701676
429847277
3289645138
764525968623071236
296371084
2508927513
345918295
398928323
90139268
313199623
2871007953
1120077589
788816274168119296
2199795114
882235051
208642171
1044932990
731252371226042369
1384894520
481154512
3070539136
418918882
876541483
2174535898
755102530527457280
782217072474554369
2194877690
4806536835
435173619
606259626
745916794100125696
573977989
503452485
1208394690
377272505
9476932
1038231816
1410209468
986714714
2984894152
418814614
3334148349
778900450812764160
132164537
84300444
454191208
462829190
502998687
602069331
2410911599
113643008
232559332
476836933
771295305128181760
104239528
387198659
416439103
2906554709
400630735
364452450
4818092890
3063738106
361960565
483304367
1333369999
477543705
501874833
481225656
788447717521498112
740277257424523264
782868536083505152
1059528432
83449728
577873250
4910181370
1168797480
822184940
1510136666
489656804
107729277
1080490561
94529815
151390694
752010888
3131729685
724245672434765825
634575700
453813069
322528854
270211310
4688837276
216361540
721432104396025857
1378987628
4142762261
2534513566
538147915
1495539583
585397603
728573094806364160
2585782921
3398885945
257953952
370639956
989346433
784280066
4624536622
444225252
85590368
556818121
557366826
136343557
482405981
526327701
2185762925
2730593590
1586042605
479810905
2257121711
465753888
342296335
368935338
15191260
1356673152
821719770
953571752
2784216706
2976723051
2191248370
7111232
33502178
702661167
132880191
112805407
66315515
436870309
1009689127
458624906
210501383
2726498655
495011205
2910674200
354747398
347497240
11945512
2895077031
1341254522
1969190317
2960217431
3251331238
630918299
106738070
2588051975
466378912
82673876
382358973
673203
17288700
742094210447335424
2200075155
727175188664729601
725810364995231745
255928261
788049329403506688
794287344715235328
252039915
2845429815
1041823142
220996437
1975150249
490373717
43503218
4919837110
2429092036
923671178
2744358657
192899133
1886228065
712713408806842368
281104969
697799370297774080
1299375126
396841926
412566698
16246240
483434707
782577416548020225
3070135450
2714500212
786474228258332672
206831627
1080795937
467232496
785032312123719681
725949864
2280648054
410206647
815731375
50355444
122016493
1943087478
471888854
95891990
804354408
793414057223135232
50590345
892954382
1222000628
2465000210
3198203200
326144852
2973508025
3052918302
1387461
780342597458034692
429700379
745880802047758336
717367103532240896
718402632126197760
745025263679963137
20432064
419480134
1598253523
2373624002
4578456569
231127952
332894847
560169622
132810751
65861682
842378066
1219022928
1472353806
214475387
2220186288
4847651633
2986513055
1171761254
2431985092
419285776
1025169505
121368445
385923471
735788453737041921
590393555
293484907
388572693
738311371255906304
1128807018
251407688
4743531021
715284283749974016
754316808396701696
2929169337
3299563144
1127733265
2799778140
93691257
130851801
967839474
18406278
602802570
968615264
915191390
782574940478377984
304329439
2533019300
714096155152486400
366258436
193810402
736299738241306624
414993771
988659876
186221116
1429916701
354125985
1089391746
140772582
32402183
1083645529
97962621
390622095
3044664286
288718876
557803659
1644683106
388284615
783192988285595648
786545828299173888
766731574616424448
2248562482
1402978436
2358348371
461088423
1876212612
2218697421
328473338
292197467
150196030
378212883
1313490145
1386751423
151029385
312572813
777145679181471744
195689744
51720974
3070646573
2244460336
148481393
4039568062
986811270
2416067982
1857295158
2792050237
356050856
469398862
2341872502
1318108844
865163786
4876680137
1135800156
542327855
787941432267051008
326316197
1537494991
1690434842
2739787766
1230556524
899887304
3814697663
460042639
36624443
394787464
387043149
13727692
2909504255
447896469
592647058
2719186852
505705375
2430152420
117701249
65335565
1039048494
77207264
923947808
1919237072
17647690
196690048
746826249222430720
2983119910
557607196
776116078124687360
328133320
754691314176892929
377619841
64139825
1086700214
381369966
554336117
336770410
418639778
426598968
4824188417
377680158
378831710
1324250802
434180931
774612532036329474
2415224956
1128760278
795585541
154896410
3096871079
453720551
396956382
385512892
498846820
437337751
2353752559
774339263752245249
44886581
891042680
550588728
341989260
3309783615
791628536557793280
459115038
109659461
763784342
2178600592
473848168
733330743800258560
999469686
728107134714437633
743039255472164865
215278944
58768691
385130841
2259346508
1949543874
330602048
2986885877
592160447
544700808
4887827675
285099275
1085455423
226627338
545384133
61081513
532545883
416465127
486811448
1412896242
255674310
67986502
2152572284
963144078
1518874812
1307698028
1872223814
2322261107
1067801792
2350347318
430565411
400919857
728166959427268608
479677859
720515573
2308162216
753990621971480576
358143005
188043254
464127310
1262007300
430169858
247722432
915969295
192244668
127532707
3068966572
1076835426
1209547698
1849326181
88014506
40985455
556650372
118978778
417904049
87306292
985118000
3396388150
202220813
725882047
1164336541
514377723
236794333
723818739712581633
14724500
1126411814
486456375
423780098
718337999474401280
2353634446
735366894857916416
3080186967
396655131
2230346403
2872007299
555309932
181171727
89651876
383531511
735201639674454016
788796021153337344
999278988
188787298
1288696170
150961613
41068452
1070732071
488772562
396459358
1022801072
26760769
485841317
1357710228
3008526447
8001112
104135821
2774751706
2850074284
206671784
318939574
134554873
608125539
443832737
309750549
1467415374
600638391
932888491
773155625127796737
579271577
762658396881428482
225490204
85636061
797679000
414634390
126049704
2279396928
4833429358
3223929605
1050589128
474021846
2238798353
1076649404
2359426044
15491749
2455569297
419316234
2194894268
697879690309214208
1116674660
735107028
1015440260
434279064
2258689712
750670310
700841898
2495079298
2804363628
1036983026
419339559
241289430
16401526
819652946
268899621
3193977725
2571330985
2934930969
637254997
710525705277325313
1167316106
359096965
743924448
223899265
2874455566
2994896470
906331746
432950146
1893025346
771232888381550593
815758254
940908996
3091392485
22005584
407685623
2878097184
2272705066
423280813
4601698335
2400326462
53200070
255047902
2438762476
455562995
533176044
794164110061699072
2818872226
1658117701
730132426110992384
786828737958535168
1229387604
476976196
359555283
930659928
294482809
1443706704
906349453
732287754483142657
2277937200
808531951
4426518575
3319305760
3360210892
1086749148
4701923905
2465901637
3011035791
486015426
1447215498
771613884
2987686264
428411345
749984254923243525
781539111052115968
2975733075
4794361
703386818
99645256
4876627103
123712076
2680617799
1179711277
577023890
46224994
384881122
781588515821875202
522667905
493947848
167566334
995021599
5427422
4069821075
178685251
2393710947
609145539
450937091
385980814
713737407636586496
255448965
1386808813
392987772
