2898075617
499128183
836271002
710498404531630080
2361360169
396756630
147543162
283636579
3357308483
4405643841
711299618219364354
1062583370
324262863
2951279819
3385105642
4098447160
1829960281
773183546966048768
1344131071
716591970106417152
962612156
4474043243
2192271144
766066296618414081
705813420973621248
557827565
19067940
3347934334
723094218734862336
2977934441
2150969605
203005397
4204326923
703927942192173056
113075421
776553725603307524
3368018859
164780237
1623140270
3074122662
711250614995558400
1229121186
85136516
1960868090
14108472
3031672891
1444286834
2511415512
582622919
797136442774450176
785089989692493824
2984198033
2153812941
704968903622008832
141529750
796970107503251456
332885533
734074574275514368
4133217027
1412500075
20430345
600136789
499227001
1372461787
1120206308
532222780
1368152558
547050389
1223037354
26982622
3043362960
471428838
1063332403
768783082736455680
289400495
242071863
3527260401
3342531046
2921447206
19392607
932478324
700817890497310720
396564186
708997585139318784
325165914
1354935949
481929883
3332448431
3124079014
541147498
2482305961
2527780688
2716446892
2904967810
58453980
2436608759
3448617916
3119071163
1316630180
1176618985
475248885
756085177709916161
413217587
1028662526
37631819
3613181357
3957645843
757989565600858112
1530798872
3398643791
1238622974
1978729974
2432208854
3165299303
35298549
1464788840
2501851306
2951587293
1379254362
2281936099
326226399
2221331701
433293009
1119665262
70951142
270839361
56674519
2588246800
194275021
721338196639014912
3290984981
307278565
3368385652
441651345
567159863
281884852
3138188655
443187387
2221404476
1919132101
89212874
2221319742
2163227033
2442517233
2427311741
2376999356
369728921
602903174
3038103838
409448246
2342517254
20910977
561473002
409500620
483384295
122014351
318549168
1655636611
87467449
4863618933
2889852755
3338622107
503303414
564148431
1725558426
2562814182
2207172466
2237096859
783740138660700160
413916151
932376896
2431061097
460275730
266700017
476812303
775632857993797633
2241274927
4714030515
732773769824047104
2332571271
775299421705732097
963073442
283080198
775301877512675328
2190915769
372344749
1024976264
1715119512
4243675906
22834067
759428777793429505
590188450
760806683564240896
1911991346
123920914
407685967
3356485570
2403776046
3107574627
581801913
334321591
943625054
372273460
716911634871160832
314059678
883065655
130822947
437533038
1492509740
173925687
776003975921401862
2385290202
104485125
708429391
418221631
493854798
2967886673
3937406775
467389922
522457817
331005596
1951828382
133373778
2511962844
303219287
186399539
194972957
101573147
566888485
1283446118
3345161205
3320655053
391620881
1256727248
2858584827
4702970784
448998373
379256309
2178104040
28528873
236565724
3322620622
359454995
465390684
1065387764
3432995584
3299546625
2447574735
1021541239
3860196976
1382206622
2463100707
2995507655
4105925825
354901534
495277374
765647763442896896
467573735
1130420497
566540382
759712744044056577
2371137846
558591392
2920005634
3332411590
978488840
955314738
778321813
3019629387
702128508835860480
1566553698
1489965936
1303711453
784500022410969088
3309946937
2679377412
199923959
775294620259483648
1183179234
2221331347
789866400332611584
47626792
765965375792148480
605614784
1474185410
1079126036
337171830
1111297184
1394277882
228010525
1521671185
784105196070854657
960924277
2221318495
123235814
723554251612499968
3094312457
513497583
934197043
704779333307650048
4182142288
369749865
632742781
845781758
791583592799404032
1037692622
3200053252
717452216840429569
2154746892
405443137
967124340
2424020059
2644998883
310195119
535447658
1307016348
257499288
2786595941
1105814539
1045573032
753519234710376449
2635714649
270623814
422340734
197056224
1360232480
306180757
2155070496
4864664511
1405748826
488339106
745339531566661632
965239081
608063632
455700963
267174899
13680802
2731197053
2517301839
122497273
2530314205
298502247
406880559
3082802711
33521233
443193400
4824031401
422502823
418028983
587805027
1084193910
730034081698877443
3313351684
142807042
3225190005
634434387
767783947220713472
3094278383
78567974
37507247
1101913508
2331718804
899952481
3471435689
343239720
1116671611
44948272
51522357
1179962942
2656984642
405498561
440691898
2224962167
717334646405611525
1627031726
1471608194
781954997806370822
156316785
1283811182
134206590
1225509780
3426670696
2831366043
452226860
3176594760
4705505042
2509301951
570833587
694638444807610368
516802751
2496989087
258861907
440247035
1369005530
541670926
213616021
228051072
272382855
1583259805
585968039
170781140
717319878542245888
107517248
98732981
766644219930873860
1222888213
714382420
277460126
447439107
4160203479
761303645518499840
753290282020511744
855410450
356975403
1478297786
345535835
334337968
410808584
3145265249
545448505
2234822984
313331114
2464828514
3223932303
1339529246
1368850908
332921113
454142762
480645077
1357198874
1962674090
2282469222
1857528240
875178422
701059824520396800
425686235
161740961
160011017
1117558933
3806382809
1433806334
144210805
1160278561
706067859550695426
1045330356
4372999402
2651374166
3064824634
710044495748927488
541527026
1640766590
1679375545
2714596672
2909929737
780089815786283008
911094367
410910327
460611317
4187567045
169387991
3018290121
914574283
51752772
4775882567
4845999597
382238648
250774432
507792558
3318421203
131292189
3823074077
1174274426
504631659
337155946
4188671596
1638278257
257709473
920435114
247726328
357464260
1898454535
1704854190
2182403667
634999260
1260171894
492688472
2318610186
434839840
1228391671
3168011729
139188966
3381325839
1015870262
2328166991
1035238824
1488338479
568377117
1413220182
494475884
1376730776
1327241030
298123237
13065292
2352305154
351555225
2797539111
503199826
1394582718
304467533
1325348036
4726174575
2349895098
999371760
1193780617
1221995204
104762476
3303871432
312666968
407194493
1088806153
253262674
778753237721706496
2351601439
3239016405
2870220975
2359448190
4909543941
38032906
465631373
794234183128322049
1055931559
2341083257
589286587
957427112
209891777
1043011003
535318339
1110202813
4867831151
599940695
170747137
228249426
1089615589
2902922074
109578008
3103748006
539150646
1319275574
2282030010
6827962
4130639901
2877804497
708425080645279745
761237376601563136
1890326197
754269921949937665
405170821
2999932538
402048742
1266649207
1057930387
225105585
2351775654
2195622679
513144334
4446307913
478647183
974102796
732317340092780545
1071492246
3332720836
1933284714
322933929
1843782967
1858061390
607112247
2603850468
9940892
3931969841
1540142966
2206083227
970705082
2380592546
57358236
9808092
2959917485
253714436
473107684
2472017715
1420443511
1566023431
792729282544013312
2312169774
3028809503
434752212
584022845
1262566346
3662356395
202220952
2940999287
1472290938
3053723635
2267806358
126970118
2919241120
455266241
209007993
56341776
313514631
1051114320
712430076311314433
4112673143
1588323260
1926324451
1224387126
1918247922
2300311050
438385480
4893370455
989695621
27992407
2675356905
39240661
2594867485
796311583077044225
1888044751
708276706
1338839544
1324201430
1063955917
3360251476
362550965
1666144496
2888026811
912833226
870647947
3324608649
50584579
3032272127
533332467
4092809355
184015853
960087626
477844210
238909679
947272602
280175586
2174691850
2596945387
4459087695
77554140
2717902222
2390747907
3928749496
253175429
39975495
2741727190
1151876744
853678268
69532732
4702133172
412371227
152673484
2418170407
81837035
769478656498466820
474746645
3312303309
2355147860
979279446
2845737279
3402412755
80200885
1011559662
787954994171506689
2703675064
2735109711
3401227875
618929613
354003815
1895164603
475127858
211191573
706711917
32624061
410631936
1171488392
2420586324
985254589
1288700246
458503181
96337794
370690455
741592495155478528
995345934
719103580247076864
493239048
2925423826
74544145
2781784450
51836146
2870870995
1539421987
136232653
1066344667
401634856
2296638619
1030996831
3433378229
484147648
711187023
439034220
396218442
124236178
714417878
260150517
1039654752
414354427
322920844
782643007
46928097
728295648
570274433
725557127872417792
4810630096
4016008995
406860321
404836757
586498147
533510595
2990072992
1071579716
2999484970
2463497702
504658270
2445766538
2469186961
4885903612
1311732848
4342029017
194308406
2889612136
406360666
1101446990
52387663
1219977643
1011183535
1090249998
4186758514
2804233346
161983199
1389042925
489551817
2459996144
1047455850
3297456253
1016105090
553321184
983253218
716422928
3481946428
1071485604
2356251718
766471224
14145846
2858759915
1314132968
2788788411
726721856749842436
2843769504
448631884
2313667127
872497166
3862086448
4405181775
2296569134
473072448
814747711
714553962599464960
298996098
3597402316
2927049323
265385204
3227318753
342681065
566361704
2494327693
465921722
398611235
2906264861
2271999013
593623163
1726027441
1261559155
2891197923
3439568590
419743304
1298737056
1101963793
2971568187
947879034
26723126
1314367554
4069173009
1175727986
4068202785
724477963
695753
442225392
2822310640
394850579
3404776456
4204183834
707184555887861760
239734640
2363684405
589423738
62004025
2754876919
2149606038
1632825432
122363556
1037152033
2900897831
1707854503
399010858
2927551738
1050697136
401407144
377872873
3758739195
1946899837
138364373
585391357
1555488049
268910347
706086896275955712
383052987
4897360193
1322551362
2230782069
1102216892
1037077783
986828390
734725512950603776
2751256629
357074444
2612652422
442950090
3126510327
1306691233
722086969094905864
1622970242
2215701370
2341908197
2318283220
163879703
1249365224
765631835086917633
1398174300
223881169
404951630
363542054
3140140060
3130552521
2196650893
1357718432
206180236
1311687600
3356670165
183292987
353640576
1556491195
723538940502913024
588587293
1356882974
1357615280
2347131464
3871871513
219406236
491140594
1357715070
4076357194
2942381427
1357909922
1517691259
1010820098
2921948057
2335372808
3152228475
44370691
1357159903
1357675208
2447883613
1578337921
771434547762368512
723203630917136384
77823743
1580176014
4883029437
1357640916
3090093706
2470879507
4866822466
426064773
2585597700
3397648523
356923000
753856766639824896
942010068
2203686361
2319748337
2243630040
1357773991
3001638185
2455541630
1357263476
3242519025
2260660337
1357254163
2369010655
405426716
1444784371
1672302936
1357793023
1357782474
2984502441
133366702
517934877
1096235264
3610762348
624359831
1405465094
1275239096
2279399816
2418774046
94594903
409518536
203915389
1082718704
460226131
1573078681
1263818557
2845018504
2512327216
4924594492
2302888393
589418956
526838409
1017310213
465471132
1098501367
1225691011
483258299
2160789500
1092846918
574765497
304681933
1480106364
396151080
2950936654
3309670823
2907520191
3144446056
97773643
432637066
61751856
1100350039
2350203541
4227664641
582087196
404088514
1088677627
740031002
426056687
41328420
4905419657
1000188997
2272916900
2282354028
4229963363
107582221
185108209
1075391245
413354451
2945491781
290093767
708773624
4872050638
488356774
714226829071151104
2448102733
95482042
608379751
110654085
323449293
1409736301
524809983
3926735649
3065987998
