793787252040142848
783023868378279940
4885620221
1579008720
2193007701
2812859778
788794627042205696
4851423724
722053268587855872
722050091624833024
183287158
3198028097
722850803464015872
2479620311
773929798192300032
3244021258
721303651575341057
76616277
404048864
716735185409155076
923347921
2239737678
13294452
517986135
4579125253
788467491299287041
789001282514198528
22659500
788754158241378305
784137711561109505
4860992891
796759446370271232
795707563190976512
1923616602
743514238493278208
382539264
740204367400337408
4905992363
3092809936
764073381532753920
783200025853751296
18762875
930194618
4821193318
725066954394980353
716326404707713024
180317088
18935802
5893702
3291493733
2480246000
1368793633
1562752760
575654596
150725695
1690321208
2361394675
773563444750589957
14060262
788368573471293445
2225303229
3555797841
722918044880805888
395218906
29416653
728267401
4299066556
753706268024565760
788859641082089473
963938472
377660882
3041446144
2543019165
789443113651699715
721937520771129344
729775229598351361
2800128455
224940210
735175269695115266
212978922
788742242219520000
4405998622
4701854126
2892216196
3230165817
221902171
121424128
828717014
25676606
2956811146
2420367649
544352838
937463430
711672840559464448
789104165167529984
3879187997
763094873473945604
1134804595
2278995820
420627699
389104963
73380336
3313832169
712020146282307584
2857413639
3825308554
796246539668692993
424153335
484982241
100610543
732206617341595650
149060372
2180831464
523343629
4651751608
782584298964672512
73971750
72248630
1348851210
1594184960
2597512767
3072009003
476051821
508816846
745595735966613504
274014643
772074670208221184
3311137528
2365011298
403544693
373423842
4155844545
788605410529992704
49319803
788458787032170496
59200159
104960470
521337019
2497838698
1089800894
4853472419
470257543
725051865159884802
1074801517
417947467
2788765798
133461180
3069843927
329937650
1377373874
109573130
12514212
2608779441
406869976
1341462944
49954018
794302419203215371
1272928376
232908749
766664451223330816
941567396
1103554206
245715438
729981130007531520
1642833512
395990396
69959408
496437886
27456576
708302967234039809
1201012040
540895773
788723015089524736
591144361
36079217
371781632
30248306
2768661999
1205594306
40006630
3253240709
4684962704
391485689
235323455
102672182
2375661338
733695386846662657
1331086867
3793353617
339672122
1675230540
548616993
406453295
3588475175
737964567737864192
720897240366194688
4621068317
251663248
475234937
220308940
709268747010314240
436640636
2322998168
546791475
4928491697
859927674
773956774932127744
2375216695
1433286055
3688803513
472966889
51757652
284706444
4034460233
397199507
16145985
1230361375
67006079
3294587596
44487069
2779739962
1717274785
438849246
714876220249358338
1058440837
2575196077
225168723
414646088
767772101503836161
783020674952626176
483057175
76769340
2903029769
61765111
401438300
788472799803367428
4075531942
44926477
789842195775971328
73065144
1190659814
3166034463
55238295
504661653
785916344575328258
481457729
3164390831
765113425882218497
127025568
964460408
774133777412923393
477757835
384192964
371749840
140133595
788617257404497924
430437851
831768450
74693664
402997564
257064557
61727028
534655010
38830450
1434038420
463347621
1264718174
472003825
149609445
3973423342
366252148
403444000
2427072883
777855788882812928
41391760
772030120097935360
45937235
849590082
419951447
445546968
899978641
4229498536
189613925
782137993649848320
96350254
415571726
558032072
108262067
715960962159931392
79385667
776453763624214528
74707629
434505068
576702177
452010658
2163623162
337767301
2296153657
458632561
32434307
1488372031
76615199
709479074029240320
1712830392
4703595042
3117151365
368950045
599114492
790625241856937984
2872452713
429312499
1140098112
151826671
57060570
1544093054
461229005
2865546393
17214580
857753196
2476119007
945407058
270050737
429928689
719072026447781888
790540888237830144
85657467
1092735302
3165917453
3398394214
29236274
420194671
722919613
2418921020
739140549299568640
154082631
142393098
783257684971773952
2504004971
4141927199
3115905790
136971453
1358611800
14460250
2658993140
52035837
3879573977
39941540
2410447644
3879969267
928202780
16087705
460507111
742397869
492325083
1556455656
3427709602
3169603576
729277064147275776
504894136
249862119
95630884
15047521
440724583
2180128512
1217799007
1015392134
35804051
2319542538
2719760326
423732690
441863803
754664352855236608
1222677294
4854132653
767250170488688640
429847277
903701676
3289645138
764525968623071236
2508927513
296371084
398928323
345918295
313199623
90139268
2871007953
1120077589
788816274168119296
2199795114
882235051
1044932990
208642171
731252371226042369
3070539136
481154512
418918882
1384894520
876541483
2174535898
755102530527457280
782217072474554369
2194877690
4806536835
606259626
435173619
745916794100125696
573977989
503452485
377272505
1208394690
9476932
1038231816
1410209468
986714714
2984894152
418814614
3334148349
778900450812764160
132164537
84300444
454191208
462829190
2410911599
602069331
502998687
113643008
476836933
232559332
771295305128181760
104239528
416439103
387198659
2906554709
400630735
364452450
4818092890
361960565
3063738106
483304367
477543705
577873250
501874833
1333369999
788447717521498112
740277257424523264
782868536083505152
83449728
1059528432
481225656
4910181370
822184940
1168797480
1510136666
489656804
107729277
1080490561
94529815
151390694
3131729685
724245672434765825
752010888
216361540
634575700
322528854
453813069
4688837276
721432104396025857
270211310
4142762261
2534513566
1378987628
538147915
1495539583
585397603
728573094806364160
2585782921
257953952
989346433
370639956
3398885945
4624536622
784280066
444225252
85590368
556818121
557366826
136343557
526327701
482405981
2185762925
1586042605
15191260
342296335
368935338
2257121711
465753888
2730593590
479810905
1356673152
953571752
2784216706
821719770
2976723051
2191248370
33502178
7111232
66315515
702661167
132880191
112805407
210501383
458624906
1009689127
2726498655
436870309
495011205
2910674200
354747398
11945512
1341254522
1969190317
2895077031
2960217431
347497240
3251331238
630918299
466378912
106738070
2588051975
82673876
382358973
673203
17288700
742094210447335424
727175188664729601
255928261
725810364995231745
788049329403506688
2200075155
794287344715235328
2845429815
252039915
1041823142
220996437
1975150249
43503218
4919837110
490373717
2429092036
923671178
192899133
1886228065
2744358657
281104969
697799370297774080
1299375126
712713408806842368
396841926
412566698
16246240
782577416548020225
3070135450
483434707
786474228258332672
2714500212
1080795937
467232496
785032312123719681
206831627
2280648054
50355444
410206647
725949864
815731375
122016493
1943087478
95891990
804354408
471888854
793414057223135232
50590345
326144852
1222000628
1387461
892954382
3198203200
2465000210
3052918302
780342597458034692
2973508025
745880802047758336
429700379
419480134
717367103532240896
745025263679963137
20432064
231127952
718402632126197760
2373624002
4578456569
332894847
560169622
1598253523
132810751
65861682
1219022928
842378066
1472353806
2220186288
214475387
4847651633
2986513055
1171761254
2431985092
419285776
385923471
121368445
1025169505
735788453737041921
590393555
388572693
293484907
738311371255906304
1128807018
251407688
715284283749974016
130851801
754316808396701696
2929169337
3299563144
1127733265
4743531021
2799778140
93691257
967839474
18406278
602802570
915191390
782574940478377984
414993771
304329439
968615264
2533019300
193810402
714096155152486400
736299738241306624
366258436
988659876
1429916701
1089391746
140772582
1083645529
354125985
388284615
32402183
186221116
97962621
390622095
288718876
3044664286
557803659
1644683106
783192988285595648
786545828299173888
766731574616424448
2248562482
2358348371
1876212612
151029385
461088423
1402978436
292197467
150196030
2218697421
378212883
148481393
328473338
1313490145
1386751423
312572813
777145679181471744
51720974
195689744
4039568062
2416067982
1857295158
2244460336
3070646573
356050856
469398862
986811270
2341872502
542327855
865163786
2792050237
4876680137
787941432267051008
1690434842
2739787766
326316197
1318108844
1135800156
1230556524
1537494991
899887304
394787464
3814697663
36624443
460042639
387043149
13727692
2909504255
592647058
505705375
447896469
2719186852
2430152420
117701249
1039048494
77207264
1919237072
65335565
923947808
196690048
17647690
746826249222430720
2983119910
557607196
776116078124687360
381369966
754691314176892929
377619841
328133320
64139825
1086700214
554336117
336770410
426598968
418639778
4824188417
377680158
434180931
1128760278
774612532036329474
2415224956
378831710
795585541
1324250802
154896410
396956382
3096871079
498846820
550588728
437337751
453720551
2353752559
385512892
774339263752245249
44886581
891042680
341989260
791628536557793280
459115038
3309783615
109659461
473848168
2178600592
733330743800258560
999469686
763784342
728107134714437633
743039255472164865
215278944
58768691
385130841
2259346508
1949543874
2986885877
285099275
592160447
4887827675
544700808
226627338
330602048
1085455423
532545883
416465127
61081513
545384133
255674310
2850074284
1412896242
486811448
963144078
1518874812
1307698028
1872223814
67986502
2152572284
2322261107
430565411
2350347318
1067801792
728166959427268608
479677859
400919857
2308162216
753990621971480576
358143005
87306292
720515573
464127310
1262007300
192244668
430169858
127532707
88014506
3068966572
1209547698
1849326181
915969295
188043254
40985455
247722432
14724500
1076835426
202220813
417904049
556650372
3396388150
1164336541
118978778
985118000
725882047
514377723
236794333
723818739712581633
1126411814
718337999474401280
735366894857916416
486456375
396655131
2353634446
2230346403
423780098
555309932
89651876
735201639674454016
788796021153337344
383531511
3080186967
999278988
2872007299
1288696170
181171727
188787298
150961613
1070732071
41068452
488772562
1022801072
26760769
485841317
1357710228
396459358
8001112
2774751706
134554873
3008526447
104135821
318939574
608125539
1467415374
309750549
206671784
932888491
762658396881428482
773155625127796737
579271577
443832737
600638391
414634390
225490204
85636061
126049704
2279396928
4833429358
797679000
3223929605
1050589128
2238798353
419316234
1076649404
474021846
2359426044
2455569297
15491749
697879690309214208
1116674660
735107028
2194894268
434279064
2258689712
1015440260
750670310
700841898
2495079298
2804363628
1036983026
16401526
419339559
241289430
819652946
2571330985
2934930969
3193977725
637254997
268899621
710525705277325313
359096965
455562995
743924448
2874455566
2994896470
940908996
906331746
1167316106
223899265
771232888381550593
3091392485
407685623
2272705066
423280813
815758254
4601698335
2878097184
255047902
2400326462
53200070
22005584
1893025346
432950146
533176044
794164110061699072
2438762476
359555283
1658117701
730132426110992384
786828737958535168
1229387604
2818872226
476976196
732287754483142657
486015426
294482809
808531951
930659928
4426518575
2277937200
3319305760
4794361
1443706704
3360210892
1086749148
906349453
4701923905
3011035791
771613884
1447215498
428411345
749984254923243525
781539111052115968
2975733075
2465901637
703386818
99645256
2987686264
123712076
4876627103
384881122
1179711277
577023890
781588515821875202
493947848
5427422
46224994
167566334
522667905
4069821075
2680617799
995021599
255448965
2393710947
609145539
450937091
385980814
713737407636586496
178685251
392987772
420186908
