2898075617
499128183
836271002
710498404531630080
2361360169
396756630
147543162
283636579
3357308483
4405643841
711299618219364354
1062583370
324262863
2951279819
3385105642
4098447160
1829960281
773183546966048768
1344131071
716591970106417152
962612156
4474043243
2192271144
766066296618414081
705813420973621248
557827565
19067940
3347934334
723094218734862336
2977934441
2150969605
203005397
4204326923
703927942192173056
113075421
776553725603307524
3368018859
164780237
1623140270
3074122662
711250614995558400
1229121186
85136516
1960868090
14108472
3031672891
1444286834
2511415512
582622919
797136442774450176
785089989692493824
2984198033
2153812941
704968903622008832
141529750
796970107503251456
332885533
734074574275514368
4133217027
1412500075
20430345
600136789
499227001
1372461787
1120206308
532222780
1368152558
547050389
1223037354
26982622
3043362960
471428838
1063332403
768783082736455680
289400495
242071863
3527260401
3342531046
2921447206
19392607
932478324
700817890497310720
396564186
708997585139318784
325165914
1354935949
481929883
3332448431
3124079014
541147498
2482305961
2527780688
2716446892
2904967810
58453980
2436608759
3448617916
3119071163
1316630180
1176618985
475248885
756085177709916161
413217587
1028662526
37631819
3613181357
3957645843
757989565600858112
1530798872
3398643791
1238622974
1978729974
2432208854
3165299303
35298549
1464788840
2501851306
2951587293
1379254362
2281936099
326226399
2221331701
433293009
1119665262
70951142
270839361
56674519
2588246800
194275021
721338196639014912
3290984981
307278565
3368385652
441651345
567159863
281884852
3138188655
443187387
2221404476
1919132101
89212874
2221319742
2163227033
2442517233
2427311741
2376999356
369728921
602903174
3038103838
409448246
2342517254
20910977
561473002
409500620
483384295
122014351
318549168
1655636611
87467449
4863618933
2889852755
3338622107
503303414
564148431
1725558426
2562814182
2207172466
2237096859
783740138660700160
413916151
932376896
2431061097
460275730
266700017
476812303
775632857993797633
2241274927
4714030515
732773769824047104
2332571271
775299421705732097
963073442
283080198
775301877512675328
2190915769
372344749
1024976264
1715119512
4243675906
22834067
759428777793429505
590188450
760806683564240896
1911991346
123920914
407685967
3356485570
2403776046
3107574627
581801913
334321591
943625054
372273460
716911634871160832
314059678
883065655
130822947
437533038
1492509740
173925687
776003975921401862
2385290202
104485125
708429391
418221631
493854798
2967886673
3937406775
467389922
522457817
331005596
1951828382
133373778
2511962844
303219287
186399539
194972957
101573147
566888485
1283446118
3345161205
3320655053
391620881
1256727248
2858584827
4702970784
448998373
379256309
2178104040
28528873
236565724
3322620622
359454995
465390684
1065387764
3432995584
3299546625
2447574735
1021541239
3860196976
1382206622
2463100707
2995507655
4105925825
354901534
495277374
765647763442896896
467573735
1130420497
566540382
759712744044056577
2371137846
558591392
2920005634
3332411590
978488840
955314738
778321813
3019629387
702128508835860480
1566553698
1489965936
1303711453
784500022410969088
3309946937
2679377412
199923959
775294620259483648
1183179234
2221331347
789866400332611584
47626792
765965375792148480
605614784
1474185410
1079126036
337171830
1111297184
1394277882
228010525
1521671185
784105196070854657
960924277
2221318495
123235814
723554251612499968
3094312457
513497583
934197043
704779333307650048
4182142288
369749865
632742781
845781758
791583592799404032
1037692622
3200053252
717452216840429569
2154746892
405443137
967124340
2424020059
2644998883
310195119
535447658
1307016348
257499288
2786595941
1105814539
1045573032
753519234710376449
2635714649
270623814
422340734
197056224
1360232480
306180757
2155070496
4864664511
1405748826
488339106
745339531566661632
965239081
608063632
455700963
267174899
13680802
2731197053
2517301839
122497273
2530314205
298502247
406880559
3082802711
33521233
443193400
4824031401
422502823
418028983
587805027
1084193910
730034081698877443
3313351684
142807042
3225190005
634434387
767783947220713472
3094278383
78567974
37507247
1101913508
2331718804
899952481
3471435689
343239720
1116671611
44948272
51522357
1179962942
2656984642
405498561
440691898
2224962167
717334646405611525
1627031726
1471608194
781954997806370822
156316785
1283811182
134206590
1225509780
3426670696
2831366043
452226860
3176594760
4705505042
2509301951
570833587
694638444807610368
516802751
2496989087
258861907
440247035
1369005530
541670926
213616021
228051072
272382855
1583259805
585968039
170781140
717319878542245888
107517248
98732981
766644219930873860
1222888213
714382420
277460126
447439107
4160203479
761303645518499840
753290282020511744
855410450
356975403
1478297786
345535835
334337968
410808584
3145265249
545448505
2234822984
313331114
2464828514
3223932303
1339529246
1368850908
332921113
454142762
480645077
1357198874
1962674090
2282469222
1857528240
875178422
701059824520396800
425686235
161740961
160011017
1117558933
3806382809
1433806334
144210805
1160278561
706067859550695426
1045330356
4372999402
2651374166
3064824634
710044495748927488
541527026
1640766590
1679375545
2714596672
2909929737
780089815786283008
911094367
410910327
460611317
4187567045
169387991
3018290121
914574283
51752772
4775882567
4845999597
382238648
250774432
507792558
3318421203
131292189
3823074077
1174274426
504631659
337155946
4188671596
1638278257
257709473
920435114
247726328
357464260
1898454535
1704854190
2182403667
634999260
1260171894
492688472
2318610186
434839840
1228391671
3168011729
139188966
3381325839
1015870262
2328166991
1035238824
1488338479
568377117
1413220182
494475884
1376730776
1327241030
298123237
13065292
2352305154
351555225
2797539111
503199826
1394582718
304467533
1325348036
4726174575
2349895098
999371760
1193780617
1221995204
104762476
3303871432
312666968
407194493
1088806153
253262674
778753237721706496
2351601439
3239016405
2870220975
2359448190
4909543941
38032906
465631373
794234183128322049
1055931559
2341083257
589286587
957427112
209891777
1043011003
535318339
1110202813
4867831151
599940695
170747137
228249426
1089615589
2902922074
109578008
3103748006
539150646
1319275574
2282030010
6827962
4130639901
2877804497
708425080645279745
761237376601563136
1890326197
754269921949937665
405170821
2999932538
402048742
1266649207
1057930387
225105585
2351775654
2195622679
513144334
4446307913
478647183
974102796
732317340092780545
1071492246
3332720836
1933284714
322933929
1843782967
1858061390
607112247
2603850468
9940892
3931969841
1540142966
2206083227
970705082
2380592546
57358236
9808092
2959917485
253714436
473107684
2472017715
1420443511
1566023431
792729282544013312
2312169774
3028809503
434752212
584022845
1262566346
3662356395
202220952
2940999287
1472290938
3053723635
2267806358
126970118
2919241120
455266241
209007993
56341776
313514631
1051114320
712430076311314433
4112673143
1588323260
1926324451
1224387126
1918247922
2300311050
438385480
4893370455
989695621
27992407
2675356905
39240661
2594867485
796311583077044225
1888044751
708276706
1338839544
1324201430
1063955917
3360251476
362550965
1666144496
2888026811
912833226
870647947
3324608649
50584579
3032272127
533332467
4092809355
184015853
960087626
477844210
238909679
947272602
280175586
2174691850
2596945387
4459087695
77554140
2717902222
2390747907
3928749496
253175429
39975495
2741727190
1151876744
853678268
69532732
4702133172
412371227
152673484
2418170407
81837035
769478656498466820
474746645
3312303309
2355147860
979279446
2845737279
3402412755
80200885
1011559662
787954994171506689
2703675064
2735109711
3401227875
618929613
354003815
1895164603
475127858
211191573
706711917
32624061
410631936
1171488392
2420586324
985254589
1288700246
458503181
96337794
370690455
741592495155478528
995345934
719103580247076864
493239048
2925423826
74544145
2781784450
51836146
2870870995
1539421987
136232653
1066344667
401634856
2296638619
1030996831
3433378229
484147648
711187023
439034220
396218442
124236178
714417878
260150517
1039654752
414354427
322920844
782643007
46928097
728295648
570274433
725557127872417792
4810630096
4016008995
406860321
404836757
586498147
533510595
2990072992
1071579716
2999484970
2463497702
504658270
2445766538
2469186961
4885903612
1311732848
4342029017
194308406
2889612136
406360666
1101446990
52387663
1219977643
1011183535
1090249998
4186758514
2804233346
161983199
1389042925
489551817
2459996144
1047455850
3297456253
1016105090
553321184
983253218
716422928
3481946428
1071485604
2356251718
766471224
14145846
2858759915
1314132968
2788788411
726721856749842436
2843769504
448631884
2313667127
872497166
3862086448
4405181775
2296569134
473072448
814747711
714553962599464960
298996098
3597402316
2927049323
265385204
3227318753
342681065
566361704
2494327693
465921722
398611235
2906264861
2271999013
593623163
1726027441
1261559155
2891197923
3439568590
419743304
1298737056
1101963793
2971568187
947879034
26723126
1314367554
4069173009
1175727986
4068202785
724477963
695753
442225392
2822310640
394850579
3404776456
4204183834
707184555887861760
239734640
2363684405
589423738
62004025
2754876919
2149606038
1632825432
122363556
1037152033
2900897831
1707854503
399010858
2927551738
1050697136
401407144
377872873
3758739195
1946899837
138364373
585391357
1555488049
268910347
706086896275955712
383052987
4897360193
1322551362
2230782069
1102216892
1037077783
986828390
734725512950603776
2751256629
357074444
2612652422
442950090
3126510327
1306691233
722086969094905864
1622970242
2215701370
2341908197
2318283220
163879703
1249365224
765631835086917633
1398174300
223881169
404951630
363542054
3140140060
3130552521
2196650893
1357718432
206180236
1311687600
3356670165
183292987
353640576
1556491195
723538940502913024
588587293
1356882974
1357615280
2347131464
3871871513
219406236
491140594
1357715070
4076357194
2942381427
1357909922
1517691259
1010820098
2921948057
2335372808
3152228475
44370691
1357159903
1357675208
2447883613
1578337921
771434547762368512
723203630917136384
77823743
1580176014
4883029437
1357640916
3090093706
2470879507
4866822466
426064773
2585597700
3397648523
356923000
753856766639824896
942010068
2203686361
2319748337
2243630040
1357773991
3001638185
2455541630
1357263476
3242519025
2260660337
1357254163
2369010655
405426716
1444784371
1672302936
1357793023
1357782474
2984502441
133366702
517934877
1096235264
3610762348
624359831
1405465094
1275239096
2279399816
2418774046
94594903
409518536
203915389
1082718704
460226131
1573078681
1263818557
2845018504
2512327216
4924594492
2302888393
589418956
526838409
1017310213
465471132
1098501367
1225691011
483258299
2160789500
1092846918
574765497
304681933
1480106364
396151080
2950936654
3309670823
2907520191
3144446056
97773643
432637066
61751856
1100350039
2350203541
4227664641
582087196
404088514
1088677627
740031002
426056687
41328420
4905419657
1000188997
2272916900
2282354028
4229963363
107582221
185108209
1075391245
413354451
2945491781
290093767
708773624
4872050638
488356774
714226829071151104
2448102733
95482042
608379751
110654085
323449293
1409736301
524809983
3926735649
3065987998
391661534
189801758
3054231435
1418786191
1183652605
2772829228
1667689482
2970225064
988373714
1025143716
2940410703
63126601
2467357784
3764059997
2380747454
192258181
2414500381
958750693
1857148146
2249959502
2427964266
1028897996
748252291959037952
2414070806
2993021697
1262939593
796684613452238848
1166877775
488895138
2781970583
2223407550
1014870637
1630204784
1069206085
2354395787
1962856872
3326316339
2948698869
2957131078
343442484
558651454
312613461
1708309334
846045162
245378986
3129266409
2859316269
255666406
1361634884
698226027756126210
318575239
982401096
345488835
3088659569
950642215
2348566523
1680697170
1143153842
831981618
2516807525
452985926
1114879542
435136836
2301960876
1114098782
1913892218
2322947462
369200086
4384279288
1068702612
939484063
2328471661
1176935226
22129679
4229274312
1953930264
2370908109
2888678625
410764821
117407713
733743405751271424
2728402871
426094795
614259382
3389194037
801754
773054104549593089
522292867
490733693
2850135335
39022638
229089974
3151825048
384760605
1059881101
416309230
2913833871
131238747
4069758477
558053080
849274159
394957022
2397844595
2315538860
361341817
477187357
3015774443
2467497190
623027480
788016239188860928
957099499
306058431
530990399
789786960470614017
906224444
2164608279
2942275894
789025525322899456
447432073
2982639635
2975144398
2616680851
1120118342
707218166250864640
365065358
2561253733
1117576526
51792460
3155682418
370278925
985080900
3025368046
448364257
499214987
86209782
782126365315371008
3330461728
369177021
607981040
744524292050788352
1534486934
1326880621
266841916
142690511
909935803
1905601525
365935751
14900051
1051389715
114539972
1357812068
456674882
533692413
4147056975
2938313507
1594040222
430743919
484106374
2706574363
961283478
126883491
3028742807
389500881
176712900
790567158489153536
1386793261
562823508
1083273792
599651301
507768657
63705563
2455915345
93197485
2822583095
1372497578
318713537
58016005
321313255
2523568577
1927514694
417951504
472185426
8032202
83157992
2309237552
2878223753
2975094340
989351852
483057595
3244161467
2404494057
400798557
431084648
719855009928716288
409361259
978934117
2327373751
283602058
2342104352
2348140042
764140480775020544
109034099
1261316370
254998344
2350811871
3395020235
2650978150
946701314
4813826602
3221712009
161450764
1314735973
1327701390
1852450694
768399420367011841
1635529807
39239835
2986947023
380466302
1244644430
1106230255
727770559107485696
1635753799
738092501853216768
2654152260
3034643483
1637833237
2242729885
2386835695
2778061603
360868017
3305976862
1646281124
224226820
470359977
84130259
481567489
47686952
871504855
3036352179
1218862927
297599017
3130622027
44395683
397573326
1351561135
1299394213
497384675
3233336236
2340110677
1681073648
1124867449
413452932
2149138327
2508295280
142731535
2872332023
2751862871
774874962700238848
1521455803
862592018
169233625
3521388197
380526746
2201613873
24528997
224594895
242351511
2966187939
17648551
376610294
2363886035
2482335605
760548711701282816
704431464524423168
1430162268
106673706
2243105962
1205274991
709468465531322370
384927860
4464016355
19592755
376145932
780100421536849920
703708224168599552
318882223
428418598
3309510766
3422769471
1022288858
637292613
79036955
2450147531
1316655810
13728662
1215628212
116517401
497382403
1509825860
752800121138581504
22605126
318923862
1400701532
538341709
4873807691
3457594222
728807104790794240
2540653035
51510339
1055367092
1179157244
569492527
1289667200
497763567
407598164
763983425569034240
562063761
773602742
4432360889
1008382820
428897370
153342663
360105746
426076826
1036719990
1557514573
4280485636
2482345727
3107458432
3226558563
4920828160
1384855346
749668349605515264
783307585206222848
804753644
2394684582
1119223279
6322582
1000366015
2494181366
420538698
424084271
922711819
493260423
3038785617
2327584543
2283780786
777565323344113664
22025138
1642789244
3034434386
396103010
853635661
346518147
2359406918
1134403255
2593299788
1092670394
422468997
2342856875
103646510
484914037
340996459
2373222249
717532001
807581581
353160476
382029804
2466650316
524493374
851233315
139765259
1870961815
3173819499
2247433494
3010384533
3317586231
34257738
1269539851
2167116718
705386674096832514
319578825
2437846648
2222783701
2885630548
2751847457
2231561825
350184411
516918398
2731905976
852980726
85060556
3124240699
493054513
1366886233
3939431595
379347952
36353564
1696619809
2995908064
811076442
3400696882
272940016
706097800040357889
472149764
4888582030
762934873057292288
3318552736
2559910725
397853516
17439787
394837520
1266500113
1664604020
2862441234
1021727540
593742754
3243909749
738491898688622592
1251322195
1125077892
502039896
96233686
472928902
3377428947
398809701
63060955
595878183
47698840
808878834
534425432
196560266
426152264
615033595
2515144546
728695134
733984270499319808
271468279
2948429116
3078100444
420852268
385890505
1254291416
551331260
1932231254
524236416
972872618
1168160534
2785214645
449850313
434387464
2979240557
61011257
702921914
3291324425
22616757
1327639712
236333273
713449513088888833
725060346776555524
146215776
732504227961044992
552146418
414978233
3046529709
796763568
1699665619
818183167
1849153957
236138836
1352568188
625000187
1472956555
2509994134
870169790
953265385
130861875
1139422028
2227239038
3048846859
4318424669
607286270
2470692079
2226747666
774267120268050432
372937945
1208853571
2469570907
431089246
2845221227
3068039679
2440237919
310845038
2331847077
605749807
1257355178
597787450
400902983
486787100
1482397633
94788246
2865314139
53773490
323889720
885661050
558981012
167014241
87967184
1462583917
1431247669
5676402
462414072
1853678790
50233016
2290924705
696595370395172864
2767422555
1064357792
3079453121
270951173
2518901866
1089513403
57472352
589407736
702827736516190208
852301178
393342562
2233502635
1493589848
858249276
1406189706
1034473320
595267886
1282855974
325760306
776867281880178688
413215193
1428112362
2557627068
1424689315
621194070
605377369
120380619
2980425346
409089494
846987439
2310308158
602574015
299780153
790948562
2907756975
3299490593
592546016
3130737011
3336455937
2259459451
417962415
860205385
2400560849
224310474
242339687
2527788012
54849589
2211353832
2962772146
1384265604
487765597
728733122695725057
2353564274
4212951118
380243566
1036938613
1701836234
2319051527
2767316247
1192260607
4588008687
592688115
1544336527
736441270881640448
1260351403
1377031602
366180331
270518699
1494873888
527516661
1852433868
630524940
1346574637
76904458
2191938685
2339917973
3387034282
379030092
2754543846
2438650607
1056094116
2570957394
919502593
458146177
266189786
702989036391112704
1163858592
1037411684
1467807296
396823374
387345110
2780234221
730380067637956610
518934318
986382066
802320974
419768382
55549791
786541347750588419
995341382
1386423176
459446024
499571765
304598010
4548508636
2974879767
957926748
868298592
554581695
2768667015
2543774477
157529661
44160875
459219907
447231795
350256698
551303014
3394261233
705451641
519867330
2772740636
1361432923
1332630272
3906735870
564360716
174210451
4818340347
13631242
1109639072
1209210108
2973459185
953895188
242922585
4664853389
158051510
2155767706
2285114260
250085208
2785334697
384948871
237334959
493833883
128978964
1352301782
605653016
2957157748
488587270
596702756
3093445126
1573555616
2359496138
115139827
878503224
712376322
2339316667
714376418055073793
4914915772
361097511
1212975134
272402900
1734567211
753570089094504448
484771907
989841337
929249360
726108618051997696
247222140
428915501
516664834
99475834
715083557581033472
3324571887
152977521
582236593
908206586
96696594
1318670960
927916422
147654699
2559438244
2260822969
797374091959406592
1026219187
504329686
763785605713199105
420419717
1103812855
4528485567
336091189
1222967826
2970333513
99702635
405192597
237392330
1254440240
150608013
1249912915
2238011889
416534525
425254477
717298250462662659
522329714
3928015222
1288209314
4923500123
303278808
514440497
386732636
522567091
62940685
1084360147
2629123617
2225431370
582265897
470003688
1337596044
485685744
995189316
38398195
4845403365
2204128029
2203488436
724154607254011905
1036788019
2343639954
462336529
520291889
491327107
446937412
1914960499
776488765183459328
290992864
447863789
387770884
118053242
779336944916504576
55678400
1368007123
726295360537255936
3015242813
2319777925
432918462
490426715
1223079336
551374959
296475664
3217923085
2937209879
2674680536
2310609029
577936933
3129948658
67710936
1387006716
2706476465
429009401
3543518537
254625981
746085728
405792460
598932565
426719729
1679376193
2527227066
2435959670
2605945762
2574452613
394861796
779077333
560046823
533059229
96516447
124020256
2256453579
321375506
2188803397
3083483560
711833597980835840
4915900165
832669237
4822490579
261705959
597453726
735980645273489408
242490259
3000604564
2391369431
75994558
2422131402
506387757
1219944530
725664950
2754731478
1042807543
318446896
269856706
3946391800
501225131
370193812
257665435
953542285
1348975974
592127497
1621071816
2429027969
23740366
4394434523
560466555
999889903
322540485
702408683
3126770075
418662548
2585035709
410852015
3364814494
1418976222
3904145790
2344799433
1231603440
553392203
414385318
342118728
1095383269
1932186163
2176575594
725759263025577985
19643514
583877210
1373138137
1884023996
501691674
3302069128
2648038336
571304184
402135794
1095354780
272941891
1277743430
983222238
51781061
2508437306
2279477919
986286079
473209868
529355511
768815150837145600
3524610567
244053999
706057101
2774578942
1374652910
49656085
428417530
2185783204
3331059982
2211388062
2153829339
3036997071
464536669
1429964996
2265398249
2208172767
1022123316
3488504303
2221083463
2863121903
716353562020855810
75538541
718185423571390464
1067982564
798181337433829376
346161795
4891433775
738344440851468288
1075073228
2544957299
728188723075158016
509309634
2377259598
242392452
227306075
906269360
3417233499
406907214
151639390
633728787
519619381
2535866450
68182390
588507242
353575520
4089359207
1009243501
3723192855
926261881
102200819
3922344275
751379826024583168
16120863
751814461690900480
2569072195
3008542859
1384478448
1016215621
1219848883
562522191
244477620
587948551
3065958947
394059966
4860559857
2158966523
495466998
3395698721
40962257
1390614042
778177707234451457
709427870419062784
47154019
2862461084
621771505
402821533
905834371
154967452
408738224
3182253213
1053176233
4048087467
2494320428
706217983862054913
3007504107
700939605521145856
3355338993
4735423054
229804443
2360647972
2948374265
2396676379
3346047160
1076597023
1407173916
17876465
2520868692
603612465
61160450
1593579625
448732675
200888646
972884324
1322584279
433671269
481409710
1372944860
489368395
328946204
75155781
2809762856
2379390857
119067790
1116398478
1289227574
3776006296
2363670784
785480625960656897
725817874602971136
837370934
2390043691
215735286
407777608
2268685606
885303356
297866031
598558484
319782293
3025669096
438476133
100878763
701388779114930177
378489654
2948661737
2299766748
756546140644974596
974511188
743531036
491318883
2941915384
3310422237
603531704
460533065
1077736116
1157534816
3405599800
1160507178
1125109992
355122344
244705592
1250202577
2331849409
1353602473
1901331644
468410833
4256715496
433664513
3387547060
1314231894
2805323313
2819178244
405196197
408437002
331723651
2319131287
2365532641
58052287
488765562
964719079
754738926083010560
2221643012
1146441836
465771339
105538883
1037713867
2719244173
2308628263
517672213
2442834988
580232599
2835121973
504625929
4611199415
427804855
2400269172
1894270790
376310225
708587318786007040
862986014
264351373
1638143131
1077077449
433702678
496881403
4527310402
3295067231
3183670121
96389952
585919562
3445916417
2721584009
439245001
607517520
172382368
2494379611
517517175
1055346697
464615450
733707640161861632
245924561
864186162
2349348009
481321999
211090942
4264298260
852595651
367692964
1492549380
476290271
3109897131
110669722
454088602
829507466
452858854
424540306
706570580
2444235358
92996440
1262157433
3176625754
458368651
1926516720
2197813964
392962936
3652269263
633645457
4355636235
749617259849584640
967698096
1032520350
704986438
4773242133
479604138
987640627
72522293
1354142214
574642927
1327082838
2964938091
485101194
1460451570
1367973715
2940769763
4164981808
628367790
1070320147
2197175103
1222699580
1369768926
593533490
144804860
3750084076
514243349
2523347460
326183542
3401876698
2401418695
68492512
363158162
221707969
404022377
726543135136964608
604899762
2872974977
537554676
2998534481
462113829
3059131623
1079081996
4818228771
1245505458
245328223
1699586232
539942362
2323632758
1283518398
2914562626
140066629
541704097
1068963974
52824910
417265094
469750828
742656572086747136
554550990
4853784417
2286669109
801258780
1119430706
451473769
292417838
1027404487
627317336
142034488
3201052948
2218411411
4184406562
2704662807
323446144
4827636455
3217393599
1014016028
1181544271
3199220876
122644390
4008843159
4387739087
1267065014
1421381328
3010138109
161212876
460290015
2478580177
2530670296
188521082
789589519
3053979329
255669937
417897223
702614277472034818
22757909
1178411384
723843735482720256
1946489059
2974941849
347442566
498915523
3240372507
1382241883
1444734901
83386342
2650582614
411586879
2460104746
4688664552
968433782
1009028191
229969486
381953555
762983877849800704
2854719148
753901145366626304
2154514886
728245393503424513
1034897761
1446871488
4706326756
756514855461453827
1088527944
2450265194
585941279
3430176939
715134939155578880
701647912686764032
910314312
965956884
325739333
400273310
2746079253
82065633
787588319957966848
769960650
1346566790
3843282933
100991438
3431319455
1103450372
2776126551
714736755816185856
1273311685
796237284
593582642
2242019356
742013658268598273
594777484
268749571
2302034329
1050997706
174574401
14324681
465960856
574185238
63732939
82068999
2466589783
200648626
67746303
786445441
1870641289
531851126
748240006867730432
896112570
2337708335
507006278
465415975
746943549661450240
272842856
342641955
4318680568
2574560504
416583838
201412456
2569703055
311694861
3613300157
1189981854
4242264977
328966256
2532491303
1230871339
291614450
2768212373
1498786196
484784657
4187056599
776771798
747062107636637697
1346721164
268905980
1010807990
58778773
1374222312
96236264
443708574
2225786343
48291322
2335615140
4256026096
362432939
500243289
976243140
2549528592
3631947141
545474882
64144248
2928096323
780444222
946620907
1605328957
373277341
1248044209
1288260026
701747343339741184
529431381
1368234301
2708607896
542488894
2231463645
2936766136
480453928
2766062542
4759055535
787557789908492288
1039563697
1073285989
904491504
2168052871
821776178
2817131786
96340114
3064631746
586620795
759511811964231684
2901728910
742029848982491136
1268297346
1511831448
1017412344
250316913
1053839395
2427827258
455500859
2666051378
464045620
771387619360043008
749369737080176640
392169271
557057167
462701585
1565412319
2845007506
1895353393
3169965514
29164255
2870669794
233546601
2438340445
2518805059
1121935962
22009205
210376076
943120548
9584192
308905321
456894487
99360043
452174282
765296385700880384
3079210283
702171804417323011
2720583173
936533587
2421124847
1274899394
589899714
1154934108
427357728
43703232
13047402
1854556328
696658225157029888
1101021343
3412818976
184936094
270070566
3610537156
1021306837
82902889
395327805
1671070807
622020182
3559735215
388362333
24252705
264117723
395242306
222224368
319060887
401704325
1142540912
790984475656192000
583920508
142643965
352164101
2754433723
492580283
3448215203
291141125
1012205810
2478946331
1278700207
1088498461
453959464
4794325156
333498140
2951442201
1086481526
3207511185
771042114188742656
214551930
989485837
541071029
1257881796
1272137623
897054630
748114578
81318149
2903545671
1221955844
278915300
539157045
3051404948
556771177
1082400372
417196887
795564464829595648
892707241
517385690
2205598141
595372301
471987010
3369156047
3026297093
4242565703
192165373
778717606085734404
758304360543707137
2283943289
595517608
849727410
2434259124
3298528972
145561037
819829657
4549605137
340972113
520377638
573872757
1566803234
2765052793
1262138317
1307817714
432010252
2370723536
586037920
1015819494
409540134
585674249
1068846679
785825867012444160
566434899
565354789
4859931532
2714660159
403652993
1050781381
493991580
318601197
261421785
2359281943
423024537
4249591816
503670941
1014884664
303682085
2742709167
4195440875
3790217597
916326246
872297844
436809285
510529704
2236761742
4024081156
1093674200
230453692
1022117018
397893241
1461815022
418772810
118183154
925089097
1318788918
2813435920
158367488
201654791
450517687
1929877436
1613475049
293504218
534616483
28311464
278743750
3458047347
1262576665
414686697
95049929
3041231505
2348272160
3345485428
1037651766
2891108139
1435095462
1081038630
83185672
2447306083
1192866157
367021544
2169771406
2314008111
567688029
1397232085
1052352102
1009031150
1218936162
381419274
2452231707
275754256
453287155
735551927392567297
427564624
4904886465
198633968
362093487
3201928624
1621311559
1301064319
4703605746
736543941101817856
182411035
1327803948
861619615
3045043101
400811586
464675744
2237570059
1122681396
3408525531
966699302
1151527296
519696949
1059984817
486077820
526765918
185607318
1369658370
1851226928
3216441514
297903655
161044379
3297108689
4256851395
1142192286
4114741037
442817553
1216273854
4818612196
1002201066
976455469
490367299
184425554
919333159
750995719
1456739846
109213867
112790908
383639966
705029912265097218
319822986
558534010
52468851
2504436965
323676734
69325472
104651157
222442719
4587842841
265310795
2521854263
390753281
2601961486
407108278
473772424
332678373
451483593
4889377726
1171395356
719652438110838784
1001303996
2828728746
1362048522
3404352773
836428490
791521154
51289966
1531397095
1479816176
406127621
3005907718
349043533
445424014
321264725
2817019830
705120695173390336
1052927598
409352382
2281231953
462298361
2433727925
469516428
4381865057
64522965
2652070796
436671461
2985400847
567278450
2343427327
178029740
560509154
1954450338
958322611
2305531562
734083116919365632
166161984
19441340
758935701698191361
3124933529
574396225
2948863234
2679895724
426712009
36493382
777777871
1067019276
783366855952064516
2168716042
2966503372
514280693
600524618
136205033
744711517
967843051
887364390
711909518121312256
1361794033
2310261690
391955295
1546601714
3260406982
83326299
340294381
1926741584
1586159210
497996910
706596340306984961
950313325
705449054248034304
720297033651863552
758933464460648448
3043617377
2875667218
2504129001
2523336293
471347700
89253972
3297837127
14335321
2370797451
397358182
2322734663
1012135158
2385416432
3251588698
200146354
4515619593
2267288613
53634013
611777238
1037995544
1250267900
3589159876
2730634557
2880664491
3257070727
3664503135
222411571
1539407683
475254497
613567387
4540267581
2341326693
3906755599
238718282
775636532
553959228
428447147
615539623
590037686
65977946
1238691594
2361959873
2804052821
3300735423
396626479
2178758289
2355256140
36626879
251309387
388348486
373395657
158017561
777547178516553729
719515530001063937
2197727347
4106012295
2896345199
2280764604
1264018218
318434829
249685018
261910864
3069933261
268811761
2452102818
1104420319
278273822
1145835457
1360582447
131262995
1729830307
527277129
2985859289
2597695185
3131316279
427789815
2480352662
870218785
14967240
945729890
1857838688
4869095007
2534934933
257884666
3361200257
424997954
2709647816
1577808642
3288980225
2173707058
239143892
280401262
114282000
440333722
3298864072
1876700449
1949663004
276665800
163899788
101280803
2755001196
479330315
420146229
2453297123
737918135584620545
1154282738
416348802
1169245177
581285865
405482706
431887124
2256124088
3296497990
2341987590
3614129489
790269417603162118
1025054731
287334707
442005205
3342581884
318988340
354284014
2293440428
806305806
194217573
139715784
1134720390
614362165
397997207
1934445032
2344846407
1372859420
3306971873
1271715740
477025365
245969509
1220072246
1008565081
183158267
1008939038
8266162
2396639005
461567074
402803669
2981706863
2852677474
239572336
2381791600
349319486
2181953194
446445046
2953019709
3085895092
452294805
1357813057
3107226245
701169921053605888
1040485819
389115081
4358642595
168796358
700428379514925058
2933315099
903853592
407817358
737526030907232256
164237295
377430097
508555134
1620754188
1492135807
4119906531
1331128747
1063397041
630459182
3356708404
767795023970697216
371174340
697090269859213312
4436365575
1015814694
406366657
780092964244783105
199656773
711163800465055745
2789928382
382158059
792308866449047552
538138673
2198507410
436833006
974615749
453966391
752897299186155520
2784502136
430033435
1654874078
2823528449
427201823
2984732475
508645944
3630722294
1171065324
577337366
1088672947
2940585718
321252271
831854412
2182923351
2459950812
704078981591646208
198981234
97925608
2696366840
57249412
3004063252
706522020016746496
549605964
2422875421
899385834
778703906356330496
3870837869
416290762
2180838160
468356881
3985072012
600847079
2288794280
1254790184
2206549446
769543337527345152
2385799301
484337760
109960399
1066461174
4196122397
843573301
1336083961
3034711797
1042228705
989645683
471859605
48090650
4148271653
890639928
2385918867
99361454
435760551
915385926
419500576
489878046
982932835
1264930363
372280583
2248969512
903430776
862701492
2526968245
293608717
3430185532
2720826652
4039903701
460394260
808738393
1317310818
2498399355
4024983855
1704844459
2894775544
394729845
2942054782
71797055
1139875363
1055140058
231198437
521589863
2311916317
3305477253
445567589
317680130
3555782356
715593055789826048
711206425
495426739
56473208
2256287230
406841197
2942183974
336442306
469273038
729214200925532160
298164175
20940320
783976877669122048
3418726954
617404862
2822217403
3300629145
253531074
816389954
2908032201
3833171361
515650307
2883671135
730660405761191936
1366431756
1277350656
3065989288
716653596654313474
3414864718
1635205140
749757178530164737
2525924002
52999694
87286001
4848941248
286264929
4831023773
910465218
4063380377
305272959
424281659
1300370167
519379680
2473312438
3326012500
470382655
2815530124
1480351040
489562627
193261391
901555177
3103929401
200051963
1317255619
2493300512
34666215
4777957102
784447428
1295447916
213588883
4008290355
404380686
610637342
349555564
837804025
1009672723
734594705229545472
1042252711
2354862727
4459906041
962439266
937020181
2736523546
1001753942
499633425
557074159
62060285
2330906381
418683219
3044896882
1885687531
1065109687
424989077
400600868
813055092
1036575512
166567376
283939901
748035974647648257
1212034646
712640136081776640
2376644398
1350936138
2795593730
443932900
2467961561
476264118
483809978
727938981120323585
501669408
980910583
3401651157
481944150
18188941
127435541
1304437381
207034666
265408261
2851471793
428415112
426026934
432926462
84874030
1004482429
479575055
1162661400
2482482240
222460953
82578103
1261872931
3382760081
3094835193
85167868
2302070180
337228742
36112151
964810638
752675748
484947954
1882839440
2343512623
2959360829
4074792743
101014254
532163319
1180016617
229082336
4284959421
2892694835
431500211
3374386924
409444860
761809560
910601880
2979050746
3306842937
515615524
2173027221
507697095
495386998
2994679426
3288432659
2206299803
3524549843
8556542
4187885897
3124736901
187124848
41926516
265017059
97035161
6532332
192253996
2719748591
439487431
252633455
886499509
2299665593
25477483
3261842987
311056063
3260434911
763737673613840384
264300089
4830782164
1427233322
4589805027
423294786
2785851725
2361814984
1859667852
2465900299
3070700175
22009952
480629483
493318360
3106260993
1227177884
425898221
394086402
17715444
3697986022
1257848173
578838113
261291536
464477564
843043616
50625691
2218143675
195063290
2376747126
580022142
2408803254
754009621724012544
2452296161
735888541079732225
619316778
702267737
355465240
473027302
782622314261196800
761971314781487105
718791150325403649
197424739
393232944
2691410693
4902200932
1534786369
621972312
1114019642
793050963372302336
755683659538137092
477096884
3047490297
2740699095
1251089251
302561494
776900392756084736
393289136
38438354
2498148194
2873782396
2990194047
476555720
2985347933
2998053413
773325167871287297
770213977553047552
4874754473
3047652054
2361121173
855369620
2465437060
787432374237822977
931280858
585988043
447854508
627784163
2997431799
817417645
1568063760
211226743
202256562
2262991946
3207456845
634892475
215224614
703511639
2342101993
454706789
501084838
419778202
3300230453
2375736855
41689819
1260518365
1111625298
3888190043
245079861
715947181652451328
1001463980
1318601540
2180073286
2342894531
392934359
789130468469899264
356159314
16823683
47252494
854600858
490736218
2800443747
440966841
980929243
542372059
1319044700
3344669734
137642246
381378184
1648199708
2801772720
594802573
3233782181
115167975
325473654
745888524
439907099
490232626
2775304420
495412522
951842702
993545408
1356872376
3977951957
57466155
2719761311
219226566
345413548
375352671
18100097
1069272026
479569415
403577590
335249305
2415768917
49397445
128151527
2874742024
2390797348
481416521
454009387
2366082457
151572582
2840111003
60624922
3375604709
104919938
2929270474
585845073
199216783
401399952
469845313
1562419639
1847905999
128998224
16162692
267335558
2301111365
50657628
404232151
6138052
303139807
1107334009
609872484
103077927
3246166239
3874001362
1219888831
1227596455
3663181830
4588321522
101218055
275455208
3843650115
744984726080004096
2565072187
3047493292
403684823
541142373
4251035097
457889747
2608189724
3325251946
419112828
596821309
1601716938
3321556576
517721087
446490092
2995763703
3367479099
3191176588
4483480636
1244857718
1205333186
968509314
68943414
47170794
431736458
146798765
1320078122
4892218558
373950389
585661410
51312569
923213636
454185506
56392390
411323343
481287765
81590832
3135173073
394293884
3978799463
408118133
113728322
1435611025
202675420
194725649
626845548
376435133
2397799935
476028957
2357343035
2913888338
4320197602
2967051688
519731238
1166339754
2359063466
1960098824
81779451
3301531378
266066911
73854874
1734368941
2733334557
714047317
500583344
2590034989
194196738
2719566132
4905744514
717268101
740562673566396416
738095532166553604
921591691
426178907
2510430251
885184754
366053697
438431990
424907920
60281313
1194815508
1097904109
3033262155
2197620432
90597064
1150394972
858517812
946529088
2764203485
2197080899
1331514499
2887871913
1079226488
4045990383
408021280
2905245363
452064464
3207310307
3089580527
1062997310
291328012
419443005
47606468
954347947
3121940993
483297165
2409152520
1192340720
737351757819486208
1077801097
421319874
418762910
185274610
493878618
374002317
1316245117
745784576719589377
1054799845
498017973
466582888
736596690
1041831000
69896457
3607235297
1073360574
170769737
418301345
1282936026
2489764008
2179948113
447945408
708028845950169093
18582562
1428360464
2339382066
563773403
35214768
783659253848535040
22063717
435285639
213818443
446122798
1927224049
2830900625
88072055
2316301654
65077794
2227178944
3295966795
500963329
783319162550644736
149183666
868049126
3291727493
1885749720
422646193
2364107448
485012318
4812464489
2187901177
1251971718
917041897
86342681
191364077
482231012
2850871143
2902692352
3405224997
744828787137839104
388299949
229112968
2410604455
3306933772
1068896102
123246973
186977143
1114542462
2385396421
215187433
271879647
82138891
1322376432
474657743
4689813482
987525541
1059013326
298248825
216281928
2935219756
2397594482
83865444
1244200904
51271311
233630343
939337284
4833575914
188029214
515474269
4266384617
755743415183302658
385456063
329600452
285077023
1327684639
2267581078
88019719
238781806
778914262689480704
779236559908442112
391034680
407050794
2615476385
383888615
4894384605
314535132
614771274
128216246
1524453986
830081490
708755071861964800
4382850335
849387156
1105753646
3435148533
58201131
754269659998855168
744518687617593344
3034201259
44673590
3342653327
721466546279817217
772520766885728260
303810430
1702719008
930776294
420657944
428272958
2484303523
4824798082
1683090120
325804266
364797484
244140469
34187758
42689668
3240122307
2355249940
1081132770
716881918323765248
2871347159
422708925
212661183
29460968
2716739703
3629322863
195792208
3067642931
746691972459597824
715543732217626624
51198800
121106879
1077740636
591663175
906858110
17876752
262194160
1371698587
236139428
627351730
2233203519
1028180126
542094808
489199735
56064083
2494115132
562816605
220806987
3260329509
4892651727
900076614
249723261
377374276
337644410
4787048363
1693764404
1112122506
93209808
1156695648
4882567287
2166645995
519596424
855271164
410894122
47438785
445727059
379834490
2329940551
1388488790
3003054298
3296210343
3241670374
96364636
2804502363
2310684649
629583176
2448071614
471369382
759968227782983680
1061060934
249724130
925782877
418778432
781880762157166592
158891854
432009958
436632575
175127426
2201962850
1427398915
52362602
2366943176
3298985147
469254466
2482396225
430033517
2958883751
242399306
2385752304
149519170
1619917472
436213501
232296285
533690230
2243490855
381443107
317348328
3020323600
748416033334132736
914964973
510952881
455291448
474838004
2878408107
432779927
59564555
2663921790
17709747
1617818378
2992982729
619856478
230790398
2261701074
484133390
3018071511
1142502205
3568595656
1259041459
186755816
3001188891
721143737770971136
55556322
396691435
192886030
2169476813
3410104307
2583026273
3322548533
216654360
556978533
579867137
34445466
2153653584
3260418921
487914485
983013728
3302920433
179059785
2289972189
778883788575236096
94528769
1123071420
2301664084
2364603574
425479495
2808862264
424556261
2995826032
314839768
3298746532
888296226
708581628201844736
155300542
493235188
2776509252
407051453
77031813
487899058
1198293565
2420640549
201680143
2234825179
1277394462
447990031
709389043
3326859207
573306944
832767270
2731631416
362353528
2164878096
1148357390
500592044
79984224
2219899278
2870641254
3310777829
481267605
526606808
91843058
765933168
22901191
3349971568
3254334755
4908499649
560447930
1023807246
2904311573
708968225111937024
2730482441
96383439
2182550725
533019074
1201274174
2365653284
478835343
402670015
209249028
40353863
3027820086
3014521558
134724104
234868966
951133896
465763892
159463958
951280753
1230470216
3001145196
1447003466
834267554
4871321181
2751139073
1499706972
3225172937
14094007
2902379002
2232029869
271407710
700690132769370112
2758218200
6595562
252124868
2282472413
1013535530
428226738
216722162
2371698337
2560295545
946249914
2321258784
761997788662169605
1882975495
1384017114
411490873
1316131556
398911818
2320321929
291763976
138825055
1953446730
3143810488
1171486081
739128484937801728
497249239
1151076073
469354495
4414211859
1330005582
209080471
407816941
1432663974
2281381593
137397499
1339157467
188136909
2239964759
283932101
479028260
722437734
422665114
2164822594
457442858
1851551826
2211479198
1015907563
419094387
332346345
250825186
429144484
494827982
3387135933
420931672
32963395
467472024
309575298
993828108
379812142
777879171993337856
746008230757867520
2594797000
4104175103
97700741
473659309
229821777
1106167964
2611334140
702483762580422656
3110560259
48687119
3654961996
1068604638
417070549
786481498660626432
1310591124
1020931404
2785158801
485634584
2339402154
269425726
3654048027
889062380
3115342936
769128592299134977
3019669299
452151464
158262409
135640839
2306444410
778693643976581120
542766889
703817284
2437403432
1070320532
1426319126
489546240
94005616
93707333
1598750419
3148025625
48981619
1408430185
744453072601161728
3035060441
889582477
868595989
3082109127
544359861
1023906182
171857278
397271314
2589503250
277603295
281457720
790249160779919361
2374267118
4187702435
96563143
2189430449
2729415801
392324691
3784148609
3369517217
290669539
1621368146
476591207
3002999651
54890247
270896923
2384687890
585883841
2509485582
1719985794
365975700
214047668
719190663502426112
1337403674
4882196008
240753714
749991934165385217
455377234
1710210360
411657903
929277121
170747792
776357522
329734973
79196834
461301109
710609693
2346750207
804304134
975251790
103056844
459977317
749779490
1142895247
1853722758
1268045520
2892298719
2976609286
25105210
2978426715
1163339742
3386077780
945453433
66997607
796449951643529216
779350232052142080
1279017373
715828512
972598303
1558415174
1107010261
419544191
51167606
750717566818119680
2721276416
793166155112386560
3355724674
792731002900709376
773029583583076352
161497051
225452143
516574301
567086543
391486485
2603715699
967938882
4695730892
4418988976
428135247
4857911091
2597273655
413352483
734629633577095169
4416586894
787324511330918400
2318216051
1063032426
1124940318
2228571569
3743344103
751770688629907456
257398221
742455271
712712005287813122
3687479603
785533550393192448
400959041
3243194073
328075132
722931043578310656
781821141858091008
714739556747243520
1064367553
4603645649
2421892166
768575901516828672
2322849823
341954217
1451417796
770365997891084288
727899457145212929
398290240
464217456
1558587134
2846746942
267894166
518949245
501153654
964093010
235628934
1227754856
492081280
240401072
419862356
1638762523
2949013762
441851951
2494175436
766141202
746282182038134784
1642443505
4033699635
186388096
89668286
1344746178
1562890188
415437027
1127618904
1068801092
630961397
53659160
1274373458
701716640988270593
411304327
514592290
2334501166
261644814
2441575992
703875686218522624
2186181725
111410606
632324504
2886180345
421715120
2345773460
420533831
781169072604151809
2817088916
488844512
1012822723
1591945410
4016361339
334238732
113080051
952525316
557246302
2472634306
1359299438
591598115
312616250
66298874
3323471141
408681712
1350769627
244596457
479440108
714364362320912385
1100422622
2994083519
3305696997
966297074
387762782
628186961
258294816
575833305
1224152383
2644561737
546646837
3226537523
2245662505
1026948296
694604698771427328
2409273144
2207330516
1947835710
608149538
2710203335
491353254
3014801056
513253779
115558584
1726668865
110454337
370365879
2422714453
1475697865
2316519053
744790752
744819568909029377
490933406
970760323
355402185
491302624
744598818365255681
1361683034
26444788
1211906816
906080510
873734450
637327428
4834714805
173430456
3387206505
322070453
3164117122
233704986
448343412
424216485
2158195314
498952433
65939345
635490690
1871088685
232625504
259869205
452831702
3399351406
461190832
249099263
1698522818
49303706
724630872964665344
4853392221
514422812
1008395305
1372078580
2825259495
1908575102
192939414
3108090405
713001212535246848
765852936014626816
1040471648
3074913665
416310352
1745966046
495623215
2466256099
3309458867
343925514
1006160659
54964317
2405206161
310907747
2939619755
2719487690
43891997
4738062017
991982018
996812454
432211151
125962407
1903397372
469103936
3001276187
1735223353
70650884
445050879
3050183838
440684594
250624869
370223450
252161195
3246519603
2594391310
1465195916
3027478686
48317081
288764479
398609882
589291887
584528289
753206130365624320
14376973
1412675324
2173149525
2832177977
607333435
559883501
728897876072534016
220729165
3304830435
2356457670
123943257
621038509
740257403178999808
725291215026032640
237241091
424241865
364138262
2417474756
2221430782
488894721
358826022
724068270
899684497
1046538596
2909963555
126583546
524745118
2895666573
3127610290
397276980
537538390
614579877
337321550
1159915009
3041069908
444853905
2943808887
527710207
1867361222
151246430
120283895
72331470
95295597
2609290294
1303980487
766589504694214664
3345343780
455777345
396461139
55568482
446371601
570045852
875324551
15719088
1187728657
375517350
522228631
2199221633
487564934
2706185665
290963421
602182097
2891879657
777828215922581504
721242552469479424
238641512
1341865640
528855195
4784064865
275434452
476627549
23301182
241081077
2565231604
3324994840
721044827962523648
29411886
254402535
2348869926
518366373
91573724
14273179
4172823213
443333037
4244881703
2172743300
319620609
532920941
2402701895
400607584
4003940735
2501546732
784398647471595520
1951047476
370342943
475887245
576471812
2901676730
1408224732
594882199
425154943
1967120184
929575692
412948497
3416068515
715121732110172160
2942061736
2328829536
618138331
742469305976098817
271654618
1227286962
14203530
160213845
3139667865
3036230170
621679998
47781017
1325008650
3621950242
4570489414
312217465
460529921
568298608
2984349707
2306993641
1385518470
523613502
230319200
390978339
748536833869484032
2469049688
1474822591
2344932977
435314449
796321293452898304
415820835
2787508709
1339546009
788860282126929920
381518652
497298464
971840395
4252762821
487403439
3949073254
2817083455
923096305
229160327
516432515
941761956
704584631631409152
2473375067
125153897
3104344534
327973902
132811097
471232887
588238264
1284294343
2748283938
1048802419
335547677
131236751
781240119881760768
386154304
2987520981
2229049953
469262479
4784306960
1178495641
4734101189
436629007
462882815
968523174
386145254
2851592991
396798738
1364215868
634832081
341335638
596634369
444613355
9650902
4817441236
421098765
2265684361
440129638
1332209119
1488327588
2353082360
418798723
295088615
109251997
1338227281
3341739995
1734072200
631436852
113050066
772498157636820993
323951434
3119868942
2941902833
2721968416
360082796
1172851158
483132641
2504987971
61984934
1490029824
4076025623
341097129
366511130
2980701230
2165389231
281422377
85793150
479865593
427583657
235615214
256207484
3338378788
513080000
2881244285
1456904898
767600300
1068681522
986666611
482482833
2626177428
1026144254
2980878029
2964119115
1251629106
322490591
4924743345
850130671
819475597
2219871178
1055240222
481920011
621945762
723515103530852352
1140857102
3344602564
1602804482
497752969
1555265359
3019885198
1546218236
331223753
3017305876
344802896
1086641828
854521818
757448624
1269885642
2389687188
1585963512
28998953
4494003293
1198670976
221840484
700412768730619905
246038998
526894466
2523203476
3121661467
319718473
69743321
1260385676
2903619039
733309640
2982185843
2800353611
2163514121
871132850
1066657957
564609095
1284301519
739543389721485312
227632733
513444329
4872258489
345475530
405659403
203869937
893666054
1099126754
1413932858
330392789
728969390163677185
422951125
1227483440
2515047351
773903945391538176
347764181
453275298
2342306520
609984521
318878875
44178283
1090076990
480757316
2231585551
444063000
444668246
425931009
536451917
1073080100
500236905
3080004435
2196005464
791200692803366912
69218842
793217482316193792
554347347
2875322452
3710766262
790620156963725312
787323208752037888
3072811918
3050688682
743420210422648832
863339647
750292500364009472
560086917
2614227554
726428495413387265
2847838805
3855759741
796005053534498818
4526622501
2319258554
1563877585
456508187
743898591597559808
203717084
440739435
757917606707916804
1030566912
776144281
545063550
2716757798
747885089812525056
1672975260
1331529962
2241594340
373398962
3257187621
503366650
395216654
2828038536
475965087
204791100
760392779533053952
1041470562
425699035
2244571279
2895469174
2172017830
55251916
2244584796
3044957079
519318638
597696640
698085001380937729
140358976
2372154501
3699668423
85161350
449868302
597252435
160584970
578236348
2987000517
1647790712
433604815
2234585143
225453862
898459140
1603515306
496343408
866853126
2941965455
1706397632
1071858956
585554400
1370308218
775959412087193600
366565632
1470432672
908951064
540748776
1552494224
193093990
1071451754
2849566250
4899231777
3017823748
570178300
2918273481
23475322
168976687
280738990
213735396
991498111
1063345483
124426856
553030181
4905012609
2375003982
1702730929
3257520543
1353760267
261137184
382052171
855455774
3439290718
320405620
434857982
2250146109
714555676417265664
267714400
45540643
3029285000
2801467724
2178536571
2778824457
220858588
480257030
104430215
368338436
1168974246
129135649
607226144
590867098
4776516803
183638480
412228403
71218300
2173072229
2349319657
3406855018
1101713905
455042529
51875903
1374460555
785540126277570560
1052916824
3438570748
540740277
91652757
3310355760
256595208
2166946698
2800037465
413235901
1216009520
785104448
320246595
2338465050
223575921
255417494
9437162
79155963
4652707168
2324228217
794455102325145600
100004676
323428736
1265375377
2352132366
1288422541
433223568
1701645288
140606748
2387816981
140867097
491225607
2328604034
711879250572345344
2506571955
2983947047
957666146
82295380
1867212703
518856916
2872071959
816899671
839726317
1190590579
259778195
2333638607
776125290624016384
2979813760
250697308
487824356
3233888700
4544396435
330205544
741690938683215874
2288643866
84554070
1189817647
548335017
548701342
551690279
1228742550
2851228124
453644661
4233541725
1506815232
4273172801
489630689
220603109
2654085878
527886495
216884788
203827028
2604042187
3579613995
145702693
397593095
761818936614805504
68640468
556279234
742876376
2974517662
2479914550
132965464
428458020
17053149
3357091883
470364053
329591308
122976053
109216039
1278185288
2948848851
374168159
492310172
98212000
944269080
717022003354583040
745654987
2221874484
1667558509
795317869131268096
1037394888
255612179
1602815845
463911801
2976611614
22031608
2346832778
1210086031
16592657
434473804
482403856
776366037566623745
573049351
2809827694
115675193
3394746226
3091707250
1068878065
988029930
2358353824
1099618729
1347344792
730389738323099649
2248023058
2160731013
2791795096
701156972364701696
2685569658
256469568
489222429
2600970999
2704308742
779265942165544960
21750761
2305446516
2846982226
284220925
766703303845699585
3296304233
3386078415
10059372
503574025
847536198
2625302733
424252914
703307259607126016
526460648
2990246674
1164343506
544221226
2787787988
2664981444
2417471190
307026014
427506033
543703916
2917621780
413836005
536769582
710589026840002561
2234448710
131494824
562805089
55303604
503172196
2350743580
175315567
4016845217
170455300
1374146521
328745344
2712636045
3965043981
970255340
2938546498
418732295
750963366
164608349
221424835
430161001
4154714363
217419880
69565598
371619032
65872385
511750340
126344012
605280351
699020578955661313
536225770
3329627571
2891116426
1046168034
2174144839
50314830
711433591083941888
432031665
11080682
61141361
701513839989358592
751194313661513729
2319505332
4516116863
369725754
759129447022862340
1176687842
875347244
333441243
462069435
496477841
2323995158
545248089
1452431508
403505287
425730108
2386919816
591983888
3046930360
47880910
2247093145
910790215
309784041
712035142508945408
306318181
184018328
4647149236
194916610
382690046
200657994
2860212599
738311035
1074133262
96666156
1436270562
753178402497044480
204249074
4902671039
4915455880
2936690493
2568980217
431976775
719102022591639552
20128307
3305152361
728282841054851072
434026691
2995672642
546610139
449717780
2951425072
124162915
103809135
278156769
1079446351
597545163
2339085193
528475682
1021540020
568078380
1331730614
3405779049
637057911
2927289074
706900272
88203349
4185660388
479450086
4300612829
4878708910
972582380
789870840
4076693128
2397083955
16615233
426114352
2949242037
2535282981
1216455108
291604982
4697560933
296732220
397481743
3232694020
123983186
2787709025
325152794
585991438
2540926930
1160212783
3067687355
1067802307
1160328079
4187059228
2482442108
1015313437
414184489
1676734230
1121666197
547635512
1077110833
428304150
3261069747
98125196
61724689
709724815146545152
479653294
564876371
354808947
845878441
513116263
613870699
3945154067
1473356281
708432352
1013772607
190084519
1042739358
733743331218427904
851734538
41914935
982037941
249625261
1048883828
1394952978
381221179
91565008
2494342256
119678008
1001479656
1389805699
3640747095
2391598947
1407748796
257223860
3144494615
1737574513
2932010800
485039963
581006334
3069555215
138047421
239779690
4902884411
770500091773845504
483854366
503124705
928564856
352314354
1275456488
988701344
72042051
503847121
921116641
2322236449
327334660
2314403526
1366710674
2260378864
1083726745
2845626183
3310877290
2405656973
1962207937
461297042
189880084
802782433
2847895318
1331997001
3356662759
2780485292
3403569412
407898601
1344701089
783627340861538304
1280187702
636535351
463591267
1328664937
413060957
2182502256
2940621262
3395984483
13282462
397366465
3334095760
309554233
138850923
742259446764711936
731072461081595904
2400285224
421723841
742027791990968320
473644930
2472152787
408546766
2456227901
3318915569
1044907412
2281925530
741520828504911872
458324440
476179115
1096419438
411530100
2362415546
778089012
485985971
349553597
469502626
493174446
504524011
4783916222
476811892
707558440235888645
707643839343939584
538566780
219273566
835923896
1129269444
3252260663
93937195
3007673747
101031118
1390413402
2896572294
4762981463
819337976
406545803
761047603
2943393603
162192942
259949070
792825362329788417
912248084
1228087620
418968176
755281777
136561250
1605951806
1379962796
36176128
2792078239
394364545
2945794889
520251134
253540043
735045646005227520
305694390
2318486375
2343281118
1153870734
22609411
2245688323
164560443
527318573
59073202
1890293305
4914230231
528846336
1276570771
444612914
934053559
1555826826
135267045
2387695565
424529280
2820455714
1044233354
496028168
1346199541
1192735105
2754433686
792459889
1038122826
4243748615
1257520999
2375430686
391335702
103544109
288951786
473220410
369459091
1256994919
291902330
410210301
1071260784
4012526097
583894749
401507232
747892541400428544
2364563704
2197493125
601016936
584677870
612456796
397251469
2172522723
260186256
754403068725301249
303618346
788161916246093828
421427868
372746457
182767371
1063725882
379189837
1655253469
1372167474
533298709
249167257
3293573594
99556902
2224989113
1285999218
1966564285
80040362
1050482834
576472472
869801606
3052641775
821921425
888895441
827245560
428601367
749593867
427456064
2929390888
102099568
440737015
451705799
1876846094
890460000
304449851
1271173591
455859309
1375641666
1528759902
553556334
1367005093
342077520
4078323682
422480814
2243798055
2938273510
712710953503170560
602216944
3354137837
472301391
2298394045
1037543545
580042949
2999325983
2227588349
3073624366
157950019
545264740
435026743
267728903
721961955079102464
4534673776
398570282
793504466007973889
231967652
96327061
2854853057
1417495747
783232466156920832
3148116022
778470150336942081
2903764937
4623807201
1917473587
423011868
3102288245
778530030
482100150
1188862585
1296698486
420923031
269019138
4212260849
2895110417
410589376
2811563782
705303424951324672
2376140579
739927804427575296
2597549564
1179221580
763318811961483264
967057728
164205065
761036676
2526923119
2837751261
397897565
718895818305048576
3001456207
2897529063
1249848746
2282069041
724523436056428544
1037846899
2800847595
2921904327
2271552805
2943742474
337559945
594793423
3084719191
732013309877227523
3290361172
2837054753
4165031189
2920376271
3975122236
725592726025154562
4504836677
483352788
1007270076
2358632181
771464957124804608
426706142
420445452
3202473352
331047338
2390000516
2179652340
251094642
2355023489
740493001248673792
318379212
439454528
4189019849
196518637
2549955510
2296443458
2760592882
2467422972
2849577231
344991357
568621322
396684732
1562770316
517717792
767413359448842240
4164928408
4288995452
525770039
557943026
602712735
84554567
1226139085
1485951925
486146467
1219626002
495045767
170423526
45089842
748139485335011328
340206383
2387298926
3369644489
448070647
1565351414
720157781324656641
279367690
2537460423
2199539758
1546075458
2816273194
419474598
390754622
243797423
3007938557
234329462
474239930
2440253132
2638919492
723392517081718784
706945040149561352
781930651528392704
425182697
423308449
372178559
4871813147
995642131
24319564
134559413
47912534
781578050865627137
999474469
252604372
2167344469
134516956
1018018543
4309935400
500835651
41544005
2821597763
486653074
1566546614
912342114
30431415
710503452443615232
3131346994
418966250
3303278242
1016109914
554546400
4414252179
498666191
3080949119
292063590
187196983
615969319
421040395
2992351714
390370399
3307979603
728289066169606144
2799652340
707348966241865728
513450320
2786310392
400073548
307260980
430948614
205327727
3382770388
89271619
1668915986
216308253
2938235393
3345672868
1171904442
108061631
68361266
1001138461
448842961
1958726070
1061139054
447981049
296778555
1029226392
180519887
12918562
1642455607
3359722569
443484477
1923305407
247209095
81670783
773161248099803137
746263383473799169
3263800121
696473558990614528
738878628998582272
2749100742
4185599644
45140845
2754593563
1286897317
2394211062
2518577318
939170569
37901057
3802794617
358051613
1006432927
2400465787
550870326
439852615
733320875156606976
516922545
4842279705
417095223
732840775
527270217
16041612
2262040708
4909156781
2492674834
2939040203
719987714448355330
703674148309098496
2470644020
88725905
509356418
101060119
1414866230
338363115
130181213
538885766
2256723448
3399065008
2364035995
560546180
353134095
66006068
215686278
4863913085
427735067
792394614665801728
253207225
1280900022
745033396850692097
583617026
756480048958406656
4734022421
3049826433
273995451
3988102589
1143922956
2295167733
3007418795
395260015
275967943
218067973
42392050
760254962966364160
628772007
384214851
476791070
847497841
452855803
405658492
313390906
38693336
2382128702
514506617
426875494
94183480
801313759
483046948
857921246
1275426734
514794207
563948994
425774798
2301561164
80891401
2352343378
1179455066
2314315157
2501169637
400608432
434736878
418253203
402200260
1079592241
942291529
4883535952
328335015
467198533
2765059581
704418409723904001
3194879351
562846287
3069527349
1270664520
562901844
760849751608668160
776479770502651904
1256574842
3154530838
174718343
1424029538
708270672817082369
99964869
76345466
52063355
3295658451
505790519
3067944443
345591693
1606820196
2776015188
209177464
3136144581
469127838
2472591199
771197191
3056828201
440663402
4011901702
1715498894
2317316210
629334187
413855425
2189633884
4822018295
543377842
490744618
1511735094
2775981333
714179021110714370
600232964
4826987211
289541478
720638490766086144
4720298007
278907226
791407162790649856
2202015179
764034561814716417
68464543
721957168015126528
1251955484
732223871529668609
440152678
871931652
556357599
232132456
320725662
84887445
165814836
3014428659
22343118
404987270
412410683
717797844934082560
902101675
59422983
312615662
2660717879
4252032136
705453997981876225
3980123284
243213767
128844770
748253339469643777
4010873177
2751782307
1215433375
1920965048
2986498385
2280644179
300362067
2912985663
3514615637
743906868075053060
63800968
1330126752
4861532578
783760924649947137
516453272
33871360
1045531866
33897141
1972786862
1371970536
2660179878
2499039877
1317075626
2819591819
498576899
3317745995
1006906356
414319027
840284599
937279710
3063936611
73242287
3558401356
439357588
90124895
2310230647
925871864
426908100
2956918469
581203955
2394173556
731342369430327296
2519252925
54939844
711691056878714880
1556702114
137388733
2150341105
50373692
160471953
1235060898
711170604486029312
315140856
2247766885
474924698
403507902
1006967593
4850581731
203831509
381076830
2199283209
2307296066
976995883
228485207
14867447
471397261
249751492
2353756873
130111210
1043151836
1454502163
95106953
411428698
1156714753
705489178
738805348476260353
4755949588
3351913779
240671826
846418970
72381260
515548298
4622433142
352869389
178618972
14340947
779271293359325184
1092508782
147611968
487816917
950216629
94294891
1588777538
397402165
2800841139
2829230812
353637140
1128044090
7048432
3397077149
791269727830237184
187256895
514604251
431012446
2494635800
2941989598
2763305468
511569049
1733129954
1420323073
417866479
468746327
950796283
273051883
723484151794569216
68239562
1394732834
701359002496716800
598455937
3996258160
50607243
747062212347461636
768133193291722752
486517856
1191081025
72009402
447484344
38693247
500929319
3294159100
705849685190295552
1227493782
2445286363
1245578418
588424885
1002172878
398635221
487722575
3298343308
394814291
4765095501
2991872159
702253149189439488
408620732
719953453737492481
354314814
737734557777178624
3243222784
3164264061
580692065
785129133009494021
1039674703
1099289419
4818686225
1191157380
470039284
219712189
2725435126
387694120
739042129230614528
523200808
548276767
462914512
519495055
836055234
2270632291
469249349
1186609874
1070288839
1132416883
2813412750
3400668957
371443272
1132188114
1272944370
1114715887
1086972710
2862555916
385361791
9334812
495925655
793591515796934657
701451907441827840
401324048
3049129313
1547443927
729765741814292481
96446959
133019285
3044636879
421810729
58719148
713725818548199424
718536182846648321
462876561
574620995
847326918
1949046042
1165684578
379706636
366107110
111933671
735060410215346176
4081124067
1139838132
17674830
22708002
554179159
1927387476
531137922
1510536295
374492014
1261644342
1887780103
2879472009
2761183186
759886508220309505
392056373
419131342
551428995
384240252
292924733
141745277
631428101
458458943
1001641908
499186279
24919799
4901807531
358677461
2167782040
133032441
764215328528269313
2394411554
1034862121
216670422
267220891
1524991735
747461500546220032
4814832225
2305058365
1456556520
137921550
15532171
3150275694
2314342300
2494263560
3445295777
1200815466
421753222
2820415427
3434229274
2927207759
125321939
410040461
785924885755428866
2752943530
4229339626
828812155
491969040
2861073281
738997137820811264
2913072586
2252673458
2209268871
2843387003
223115007
432524169
521564908
747492094881726464
296528124
146366004
857730480
1696504896
1673607168
1650257054
2192692641
2927010322
775379869215625217
1382823301
2874974035
462507663
139055024
178112460
539917130
1264214780
80583467
1004193134
429301006
720198001822732289
1274289852
2986302741
2773268453
3300508887
765607412778893312
1474213489
329830899
291019658
2191221171
2576915331
42604254
2385584841
564068843
138775233
456601013
375625467
757833847572574208
1620821989
414063300
1389335053
414554793
410193975
3296744735
1371404382
29411470
441696914
1329985766
2385763608
53747091
1504710145
318331245
595613960
2791419194
1098245892
3049218455
2070321
256435935
2192778853
711229634
3293496178
2376897325
326368123
124778919
1243172797
2216026485
2430808297
794903125
2314042430
2328728342
1331997265
3012254517
1164081451
485044249
2539288132
1308112182
418877215
779648076
17063476
85670395
1437778471
2902746298
777453230318059521
364740628
761282595019689984
412183823
1319962368
3158540328
701058764850511873
302608759
2652929369
4044502341
137120635
2523613014
182737832
1010781937
553592736
3244053461
318661130
414373079
2860530848
103303397
712741795264925696
2604719213
1075851336
449632280
776040035049152512
3300846436
101000387
3003876496
702931234
95647096
838223696
4009855107
397189518
736896977749839872
754593317313216512
382265822
2724485722
2328781484
331211590
309533058
1168618789
2284024161
704746963091267584
147885727
123018601
2160445253
398595735
19036104
558842881
1201732994
1086628860
4620748593
1680904484
164592843
1064151775
484127871
264332440
405646675
4835701203
2910736343
773825985590484992
764201799217717248
495717341
249910566
4706663313
1037579658
340408011
2923831751
110123858
2340302399
128688814
1111810363
2600444834
64167037
712308565541855234
417987965
61431233
4827481564
2273249119
1275951780
389642629
342727106
935131632
422829258
2362345730
272354189
482807298
1367572112
176771140
518305107
705852831404826624
155856263
473447862
4264651871
1540545835
1697331835
17995753
492031787
1148230849
1026484628
1972832178
2472900764
2002721
464691892
49988368
36182841
33891215
1697296957
1326344736
3909974067
613452196
443987259
2692140600
1611207038
4919384266
788063079418499072
1223801485
132525437
2817371306
3372717964
1613023184
2278659026
3384958936
18250015
2610299144
2296214830
233648379
3982458934
575059060
786865600115204096
469717295
1257745957
745231964488237056
731884829642493952
4114189888
763745686982692864
1080606583
876530600
930237486
50649238
3005113455
2181771883
3927720435
1257072463
399964269
3412968784
722130030
407179725
2811584671
2367130649
84862444
1152234782
300505340
786333824431034368
3149261163
2595566549
760763901889871872
819397051
450957612
76695906
2848223301
573406649
997943606
861252402
2811388466
159412548
1180622503
736363884815212544
371865254
303172080
712625582723502080
433536879
2270460548
454914850
1170199861
326481496
1318605636
772056899814645760
392046617
771649594509791232
591871935
3323385291
2252032623
1060414374
2811397962
895869750
2358815361
118756273
200091336
101272144
356143808
267649803
3859630461
180112128
411046193
2559991101
609894475
2936119349
4909204947
292275504
402995433
379169704
1610426412
111299323
42603583
298186616
371751749
1875965089
370206198
2875156827
273629946
363616037
2279333173
1414076593
840304898
754296809883832320
4245105094
702443682126041089
538230890
50300052
16616869
999320468
276080934
774150166584500224
2524571118
1134644042
418050006
4233982072
2465918593
1911007232
781763084486488064
412514464
418142650
4584262996
500655700
326451864
4120176819
46879002
759601758
754299309236117504
501757210
3949915942
439622452
1048605840
117297806
787056705188356096
160136129
16344283
2271553504
729301866555805699
42395949
784909327387783170
767473064129028097
738613686596554752
376388605
855012044
49756590
2969224684
4290644602
416398770
4461052161
1262704657
1142959554
113981849
777093032348946432
721805202211401730
519217736
3298515478
1254788209
616372545
2393374065
53670791
910243676
47368925
1643461826
96380866
418163121
713009769
3481510162
368346254
3413676334
4877257138
158949892
508747838
408246656
500602731
444398234
3984178583
747516809323122688
232231711
746936386754912256
558051435
4902342166
60898263
2791644545
1675709983
2182969790
4883355514
1322447304
348744693
766032493
1117120286
2416029024
4181504669
752979558
860222119
116803999
792628448552509440
4513314623
579438624
62901570
46355142
397503087
4452408435
4923691078
435153058
770611373713854464
2361666815
2797939824
1039675664
396703822
2984766304
4708550595
564904778
244936627
733785341476384769
598974424
2968660427
713698855032905728
733722041585655808
1462217611
448825733
739250450541776896
1054911576
771114116035543041
1652674339
510652108
169566296
1608490903
2516234993
2207927540
83224596
634886106
1251862548
2874154983
189265027
80690245
765596494380531713
949425925
4901996812
2262555456
703776920
395381801
306921218
1259494134
996978686
2980871206
1155119443
3425678355
411841520
128811499
330574100
223549496
1006949785
793696853451743232
782111222745427969
751104484969947136
773204075303276545
80871910
105277763
77863297
407878518
4561319014
579147580
725050316849336320
2330870210
1385272040
1039429350
426206234
557520605
796309484381569024
4468274056
94300919
720897887014645760
786101538334932994
1301159155
3131027463
779255326637948928
176085681
790254593720614912
417342231
788301440733315072
379109556
3105299290
1637660911
120713042
4866946060
1868341807
904598748
39976483
949926276
234504218
2578671909
700445613842964481
274494468
1077085892
2498231275
784655540874076161
613714212
1225147400
624994930
252565001
431042454
2529482186
2933713509
2657797725
486892441
7435572
713877778681171969
1262703662
459460560
263037408
374499857
248339544
1885715875
984851042
264674074
1295567060
119178709
253667606
1057682683
857508649
194515238
492273305
891569430
747460891885604865
295284193
734404005544251392
821669178
1600397972
25660920
2324434960
597499995
1254580586
1338584736
1535003959
439268123
2237033255
83819316
4877204938
534375344
2427155309
4340881457
396237618
75249690
1015984172
220799803
1934584232
532157140
397153198
1202486570
603486900
1285373419
4157712015
425649719
451449745
66363389
4858595345
112454772
744961229853167616
4256965282
590296051
621326231
393895340
1346055018
482958648
84937377
3093504958
4452315099
2724474849
1269842413
119006593
843380563
2330094224
3852977062
414117676
1657867358
220390146
515171492
727844588459835393
440345487
1148239141
1004844222
885190620
2921663680
1039731007
706198119441174529
1033253838
391531110
991671421
484570274
1218997844
3089288838
1586673164
2754985382
735022891583016960
2203727552
500214625
421120188
132211267
1080882642
306384715
3763074677
447893897
3246308829
489501389
330260849
734976214163726336
4526794900
475836408
1119007478
2396856942
800779578
1477768746
23116138
304945509
51049489
2887806401
881890537
4860590037
2762345533
3140978387
3032760082
2458440060
2850824954
431747635
1131812641
398996708
2676171233
31882493
305673340
34556545
1036756046
755471173308276736
61419304
529255988
608217046
3444171
701762343827537920
422220675
2561421959
2222960542
40354809
540531263
309895770
332222423
2546064788
3151774115
2973163389
1063615682
3610344497
485762114
558975152
1389988651
1265550168
3633459021
184390072
418508915
733914785780236288
382133673
25851958
510450172
360485722
405430528
2301153684
2523593234
769549749833916416
8620162
915103669
2746107033
463649801
1121594502
2976177485
426498186
202974263
411614013
1369083600
167152234
436189641
1195933742
1406041933
2372863064
460085361
2821329929
701484965272416257
462177911
3558973643
2348635034
476866628
2342009888
1371763459
37512469
609075599
3228023541
1533213979
3293156833
2308536067
41334221
109361238
776082811849695232
541061131
3310442920
422625426
2767302037
700448999610970112
3342978617
3383450651
4754556873
216688489
405382064
249316723
891432866
452318028
260912864
96303460
1178041686
746789156588765184
406443794
491156990
577161255
478135592
124576769
1434279086
4853860876
394014388
4802694533
722718822134849539
718376903099432961
1622764164
2942626198
763315505910480896
233892110
488856416
2589309643
110091649
363795552
331769401
462974581
557477939
1968518298
2354818038
285045023
418546477
635689685
3334814139
55819049
417279241
461013719
1063015987
1278202914
783740711652978688
866681863
425584732
768979276804874240
483431115
70231136
756897730069405696
556169238
33672617
3079236778
132253492
492065435
436178943
358626243
1071052908
4460750969
318371203
909999054
453382829
254584528
20790972
16718357
736491984081281024
206146639
406907103
2233536302
384104103
1339067298
3720860206
1606319989
369919068
598449387
2226893086
4866444225
784661950286405632
592771212
2489675953
50292364
211153302
988229000
84033956
564160458
48461963
2478979036
93660432
3317634244
3515611696
3119564260
500145535
599219874
4316205317
4194026595
757002450
455678206
731165050883477513
589911268
90183892
224837196
2388833787
565784508
2935626166
14409745
87457267
407860171
262709701
105210939
240317733
4582495415
1370397642
1220811823
2356768939
100478960
1359704244
61776957
419122011
2393209665
503176063
517694182
590781553
2746964048
455266102
2834429895
105261167
714814345100791808
405514067
150819624
495033529
355782706
782658311812321280
278982651
440190188
1848211086
434783947
91853277
4632393442
1278345985
2407292225
1077627415
907601977
374069207
3401298100
754321990257938432
760787622235107328
120178254
2324049793
74735060
739855069110259712
484627636
1229510588
3258031089
3034313507
623160336
793572620
2534372572
1562493492
102119771
839739973
4913717650
714148965
765879972464656385
501791958
710209510263136257
54209383
3012592037
2471692167
528515428
1166480390
2414596461
574402395
3234201647
2439338175
3001315397
1879755822
3543554117
528673372
408103322
260119817
969698839
211061112
1168367756
62383022
701732204
603170028
1339960975
446106924
1474124408
4133772051
740614837647093761
337377041
213601053
452828571
727918765
3399841755
876454694
409103399
778242639783137280
2333704591
61574967
1504483819
481217655
133241974
1324221282
734421722989010948
138029709
1364981654
757361610222624768
2209323881
1239391705
444090574
1108981674
1012718378
553143096
4190295975
1033539973
263619418
255164517
2387902377
51518999
3065904687
4194094995
2260290943
545883686
297353414
82636356
2765465397
39028896
990661279
1151495287
48053946
445687226
2304435365
1362473617
27416132
458708195
2695840273
3105772210
2910818007
776352314
2997728404
385014976
1658559944
783745267707281408
557632715
2459726545
401947052
51465605
752768895031934977
993135720
859449805
2187027482
2806242466
84582608
14638233
997961833
620063798
478803640
463834585
2306080108
1227045804
3005896461
790705219688693760
417778429
2403957681
542573422
1924748329
478988094
1336235796
142088836
527467945
271518898
773775218125012992
181684989
222858054
794174439072133120
394924192
3050231175
3493531042
3420601067
475994227
414970005
2985415239
462764304
113996806
762774778767892484
2150559813
550970730
2512454838
898362882
461903387
3022753349
705631911473864710
4842510773
2517354856
587492925
2962604531
471117838
4714411054
2943709047
739038057479999489
702273345472090113
45439845
195005069
261757783
3144040683
389430038
1035183542
498240204
4371150255
2409081446
116260078
2504371264
316374588
3085902740
4218875813
2167053595
803010732
455840858
426640529
761637479141310464
495090591
3349036179
479421317
143813004
1337654743
3308720038
1039969014
2397696805
2321072358
504900046
1362033247
429981335
514237368
960709286
472170881
731863278062829569
781941488
337333658
745410799
1317107058
229298725
3307303701
70969794
469562937
3027177286
1016142582
511895027
22650622
2977709325
523133624
1278796585
434870760
4210012725
2173408514
2724148806
200971949
4031602695
301717777
200794803
2767354107
3319210179
2362964227
459441699
368929485
424535659
339805718
972003932
707978044179410944
16585163
3020685586
43957174
1454869160
502195501
338600797
3686608235
1196616440
1960528369
14099501
3394106926
397555068
2302922786
80913303
372238164
1087029078
611831585
3785335761
581167908
1001442932
914573593
16329521
436128176
1052983992
1037851609
113092215
2461474328
776366439632605185
2922539446
762396908409253888
521715693
2536585871
4076045092
443458193
1356675511
1229872982
2670574903
1377558510
731928017564512256
218093343
417275168
50232653
755313289
1719352879
2830095710
791193793051721728
114695244
3419909445
432766701
393392832
44903309
507545031
434071914
4610380588
407380746
636836854
367600267
1022731986
785554968103313408
3331482819
106548241
526710455
472463917
712933197290606592
858113870
3252748049
252628345
905847060
925137320
419630516
992998202
285047870
16182995
431796974
447383139
516624218
60672327
3089159795
2276618119
3183738556
4738886235
4840524647
529487504
4076765242
410038651
137954777
564096282
485841893
839406008
730098624907071488
416402068
411370110
4155749909
297936044
2225433889
592148376
197374715
987513386
511676243
229980245
504740393
490504850
103703823
493493351
1014946904
498096650
2983340421
445705786
3433647837
744514206360281088
144288146
1454777372
4393347915
4228521213
1066207429
176541363
2908108096
2359338077
188057072
759383486730043392
165408634
989677994
1049923886
779026892
2992145253
721195374812250112
722824948482375680
1334712547
410892254
118358954
4197183543
3433894977
1010758932
3344426679
465082146
422670896
2258424567
975895578
705069342661218305
3437307191
3419625731
342308195
3939301649
396708812
2752773988
1638122504
283215401
15692032
489606682
3093271402
835547988
398319264
488369670
753878412981374976
730751401194860544
113446660
2318444406
1248179430
1650015702
306173200
487630885
48614561
390942107
739791783111077889
1016043164
3094759553
508825719
2514568559
1467171296
1099421017
136308372
2948103358
478026574
3437777866
2939747495
293614669
1684468244
137997259
406162937
73420263
760872623538597889
528649172
182745707
2203683053
770995119185076224
985398132
716716952325066752
2575440461
423738002
2893649607
495020368
238105558
432832773
350469171
707281602351648769
436661637
2347151255
1370248890
1933585807
245989170
326774832
452021768
1062682290
490422216
1096100132
65008580
1260313345
3218386990
2301754507
478561355
98719187
3148108978
97641851
1382098238
757644822748524544
3172267571
418671782
987120272
45391969
477844374
296215921
23424732
418466059
2565896626
1142996647
78262716
2739348212
295340364
282206798
541596083
788386859072249856
3069792910
499200257
2250936137
2504047919
593719448
355905384
2703902763
1233824197
772840526840270848
3957830837
2852272811
423761628
1643119441
2177374102
4251078683
404335163
1148898289
475829005
3410081393
381958875
712042147785080832
2359562326
3367934717
35181867
363677922
267313733
751772149606744068
310216032
621016785
949291363
1531677930
397512732
237332532
887576396
604023898
3071993301
2229631676
718399714325094400
742742640341491712
247737545
898194878
2984790724
562168466
1955145548
399314100
250880308
291245199
724325815756967937
409817475
715980910118772736
101880083
355808268
434036633
2851612031
437747012
2472132872
4787684421
428507062
2456837270
4299665086
703622291746398208
68440691
735374918892806145
4833362038
4704298732
951390038
428446593
2896156791
3602290937
1269373038
3552957021
702924803
330449169
626381356
592710075
2347311747
137939617
117065803
494172683
2170527625
980318629
740965050836455424
2937411783
3568909456
307920458
713744729981263872
581185063
2166961182
1462996453
794676572263432192
1327536608
709467172
1208976072
1709547350
846308478
873129732
570992674
2340347324
762958064861507585
1010816389
61474009
220724497
3322494874
81832300
1088385948
934610184
4575887902
2349128023
429797490
2751643757
554474401
3335478268
531821962
194581478
2243856722
4228909960
4859352526
442212404
839626670
399593651
595755590
39481779
2762114060
739646939998900224
61458514
4918665993
2726112076
326079212
3318774389
3043999375
228027870
407269845
567557901
4102866201
704317090749161473
2711566290
266458661
1852088028
787902572
731569732151836672
1104029035
418786570
2882472476
457615551
748328221
482938015
47198719
621823364
1892883824
46471818
2866632290
57367213
492474319
222578228
215593566
2814514121
1183794373
171905235
767063814235942913
228189307
754423644764381184
786208274261667840
3482551995
24405108
713628144545230848
249697063
709874646305402881
354867767
724699433271758848
3147416317
403407114
713292127179026433
783983079597694976
741541393496199169
515619608
12679502
1248607890
46479124
390101976
4249515683
2247573164
1173116102
535860015
789144305264910336
3177896819
2173760019
517829387
474759809
421017807
1057961011
469363266
140500878
2611695712
286914213
204041863
2464999802
377522292
569311920
168041428
118178579
2189126966
2869334632
1580100704
4073641030
259047162
2910727479
1860383658
702175480905076736
748396519024369664
769588195977723904
142593220
1275308629
150993426
1114848306
3170255502
719945822348144640
1067868320
768854242606116864
2370990638
226641470
354816962
746108643792257025
1924350494
376745169
203768804
477678790
242461878
3387594292
2688230387
3241115409
370182507
52552781
385028903
1140565105
231750043
2609643615
1080855186
84890964
441483457
1244460240
492970032
331684462
710234922489876480
281848832
754060203868426240
478758338
768863741354053632
418688411
512987105
49551708
755917172795404288
748847098234302466
2916281104
764668857382477824
755286164731490305
2413663977
85258045
156651046
1099195932
2644978389
781520339780116480
2382424494
3087142229
285832608
416758608
325632743
1045064690
63452476
4320259347
2391532789
458515686
1002177384
254076311
702593712489172992
170962625
186472351
482042101
505051921
746031626216423424
772092626107457536
460478784
908512855
1667966527
700244333
874278259
2881013986
2886824073
4581314793
4318412477
386811424
4608384377
1598877840
497906852
1872495530
743168926893350913
877839043
724687182653480960
708930840
3298972078
1096333074
1640653410
3096894040
24530443
2767073855
410966210
1897601790
387745397
480246066
45314925
235623530
845764760
804538604
754765457459146753
546239230
74485176
763291960727760897
906165092
293511877
632332554
3088893988
1129073232
329766972
2224269363
753921440194461696
4643733641
1647573919
54232520
437419192
85827368
473274676
802130232
308042987
95385414
1344495229
740649472552775681
407747764
724361451108990976
128994567
3317075583
88873456
719146013823537152
786170636527767552
2274898827
765293676671168513
2402581961
1038389942
3314862999
3226396323
86425164
426842172
397384907
2938357835
350442512
108619787
1234080900
3303635176
616343678
354210769
74966378
708875522
1356468979
789390786991263744
446415130
2370183870
1382671670
461493236
291617943
2178149111
1952610200
2151597338
798087152806543362
479804548
536941243
2886860662
2481071487
1322452531
1697045809
1733164921
92501125
472031486
971724943
1160032458
1847744737
701864038611992576
94096311
574560605
1568383296
432030644
790164996667871233
704446219079303169
428526596
1061905068
1976578177
398134246
764136133286629377
426177940
452444300
4370394857
1427377284
995283966
3881850688
1399368217
3505336827
49060410
429743373
2293813528
328589565
137982833
2735509463
786244023837155328
950500700
4196365162
319846232
2306567981
2154774592
2407034685
63149834
776138045682806784
401358649
425366243
1150670402
1855609550
756326148527755264
83837113
755384253442121728
702071622841270272
2904244365
96964634
1704671215
166094661
1021852446
1893283914
2529236481
2743096235
770240516403462145
2428907830
2179896303
513217439
513791342
2751130101
748542289853751296
717037129042370561
212962983
407608942
410984111
471445189
3380140173
747307420276264960
1225720460
52738973
1605405253
795345196665946113
732270119167119364
2328718163
761151413330255872
181613237
778710651447353344
3432756729
783427641298808832
1305316945
1017786078
403273945
2276721335
3303841109
465823907
544952446
371698564
1354757180
147883916
2313378680
3014227258
753896468113678336
3192457810
1017498192
994626132
238817640
28182634
3408591659
1305916776
1355366514
320840126
141991012
1655302813
723463953876180993
3384471478
4201687816
2418563325
781572318090915844
2360784420
467536279
469186831
743187888205078529
3127521489
2989253800
444665671
1213959710
737966697399865344
4018507636
4361634977
753897017479458816
470977705
358962542
3006534209
73846193
778950791361167360
1198029061
919864976
1241512020
1271977076
485569820
2375820781
3447717202
53951178
758372531392901120
1235548266
2296705165
213603186
499883234
1534748126
2330252382
27855027
452272820
3379698886
3431610221
128859858
2380908872
202946046
3124581651
4898036176
1176004045
418790167
2413811529
747327834494898176
529223274
318030346
2182739120
94966761
581973855
1311177253
53374435
2444080147
538214148
2207218850
4186870516
417094749
515703114
433181204
769181018666438656
749151808682164225
2832590483
3004185915
1643542148
114200932
431600605
3001660931
2332486730
49922148
2180726666
396743688
744252966501236736
2157178129
1496349728
3050698037
3559795402
1137093510
3385597569
1635661050
4074057137
703147891506872321
768014298
96327375
17880873
33228802
242225250
1249222590
195421730
117345204
1692220926
2964939255
1055797022
305790839
289389588
2531056427
2289164481
3063412516
2325565789
1278423985
432778390
3049140719
207066712
305204306
492880987
727087787506319360
2787878581
752816796026175488
270418337
502904251
1174818342
1365032677
1365378122
1089245906
4626223881
421050354
208096106
304661441
548471081
543703413
3710949677
125570941
765190815467667456
501095818
515462112
273023163
3065317450
743218418032218112
753499324915519488
3862091481
195193212
2594958926
101752682
496229128
500915160
841214047
2316595409
435419527
254092558
1447030830
382105521
2462314591
136243366
1901541684
887115744
2466016514
578086978
2773376409
2264537521
473328375
957115429
213749961
3555967877
418174291
840165980
505803378
455756647
2376789387
78562487
2336949294
2343518160
2469782729
1616122736
1302464240
2631063233
4892570230
1009779474
567185278
123589310
85610558
396737385
500191390
715186946616725504
2375255690
371814769
700901262
3358397265
2443006233
3095355645
464473444
508008536
732141236178587648
1234070258
744458832311631872
507353180
425234585
2854413556
3404959493
2753391711
775563174477238272
1003031718
1155231451
3058354738
3094380329
3226612972
788366990956236800
442735679
2879750159
2210419316
75789796
712200530349711360
207070244
2668839155
2183863684
128311146
1726058940
4639593141
2179100758
1035974762
599969384
4842523900
888353958
3347451616
257188974
490790247
543690939
2501545436
4188287956
3137496366
2546652284
449759153
4483387102
470174685
1265161945
797064705558855680
1216186945
2898244047
3037477287
14490966
750732259108487168
725983920
3129250355
3653292675
166528519
2870408529
2506237877
3221180806
2948819674
145357840
764362441757188100
741951647723737088
1091835762
562282172
299591494
410047799
3031186661
181950730
3341072025
423537634
398345813
396535606
795323216159997952
717713995
124765553
1026241580
768175309506109440
96369798
553374200
209820549
805375471
910414488
1113905276
1275965784
602704576
864509790
2400697528
2585077275
1241451222
745995221348003840
74193544
619178676
549064750
1146148506
700592900544053248
428880267
4846861661
254704627
811424202
2367128011
788768928751349760
504980671
4033150696
1235353459
422947099
198683785
506253690
451419549
2946666304
411769941
